181 546 1413393221.306 1413393239.556
123 563 1413393218.406 1413393240.406
155 845 1413393220.006 1413393254.506
341 845 1413393229.306 1413393254.506
301 864 1413393227.306 1413393255.456
123 891 1413393218.406 1413393256.806
125 911 1413393218.506 1413393257.806
440 911 1413393234.256 1413393257.806
256 931 1413393225.056 1413393258.806
361 931 1413393230.306 1413393258.806
125 951 1413393218.506 1413393259.806
431 951 1413393233.806 1413393259.806
181 971 1413393221.306 1413393260.806
421 994 1413393233.306 1413393261.956
431 1027 1413393233.806 1413393263.606
431 1080 1413393233.806 1413393266.256
431 1100 1413393233.806 1413393267.256
421 1203 1413393233.306 1413393272.406
431 1229 1413393233.806 1413393273.706
256 1325 1413393225.056 1413393278.506
361 1345 1413393230.306 1413393279.506
236 1345 1413393224.056 1413393279.506
440 1376 1413393234.256 1413393281.056
699 1396 1413393247.206 1413393282.056
216 1396 1413393223.056 1413393282.056
699 1430 1413393247.206 1413393283.756
431 1900 1413393233.806 1413393307.256
301 1913 1413393227.306 1413393307.906
321 1924 1413393228.306 1413393308.456
275 1933 1413393226.006 1413393308.906
321 1946 1413393228.306 1413393309.556
321 1982 1413393228.306 1413393311.356
321 2006 1413393228.306 1413393312.556
321 2030 1413393228.306 1413393313.756
123 2067 1413393218.406 1413393315.606
301 2083 1413393227.306 1413393316.406
1652 2164 1413393294.856 1413393320.456
