-0.354166390 0.193176108 -0.942199159 -0.098802976 0.072947371 0.055709907 0.990864802
-0.115126738 -0.069221734 0.103899215 -0.013464197 -0.177339069 -0.071127125 0.981483826
-0.091590103 0.277694626 -0.520797392 -0.032922104 0.051131972 0.031702960 0.997645520
-0.097440728 0.348127604 -0.863604117 -0.189643159 -0.054665168 -0.031098862 0.979836756
-0.325687081 -0.153878575 0.515009418 0.016511211 -0.003882561 0.011901116 0.999785311
-0.045895634 -0.005140398 -0.809636559 0.035730240 0.065584790 -0.019328700 0.997019750
1.373647292 0.195878276 -1.002588721 -0.101014595 -0.068921070 -0.037782994 0.991775365
-0.273303118 0.236288845 -0.399642235 -0.010216077 -0.013936873 0.005478771 0.999835679
-0.736794094 0.550036916 -0.988427328 -0.146055172 0.022782758 0.000637797 0.989013859
-0.087038098 0.143810459 -0.953717383 -0.063506183 0.053601124 0.040263611 0.995727231
-0.260526358 0.187411057 -0.439450069 0.011821320 -0.002434841 0.003015502 0.999922612
-0.008030006 -0.081268415 -0.358044219 0.023593087 0.053741999 0.002341309 0.998273357