91 126 9.434 13.065
61 129 6.324 13.376
42 133 4.354 13.790
3 133 0.311 13.790
30 136 3.110 14.101
30 138 3.110 14.309
33 138 3.421 14.309
101 138 10.473 14.309
42 140 4.354 14.516
82 140 8.501 14.516
78 142 8.086 14.723
35 142 3.629 14.723
78 145 8.086 15.034
42 145 4.354 15.034
80 149 8.293 15.449
58 149 6.013 15.449
78 152 8.086 15.760
7 152 0.726 15.760
27 152 2.799 15.760
76 157 7.879 16.278
72 157 7.464 16.278
42 162 4.354 16.797
14 162 1.452 16.797
35 165 3.629 17.108
42 168 4.354 17.419
35 171 3.629 17.730
58 171 6.013 17.730
61 173 6.324 17.937
44 173 4.562 17.937
82 173 8.501 17.937
35 176 3.629 18.249
10 176 1.037 18.249
55 179 5.702 18.560
68 182 7.050 18.870
80 184 8.293 19.078
33 187 3.421 19.389
70 187 7.257 19.389
91 192 9.434 19.907
70 198 7.257 20.527
4 198 0.415 20.527
24 203 2.488 21.045
78 203 8.086 21.045
111 207 11.512 21.459
78 211 8.086 21.874
165 211 17.108 21.874
42 217 4.354 22.497
70 225 7.257 23.330
14 230 1.452 23.849
76 230 7.879 23.849
78 235 8.086 24.367
61 235 6.324 24.367
42 239 4.354 24.782
68 239 7.050 24.782
14 239 1.452 24.782
33 242 3.421 25.093
76 242 7.879 25.093
40 242 4.147 25.093
80 242 8.293 25.093
14 244 1.452 25.300
68 244 7.050 25.300
33 244 3.421 25.300
40 247 4.147 25.611
33 251 3.421 26.026
68 256 7.050 26.544
14 256 1.452 26.544
33 256 3.421 26.544
82 289 8.501 29.965
44 296 4.562 30.690
52 301 5.391 31.209
85 305 8.812 31.623
85 309 8.812 32.038
47 309 4.873 32.038
40 312 4.147 32.349
256 332 26.544 34.423
192 338 19.907 35.045
242 341 25.093 35.356
211 344 21.874 35.667
260 347 26.959 35.978
251 351 26.026 36.393
260 351 26.959 36.393
265 355 27.477 36.808
242 355 25.093 36.808
247 360 25.611 37.326
260 366 26.959 37.948
260 373 26.959 38.674
265 373 27.477 38.674
277 379 28.722 39.296
260 386 26.959 40.021
211 391 21.874 40.540
235 394 24.367 40.851
260 396 26.959 41.058
256 398 26.544 41.266
260 405 26.959 41.991
256 415 26.544 43.026
332 425 34.423 44.062
301 425 31.209 44.062
235 450 24.367 46.658
239 450 24.782 46.658
274 450 28.410 46.658
256 454 26.544 47.073
260 458 26.959 47.488
239 462 24.782 47.902
265 462 27.477 47.902
265 466 27.477 48.317
256 470 26.544 48.731
277 491 28.722 50.909
386 494 40.021 51.220
265 494 27.477 51.220
282 496 29.239 51.427
277 496 28.722 51.427
260 496 26.959 51.427
415 499 43.026 51.738
347 499 35.978 51.738
405 502 41.991 52.049
396 505 41.058 52.360
244 505 25.300 52.360
265 508 27.477 52.671
398 508 41.266 52.671
351 510 36.393 52.879
247 511 25.611 52.982
317 511 32.867 52.982
247 512 25.611 53.086
405 512 41.991 53.086
260 513 26.959 53.190
351 513 36.393 53.190
405 514 41.991 53.293
265 515 27.477 53.397
405 515 41.991 53.397
265 516 27.477 53.501
274 518 28.410 53.708
239 520 24.782 53.915
260 520 26.959 53.915
309 520 32.038 53.915
265 527 27.477 54.641
396 537 41.058 55.677
247 537 25.611 55.677
270 537 27.995 55.677
415 569 43.026 58.994
265 569 27.477 58.994
405 579 41.991 60.032
256 589 26.544 61.070
289 593 29.965 61.484
415 603 43.026 62.518
260 606 26.959 62.829
510 606 52.879 62.829
301 606 31.209 62.829
265 607 27.477 62.932
247 608 25.611 63.036
265 611 27.477 63.347
265 627 27.477 65.005
256 627 26.544 65.005
405 630 41.991 65.316
396 633 41.058 65.627
338 633 35.045 65.627
344 633 35.667 65.627
398 636 41.266 65.938
462 636 47.902 65.938
260 636 26.959 65.938
296 636 30.690 65.938
256 638 26.544 66.145
260 640 26.959 66.353
260 642 26.959 66.560
396 642 41.058 66.560
235 645 24.367 66.871
360 645 37.326 66.871
256 648 26.544 67.182
235 651 24.367 67.493
265 651 27.477 67.493
235 653 24.367 67.700
260 655 26.959 67.908
360 655 37.326 67.908
274 668 28.410 69.255
338 668 35.045 69.255
312 668 32.349 69.255
373 668 38.674 69.255
280 671 29.032 69.566
235 671 24.367 69.566
289 673 29.965 69.774
247 673 25.611 69.774
351 675 36.393 69.981
317 678 32.867 70.292
256 680 26.544 70.499
305 680 31.623 70.499
256 688 26.544 71.328
265 688 27.477 71.328
396 690 41.058 71.536
396 692 41.058 71.743
438 692 45.411 71.743
394 695 40.851 72.054
394 698 40.851 72.365
260 698 26.959 72.365
415 701 43.026 72.676
244 701 25.300 72.676
251 704 26.026 72.987
317 706 32.867 73.194
405 708 41.991 73.401
344 708 35.667 73.401
405 710 41.991 73.609
360 710 37.326 73.609
355 710 36.808 73.609
415 711 43.026 73.713
247 712 25.611 73.816
256 714 26.544 74.023
265 715 27.477 74.127
513 729 53.190 75.577
312 758 32.349 78.583
366 763 37.948 79.104
513 777 53.190 80.556
499 777 51.738 80.556
505 781 52.360 80.970
462 785 47.902 81.385
499 788 51.738 81.696
511 788 52.982 81.696
251 822 26.026 85.220
211 822 21.874 85.220
260 825 26.959 85.531
274 827 28.410 85.739
235 827 24.367 85.739
379 830 39.296 86.050
301 832 31.209 86.258
260 832 26.959 86.258
415 858 43.026 88.953
270 860 27.995 89.160
256 860 26.544 89.160
396 860 41.058 89.160
398 862 41.266 89.367
256 864 26.544 89.574
394 866 40.851 89.782
260 866 26.959 89.782
235 867 24.367 89.886
260 868 26.959 89.989
235 868 24.367 89.989
415 870 43.026 90.197
296 870 30.690 90.197
396 870 41.058 90.197
415 874 43.026 90.611
309 889 32.038 92.166
394 906 40.851 93.928
496 908 51.427 94.135
438 908 45.411 94.135
280 920 29.032 95.379
396 920 41.058 95.379
251 924 26.026 95.794
366 924 37.948 95.794
247 924 25.611 95.794
277 976 28.722 101.185
284 980 29.446 101.600
332 980 34.423 101.600
260 984 26.959 102.014
284 986 29.446 102.222
176 987 18.249 102.326
284 987 29.446 102.326
230 988 23.849 102.429
305 989 31.623 102.533
265 1008 27.477 104.502
282 1029 29.239 106.679
244 1033 25.300 107.094
260 1036 26.959 107.405
386 1049 40.021 108.753
301 1051 31.209 108.960
284 1053 29.446 109.168
198 1053 20.527 109.168
394 1055 40.851 109.375
309 1055 32.038 109.375
284 1056 29.446 109.479
225 1057 23.330 109.582
277 1058 28.722 109.686
284 1059 29.446 109.789
265 1060 27.477 109.893
296 1060 30.690 109.893
211 1061 21.874 109.997
126 1062 13.065 110.100
171 1062 17.730 110.100
305 1062 31.623 110.100
244 1062 25.300 110.100
176 1063 18.249 110.204
126 1063 13.065 110.204
211 1063 21.874 110.204
203 1064 21.045 110.308
203 1066 21.045 110.515
165 1066 17.108 110.515
277 1068 28.722 110.723
126 1068 13.065 110.723
277 1070 28.722 110.930
207 1071 21.459 111.034
305 1071 31.623 111.034
309 1073 32.038 111.242
265 1075 27.477 111.449
225 1075 23.330 111.449
265 1077 27.477 111.656
344 1079 35.667 111.864
394 1079 40.851 111.864
171 1083 17.730 112.278
265 1138 27.477 117.975
284 1142 29.446 118.390
198 1142 20.527 118.390
351 1142 36.393 118.390
1061 1191 109.997 123.472
969 1191 100.458 123.472
1109 1193 114.972 123.680
1058 1193 109.686 123.680
1041 1193 107.923 123.680
396 1276 41.058 132.290
247 1276 25.611 132.290
282 1276 29.239 132.290
256 1312 26.544 136.019
317 1312 32.867 136.019
396 1312 41.058 136.019
280 1316 29.032 136.434
265 1336 27.477 138.507
386 1336 40.021 138.507
309 1336 32.038 138.507
265 1338 27.477 138.714
391 1338 40.540 138.714
1049 1433 108.753 148.561
1063 1436 110.204 148.871
207 1513 21.459 156.851
301 1516 31.209 157.161
512 1534 53.086 159.027
1061 1536 109.997 159.235
1064 1536 110.308 159.235
1024 1536 106.161 159.235
1056 1536 109.479 159.235
1049 1538 108.753 159.442
126 1573 13.065 163.068
133 1576 13.790 163.380
136 1579 14.101 163.692
260 2483 26.959 257.394
242 2483 25.093 257.394
260 2485 26.959 257.601
260 2487 26.959 257.808
855 2705 88.641 280.411
277 2756 28.722 285.692
274 2886 28.410 299.169
244 2917 25.300 302.379
2539 2921 263.197 302.793
1573 2957 163.068 306.525
280 2962 29.032 307.043
351 2962 36.393 307.043
447 2962 46.346 307.043
2514 2962 260.606 307.043
260 2962 26.959 307.043
2452 2965 254.183 307.354
513 2969 53.190 307.769
2539 2969 263.197 307.769
2452 3055 254.183 316.684
260 3058 26.959 316.995
405 3058 41.991 316.995
2452 3062 254.183 317.410
260 3066 26.959 317.824
355 3068 36.808 318.031
398 3068 41.266 318.031
396 3070 41.058 318.238
2452 3072 254.183 318.446
2452 3074 254.183 318.653
415 3076 43.026 318.860
396 3076 41.058 318.860
405 3080 41.991 319.275
265 3084 27.477 319.690
207 3157 21.459 327.255
1564 3159 162.134 327.462
1477 3187 153.120 330.364
1493 3187 154.778 330.364
394 3239 40.851 335.753
2452 3241 254.183 335.960
2569 3241 266.307 335.960
265 3241 27.477 335.960
322 3241 33.386 335.960
415 3270 43.026 338.968
630 3329 65.316 345.080
396 3341 41.058 346.324
355 3341 36.808 346.324
265 3343 27.477 346.531
398 3345 41.266 346.739
396 3348 41.058 347.050
2452 3351 254.183 347.361
396 3352 41.058 347.464
396 3354 41.058 347.672
415 3356 43.026 347.879
265 3366 27.477 348.916
415 3366 43.026 348.916
396 3366 41.058 348.916
2452 3378 254.183 350.161
2441 3388 253.044 351.198
2447 3397 253.666 352.129
2449 3401 253.873 352.543
2450 3402 253.976 352.647
2565 3554 265.893 368.400
396 3593 41.058 372.437
3354 3596 347.672 372.748
3378 3599 350.161 373.059
3354 3605 347.672 373.681
265 3610 27.477 374.199
274 3614 28.410 374.614
280 3625 29.032 375.754
2583 3625 267.758 375.754
3366 3625 348.916 375.754
305 3627 31.623 375.961
274 3627 28.410 375.961
270 3629 27.995 376.169
405 3629 41.991 376.169
289 3631 29.965 376.376
398 3631 41.266 376.376
405 3634 41.991 376.687
265 3636 27.477 376.894
235 3638 24.367 377.101
274 3642 28.410 377.516
396 3646 41.058 377.931
415 3646 43.026 377.931
415 3649 43.026 378.242
396 3649 41.058 378.242
265 3651 27.477 378.449
2485 3651 257.601 378.449
3356 3651 347.879 378.449
396 3653 41.058 378.656
355 3653 36.808 378.656
405 3655 41.991 378.863
247 3655 25.611 378.863
3356 3657 347.879 379.071
239 3732 24.782 386.846
396 3732 41.058 386.846
3356 3760 347.879 389.748
510 3760 52.879 389.748
3354 3797 347.672 393.584
394 3802 40.851 394.101
2677 3874 277.502 401.564
3378 3889 350.161 403.118
260 3889 26.959 403.118
396 3889 41.058 403.118
2550 3891 264.338 403.326
1095 3981 113.522 412.650
394 4010 40.851 415.657
2575 4010 266.929 415.657
309 4010 32.038 415.657
514 4010 53.293 415.657
3403 4012 352.750 415.865
2490 4012 258.119 415.865
2583 4015 267.758 416.176
1573 4046 163.068 419.388
1581 4048 163.899 419.595
126 4048 13.065 419.595
2490 4098 258.119 424.776
396 4098 41.058 424.776
260 4098 26.959 424.776
203 4110 21.045 426.019
1057 4112 109.582 426.226
1569 4112 162.653 426.226
1058 4114 109.686 426.433
980 4114 101.600 426.433
1024 4116 106.161 426.640
187 4137 19.389 428.817
1569 4139 162.653 429.024
4121 4192 427.159 434.516
4096 4212 424.568 436.589
4089 4214 423.843 436.796
1057 4240 109.582 439.491
1060 4240 109.893 439.491
4159 4269 431.096 442.496
4057 4271 420.527 442.703
4075 4272 422.392 442.806
2485 4273 257.601 442.910
4108 4289 425.812 444.568
4087 4289 423.636 444.568
2965 4295 307.354 445.190
4154 4312 430.578 446.952
4085 4314 423.428 447.159
4203 4347 435.656 450.579
4161 4347 431.304 450.579
4214 4358 436.796 451.719
4244 4358 439.905 451.719
1060 4369 109.893 452.858
996 4371 103.259 453.065
1059 4371 109.789 453.065
265 4381 27.477 454.102
207 4384 21.459 454.413
260 4386 26.959 454.620
235 4388 24.367 454.828
7 4457 0.726 461.978
10 4461 1.037 462.394
14 4464 1.452 462.705
