30 82
2 84
49 84
21 86
30 88
49 90
57 94
10 94
15 98
57 101
10 104
10 106
40 109
49 111
57 114
53 116
10 119
5 121
40 124
10 126
30 128
65 131
10 131
53 133
21 136
49 139
5 141
21 143
40 146
65 146
40 148
84 148
30 150
94 153
10 156
98 156
57 158
15 161
57 161
57 164
21 164
86 166
30 169
53 171
21 173
40 176
49 179
15 179
57 182
10 185
21 187
40 189
2 192
2 195
3 198
3 200
30 203
65 203
49 206
21 208
57 211
10 213
21 215
57 217
104 220
3 220
57 222
15 222
57 224
49 226
65 228
65 230
10 230
84 232
53 234
101 236
21 236
88 236
166 239
21 239
2 263
171 267
158 270
146 272
187 272
226 272
176 274
217 274
187 277
169 277
156 280
185 283
84 283
148 286
182 289
158 291
143 291
161 309
187 309
3 315
49 318
2 318
98 320
126 323
203 326
164 326
148 329
230 329
198 332
208 334
124 334
153 336
141 336
171 339
141 342
215 345
164 360
148 360
148 362
166 364
251 401
232 405
153 405
263 405
158 408
247 408
185 408
334 454
291 456
213 458
295 458
98 461
156 461
65 465
86 465
21 468
119 468
217 478
195 482
179 488
303 495
77 495
49 524
424 542
364 545
421 548
391 551
461 551
435 553
208 567
195 571
298 586
40 593
295 612
306 616
49 616
355 619
441 632
391 632
408 632
444 632
444 647
380 647
185 658
392 658
345 658
454 727
655 754
571 754
697 754
560 770
647 772
583 788
558 788
352 806
332 806
300 838
334 841
182 841
334 844
320 844
148 848
236 851
166 854
257 889
465 911
542 911
86 936
298 936
208 965
166 968
164 972
255 976
148 976
158 978
332 978
293 978
257 978
156 980
143 980
114 980
398 986
309 991
405 1000
567 1096
593 1100
571 1100
583 1100
524 1116
556 1116
527 1119
601 1122
571 1125
583 1125
587 1128
556 1131
551 1134
585 1149
511 1149
560 1149
676 1149
524 1152
535 1167
601 1167
545 1170
571 1174
616 1178
588 1178
548 1182
524 1186
542 1186
531 1189
558 1208
567 1211
538 1211
638 1229
563 1229
505 1229
707 1229
655 1229
590 1229
578 1236
590 1262
567 1264
553 1266
521 1266
545 1269
553 1272
551 1276
542 1276
531 1279
482 1279
707 1281
601 1281
517 1285
688 1285
644 1290
586 1297
707 1297
548 1307
475 1317
551 1317
1269 1374
1128 1376
688 1516
1078 1596
1119 1596
1073 1603
1026 1609
1059 1609
1073 1609
1220 1712
1243 1714
1638 1726
1647 1728
1629 1728
1626 1731
651 1738
680 1738
1073 1795
1707 1814
1697 1899
1764 1902
1704 1978
1754 2020
1777 2024
1818 2044
1631 2104
1834 2107
1647 2225
1681 2229
1638 2233
1637 2237
1762 2237
1640 2241
1633 2425
1669 2463
1640 2463
1621 2470
1818 2545
1632 2551
1677 2556
1697 2559
1724 2562
1792 2562
1805 2566
1651 2672
1632 2672
414 2686
371 2688
411 2690
383 2690
1285 2696
1692 2744
1704 2748
1617 2748
1709 2750
1626 2752
421 2800
1643 2838
1663 2860
1672 2863
1771 2863
1632 2865
1617 2867
1631 2870
1647 2873
1681 2873
1104 2913
1269 2915
1272 2917
1096 2919
1202 2919
1164 2919
1629 2954
1704 2958
1614 3027
1695 3047
2754 3108
2768 3108
2798 3108
2765 3144
2768 3215
2759 3218
1767 3231
1742 3470
1699 3470
1073 3662
1771 3714
1651 3756
1624 3756
1709 3756
1647 3786
1687 3786
3280 3826
1640 3854
