166 377
198 386
184 386
292 513
141 526
299 538
135 557
308 563
301 591
225 600
141 614
314 614
419 614
161 624
161 631
128 641
123 651
128 657
161 661
295 667
377 676
135 688
229 688
294 688
337 756
291 756
337 762
301 762
260 768
317 768
293 775
301 775
225 775
304 780
270 780
270 783
292 786
123 789
296 793
281 793
357 793
123 799
377 805
292 815
377 826
229 839
166 851
357 856
357 858
292 859
357 859
270 860
357 861
357 865
237 865
292 870
357 870
270 883
270 891
296 898
229 898
237 903
614 1054
225 1238
815 1244
225 1368
304 1368
302 1380
386 1389
1198 1436
302 1506
1198 1506
578 1531
1170 1536
1225 1542
1170 1542
1213 1565
676 1569
1023 1637
1170 1657
1213 1713
1031 1717
631 1726
614 1733
1011 1759
641 1759
1198 1821
786 1866
1561 1866
1590 1866
657 1871
1213 1874
1213 1886
657 1886
1561 1888
1231 1888
1630 1890
123 1890
128 1892
789 1895
314 1895
377 1897
667 1897
314 1897
96 1903
789 1906
783 1926
1874 1978
1866 1982
1874 1989
1926 1989
1187 1989
1880 1996
641 2018
295 2102
1952 2104
789 2106
301 2106
1821 2106
161 2106
641 2107
304 2108
1969 2108
281 2109
292 2110
299 2110
1443 2119
1594 2119
155 2119
1982 2119
786 2121
1594 2121
1561 2123
166 2130
1409 2130
128 2136
1569 2136
1244 2136
299 2137
308 2137
292 2138
317 2139
910 2139
526 2144
1964 2144
786 2159
270 2159
304 2159
780 2160
292 2160
1551 2160
1231 2160
123 2176
198 2248
783 2267
1187 2283
2106 2285
1713 2285
1054 2286
