161 631 1413393894.056 1413393917.556
129 640 1413393892.456 1413393918.006
129 650 1413393892.456 1413393918.506
270 877 1413393899.506 1413393929.856
270 887 1413393899.506 1413393930.356
249 887 1413393898.456 1413393930.356
249 895 1413393898.456 1413393930.756
229 900 1413393897.456 1413393931.006
249 900 1413393898.456 1413393931.006
299 906 1413393900.956 1413393931.306
240 909 1413393898.006 1413393931.456
229 912 1413393897.456 1413393931.606
229 915 1413393897.456 1413393931.756
229 918 1413393897.456 1413393931.906
229 923 1413393897.456 1413393932.156
624 1048 1413393917.206 1413393938.406
612 1057 1413393916.606 1413393938.856
126 1234 1413393892.306 1413393947.706
229 1795 1413393897.456 1413393975.756
312 1806 1413393901.606 1413393976.306
317 1814 1413393901.856 1413393976.706
317 1844 1413393901.856 1413393978.206
