195 793 1403715283.012 1403715312.912
602 876 1403715303.362 1403715317.062
179 911 1403715282.212 1403715318.812
179 940 1403715282.212 1403715320.262
697 996 1403715308.112 1403715323.062
436 1015 1403715295.062 1403715324.012
745 1107 1403715310.512 1403715328.612
160 1331 1403715281.262 1403715339.812
774 1331 1403715311.962 1403715339.812
160 1391 1403715281.262 1403715342.812
349 1579 1403715290.712 1403715352.212
1141 1643 1403715330.312 1403715355.412
1107 1676 1403715328.612 1403715357.062
745 1707 1403715310.512 1403715358.612
1707 1835 1403715358.612 1403715365.012
1761 1874 1403715361.312 1403715366.962
1707 1898 1403715358.612 1403715368.162
146 1916 1403715280.562 1403715369.062
1761 1953 1403715361.312 1403715370.912
1676 1991 1403715357.062 1403715372.812
1707 2015 1403715358.612 1403715374.012
1707 2037 1403715358.612 1403715375.112
1729 2057 1403715359.712 1403715376.112
1729 2077 1403715359.712 1403715377.112
1729 2097 1403715359.712 1403715378.112
1676 2121 1403715357.062 1403715379.312
1781 2141 1403715362.312 1403715380.312
1707 2165 1403715358.612 1403715381.512
2077 2500 1403715377.112 1403715398.262
1141 2548 1403715330.312 1403715400.662
793 2548 1403715312.912 1403715400.662
462 2548 1403715296.362 1403715400.662
2015 2565 1403715374.012 1403715401.512
2077 2575 1403715377.112 1403715402.012
462 2575 1403715296.362 1403715402.012
793 2585 1403715312.912 1403715402.512
2057 2596 1403715376.112 1403715403.062
2057 2610 1403715376.112 1403715403.762
2077 2620 1403715377.112 1403715404.262
876 2620 1403715317.062 1403715404.262
2057 2627 1403715376.112 1403715404.612
2057 2637 1403715376.112 1403715405.112
2077 2645 1403715377.112 1403715405.512
1729 2655 1403715359.712 1403715406.012
1707 2668 1403715358.612 1403715406.662
2500 2668 1403715398.262 1403715406.662
2575 2681 1403715402.012 1403715407.312
2596 2689 1403715403.062 1403715407.712
2596 2693 1403715403.062 1403715407.912
2548 2696 1403715400.662 1403715408.062
2585 2697 1403715402.512 1403715408.112
1643 2698 1403715355.412 1403715408.162
2585 2699 1403715402.512 1403715408.212
1729 2700 1403715359.712 1403715408.262
1676 2701 1403715357.062 1403715408.312
1643 2702 1403715355.412 1403715408.362
1707 2703 1403715358.612 1403715408.412
1676 2704 1403715357.062 1403715408.462
2500 2706 1403715398.262 1403715408.562
1761 2706 1403715361.312 1403715408.562
2548 2708 1403715400.662 1403715408.662
940 2817 1403715320.262 1403715414.112
1245 2819 1403715335.512 1403715414.212
996 2821 1403715323.062 1403715414.312
375 2825 1403715292.012 1403715414.512
2451 2828 1403715395.812 1403715414.662
1015 2828 1403715324.012 1403715414.662
1201 2830 1403715333.312 1403715414.762
996 2831 1403715323.062 1403715414.812
940 2835 1403715320.262 1403715415.012
940 2836 1403715320.262 1403715415.062
1283 2838 1403715337.412 1403715415.162
399 2858 1403715293.212 1403715416.162
