355 488 1403715904.334 1403715910.984
379 510 1403715905.534 1403715912.084
254 1120 1403715899.284 1403715942.584
254 1149 1403715899.284 1403715944.034
336 1169 1403715903.384 1403715945.034
254 1178 1403715899.284 1403715945.484
355 1277 1403715904.334 1403715950.434
355 1281 1403715904.334 1403715950.634
363 1287 1403715904.734 1403715950.934
363 1290 1403715904.734 1403715951.084
363 1318 1403715904.734 1403715952.484
403 1452 1403715906.734 1403715959.184
406 1475 1403715906.884 1403715960.334
406 1485 1403715906.884 1403715960.834
434 1574 1403715908.284 1403715965.284
434 1592 1403715908.284 1403715966.184
449 1772 1403715909.034 1403715975.184
464 1940 1403715909.784 1403715983.584
1837 1947 1403715978.434 1403715983.934
1178 1947 1403715945.484 1403715983.934
1837 1950 1403715978.434 1403715984.084
1860 1971 1403715979.584 1403715985.134
