300 379 1403715901.584 1403715905.534
186 390 1403715895.884 1403715906.084
336 400 1403715903.384 1403715906.584
355 488 1403715904.334 1403715910.984
363 494 1403715904.734 1403715911.284
363 497 1403715904.734 1403715911.434
363 500 1403715904.734 1403715911.584
379 510 1403715905.534 1403715912.084
231 626 1403715898.134 1403715917.884
372 640 1403715905.184 1403715918.584
390 736 1403715906.084 1403715923.384
406 758 1403715906.884 1403715924.484
372 767 1403715905.184 1403715924.934
403 773 1403715906.734 1403715925.234
390 778 1403715906.084 1403715925.484
372 782 1403715905.184 1403715925.684
406 782 1403715906.884 1403715925.684
390 785 1403715906.084 1403715925.834
363 788 1403715904.734 1403715925.984
363 790 1403715904.734 1403715926.084
363 791 1403715904.734 1403715926.134
363 792 1403715904.734 1403715926.184
363 793 1403715904.734 1403715926.234
355 795 1403715904.334 1403715926.334
355 796 1403715904.334 1403715926.384
169 800 1403715895.034 1403715926.584
254 807 1403715899.284 1403715926.934
254 817 1403715899.284 1403715927.434
285 1092 1403715900.834 1403715941.184
318 1096 1403715902.484 1403715941.384
254 1120 1403715899.284 1403715942.584
254 1149 1403715899.284 1403715944.034
336 1169 1403715903.384 1403715945.034
254 1178 1403715899.284 1403715945.484
355 1200 1403715904.334 1403715946.584
355 1208 1403715904.334 1403715946.984
243 1231 1403715898.734 1403715948.134
363 1252 1403715904.734 1403715949.184
169 1268 1403715895.034 1403715949.984
355 1277 1403715904.334 1403715950.434
355 1281 1403715904.334 1403715950.634
363 1287 1403715904.734 1403715950.934
363 1290 1403715904.734 1403715951.084
81 1296 1403715890.634 1403715951.384
141 1306 1403715893.634 1403715951.884
133 1310 1403715893.234 1403715952.084
390 1310 1403715906.084 1403715952.084
133 1313 1403715893.234 1403715952.234
390 1313 1403715906.084 1403715952.234
363 1318 1403715904.734 1403715952.484
372 1325 1403715905.184 1403715952.834
403 1452 1403715906.734 1403715959.184
409 1458 1403715907.034 1403715959.484
406 1475 1403715906.884 1403715960.334
406 1485 1403715906.884 1403715960.834
419 1492 1403715907.534 1403715961.184
419 1534 1403715907.534 1403715963.284
434 1574 1403715908.284 1403715965.284
434 1592 1403715908.284 1403715966.184
434 1624 1403715908.284 1403715967.784
441 1635 1403715908.634 1403715968.334
434 1649 1403715908.284 1403715969.034
419 1653 1403715907.534 1403715969.234
449 1772 1403715909.034 1403715975.184
464 1940 1403715909.784 1403715983.584
1837 1947 1403715978.434 1403715983.934
1178 1947 1403715945.484 1403715983.934
1837 1950 1403715978.434 1403715984.084
1178 1958 1403715945.484 1403715984.484
1860 1971 1403715979.584 1403715985.134
1290 1971 1403715951.084 1403715985.134
1290 1975 1403715951.084 1403715985.334
81 2078 1403715890.634 1403715990.484
141 2079 1403715893.634 1403715990.534
126 2080 1403715892.884 1403715990.584
141 2081 1403715893.634 1403715990.634
141 2082 1403715893.634 1403715990.684
126 2083 1403715892.884 1403715990.734
81 2088 1403715890.634 1403715990.984
133 2089 1403715893.234 1403715991.034
133 2098 1403715893.234 1403715991.484
81 2099 1403715890.634 1403715991.534
81 2104 1403715890.634 1403715991.784
