19 102 1.972 10.602
11 104 1.142 10.810
11 106 1.142 11.018
11 108 1.142 11.225
29 111 3.008 11.537
29 118 3.008 12.266
29 127 3.008 13.204
11 136 1.142 14.144
37 142 3.838 14.769
99 146 10.290 15.185
65 152 6.755 15.807
49 176 5.089 18.299
136 180 14.144 18.714
29 180 3.008 18.714
69 184 7.171 19.129
19 188 1.972 19.545
99 188 10.290 19.545
79 193 8.211 20.064
127 193 13.204 20.064
61 193 6.339 20.064
29 197 3.008 20.480
127 197 13.204 20.480
94 197 9.770 20.480
111 199 11.537 20.688
102 203 10.602 21.103
19 207 1.972 21.519
61 207 6.339 21.519
10 212 1.038 22.039
19 217 1.972 22.558
42 217 4.359 22.558
104 217 10.810 22.558
29 221 3.008 22.974
111 224 11.537 23.286
19 224 1.972 23.286
73 227 7.587 23.598
46 230 4.776 23.909
104 230 10.810 23.909
127 233 13.204 24.221
79 236 8.211 24.533
73 240 7.587 24.949
61 245 6.339 25.468
29 250 3.008 25.987
111 250 11.537 25.987
29 254 3.008 26.403
136 254 14.144 26.403
106 254 11.018 26.403
10 254 1.038 26.403
49 258 5.089 26.819
142 263 14.769 27.339
79 263 8.211 27.339
88 263 9.147 27.339
73 268 7.587 27.858
158 268 16.430 27.858
108 273 11.225 28.378
69 277 7.171 28.794
79 277 8.211 28.794
49 277 5.089 28.794
46 281 4.776 29.209
11 286 1.142 29.729
49 296 5.089 30.768
29 308 3.008 32.013
108 320 11.225 33.258
29 394 3.008 40.950
37 398 3.838 41.366
99 401 10.290 41.677
230 430 23.909 44.688
193 432 20.064 44.896
142 432 14.769 44.896
203 435 21.103 45.207
42 435 4.359 45.207
19 469 1.972 48.735
221 489 22.974 50.817
217 494 22.558 51.338
296 499 30.768 51.859
19 511 1.972 53.107
127 514 13.204 53.419
426 533 44.273 55.394
405 533 42.093 55.394
88 540 9.147 56.122
73 541 7.587 56.226
108 541 11.225 56.226
111 549 11.537 57.060
61 549 6.339 57.060
320 555 33.258 57.683
450 558 46.765 57.995
104 624 10.810 64.848
212 625 22.039 64.952
127 627 13.204 65.160
197 629 20.480 65.367
79 629 8.211 65.367
46 633 4.776 65.783
106 760 11.018 78.985
29 773 3.008 80.340
29 776 3.008 80.653
49 776 5.089 80.653
46 779 4.776 80.966
610 798 63.392 82.942
507 798 52.691 82.942
622 798 64.640 82.942
562 802 58.409 83.358
624 805 64.848 83.670
642 845 66.719 87.824
203 899 21.103 93.432
49 909 5.089 94.469
102 909 10.602 94.469
878 943 91.252 98.008
840 943 87.304 98.008
837 947 86.993 98.424
873 947 90.732 98.424
822 952 85.435 98.944
787 956 81.798 99.360
184 971 19.129 100.920
203 971 21.103 100.920
240 971 24.949 100.920
10 1065 1.038 110.692
