212 352 1403715534.512 1403715541.512
99 364 1403715528.862 1403715542.112
364 484 1403715542.112 1403715548.112
238 488 1403715535.812 1403715548.312
364 488 1403715542.112 1403715548.312
314 508 1403715539.612 1403715549.312
238 528 1403715535.812 1403715550.312
445 541 1403715546.162 1403715550.962
445 549 1403715546.162 1403715551.362
339 705 1403715540.862 1403715559.162
445 725 1403715546.162 1403715560.162
685 809 1403715558.162 1403715564.362
749 809 1403715561.362 1403715564.362
597 816 1403715553.762 1403715564.712
637 833 1403715555.762 1403715565.562
603 840 1403715554.062 1403715565.912
685 847 1403715558.162 1403715566.262
591 859 1403715553.462 1403715566.862
591 861 1403715553.462 1403715566.962
591 865 1403715553.462 1403715567.162
578 875 1403715552.812 1403715567.662
578 883 1403715552.812 1403715568.062
809 932 1403715564.362 1403715570.512
809 935 1403715564.362 1403715570.662
840 1010 1403715565.912 1403715574.412
685 1057 1403715558.162 1403715576.762
859 1093 1403715566.862 1403715578.562
847 1096 1403715566.262 1403715578.712
480 1099 1403715547.912 1403715578.862
477 1105 1403715547.762 1403715579.162
477 1108 1403715547.762 1403715579.312
480 1110 1403715547.912 1403715579.412
847 1112 1403715566.262 1403715579.512
847 1123 1403715566.262 1403715580.062
847 1131 1403715566.262 1403715580.462
847 1283 1403715566.262 1403715588.062
840 1289 1403715565.912 1403715588.362
847 1292 1403715566.262 1403715588.512
833 1298 1403715565.562 1403715588.812
541 1306 1403715550.962 1403715589.212
847 1306 1403715566.262 1403715589.212
847 1368 1403715566.262 1403715592.312
151 1368 1403715531.462 1403715592.312
749 1422 1403715561.362 1403715595.012
749 1431 1403715561.362 1403715595.462
339 1436 1403715540.862 1403715595.712
238 1443 1403715535.812 1403715596.062
339 1457 1403715540.862 1403715596.762
799 1471 1403715563.862 1403715597.462
364 1636 1403715542.112 1403715605.712
1306 1653 1403715589.212 1403715606.562
1093 1655 1403715578.562 1403715606.662
