243 474 1403715898.734 1403715910.284
390 646 1403715906.084 1403715918.884
184 701 1403715895.784 1403715921.634
300 713 1403715901.584 1403715922.234
523 793 1403715912.734 1403715926.234
701 795 1403715921.634 1403715926.334
701 796 1403715921.634 1403715926.384
713 800 1403715922.234 1403715926.584
452 1096 1403715909.184 1403715941.384
273 1096 1403715900.234 1403715941.384
452 1123 1403715909.184 1403715942.734
255 1123 1403715899.334 1403715942.734
255 1149 1403715899.334 1403715944.034
724 1265 1403715922.784 1403715949.834
724 1276 1403715922.784 1403715950.384
364 1363 1403715904.784 1403715954.734
1287 1363 1403715950.934 1403715954.734
1311 1377 1403715952.134 1403715955.434
1314 1391 1403715952.284 1403715956.134
533 1402 1403715913.234 1403715956.684
561 1414 1403715914.634 1403715957.284
561 1419 1403715914.634 1403715957.534
1402 1422 1403715956.684 1403715957.684
561 1422 1403715914.634 1403715957.684
771 1422 1403715925.134 1403715957.684
598 1429 1403715916.484 1403715958.034
540 1436 1403715913.584 1403715958.384
533 1440 1403715913.234 1403715958.584
403 1452 1403715906.734 1403715959.184
409 1458 1403715907.034 1403715959.484
407 1475 1403715906.934 1403715960.334
409 1486 1403715907.034 1403715960.884
407 1493 1403715906.934 1403715961.234
390 1503 1403715906.084 1403715961.734
433 1649 1403715908.234 1403715969.034
420 1659 1403715907.584 1403715969.534
433 1673 1403715908.234 1403715970.234
452 1818 1403715909.184 1403715977.484
1178 1947 1403715945.484 1403715983.934
1287 1970 1403715950.934 1403715985.084
1253 1971 1403715949.234 1403715985.134
1287 1971 1403715950.934 1403715985.134
1287 1976 1403715950.934 1403715985.384
220 1982 1403715897.584 1403715985.684
220 1997 1403715897.584 1403715986.434
285 2085 1403715900.834 1403715990.834
1328 2088 1403715952.984 1403715990.984
1328 2089 1403715952.984 1403715991.034
1322 2090 1403715952.684 1403715991.084
1328 2091 1403715952.984 1403715991.134
1452 2104 1403715959.184 1403715991.784
1715 2104 1403715972.334 1403715991.784
1911 2122 1403715982.134 1403715992.684
