243 474 1403715898.734 1403715910.284
452 1123 1403715909.184 1403715942.734
255 1123 1403715899.334 1403715942.734
255 1149 1403715899.334 1403715944.034
1311 1377 1403715952.134 1403715955.434
1314 1391 1403715952.284 1403715956.134
533 1402 1403715913.234 1403715956.684
561 1419 1403715914.634 1403715957.534
540 1436 1403715913.584 1403715958.384
403 1452 1403715906.734 1403715959.184
407 1475 1403715906.934 1403715960.334
409 1486 1403715907.034 1403715960.884
452 1818 1403715909.184 1403715977.484
1178 1947 1403715945.484 1403715983.934
1287 1976 1403715950.934 1403715985.384
220 1982 1403715897.584 1403715985.684
220 1997 1403715897.584 1403715986.434
