-0.357941612 -0.006282430 -1.621734167 -0.001949400 0.028657681 -0.006094015 0.999568805
0.064134028 0.009119244 -0.460252259 -0.003717614 0.001540379 0.002581443 0.999988567
0.284175976 0.022306638 0.288828065 0.003179175 0.002519773 0.004196364 0.999982964
-0.227129514 0.007265104 0.880401059 0.000095550 0.033317285 -0.000715500 0.999444567
0.035345186 0.009406147 -0.288905321 -0.003875199 0.002677544 0.003795733 0.999981707
0.127591516 -0.036297572 0.755303316 -0.000803409 0.008865176 0.010056778 0.999909804
-0.394637099 0.011381388 -0.505825558 -0.000801821 0.041644811 -0.004566223 0.999121725
0.037720100 0.042984850 -0.343331114 -0.003325054 0.002733686 0.004377763 0.999981157
0.342969701 0.008093759 -0.301368312 0.000936990 0.004598720 0.002366800 0.999986189
-0.238764922 0.000279709 -0.302686112 -0.000860599 0.027501255 -0.002261407 0.999618832
-0.098566604 -0.008876995 -1.753450880 -0.005595535 -0.071271026 -0.005725880 0.997424855
0.179753119 -0.007244956 0.319525094 0.001267108 0.002764664 0.006998285 0.999970882
-0.214247407 0.002495174 0.387009258 -0.000592944 0.027800711 -0.001550461 0.999612100
0.079389499 0.016700582 -0.331804734 -0.003593338 0.002297162 0.002553361 0.999987644
0.253125516 -0.009211680 1.067931065 0.002533359 -0.000270360 0.004216812 0.999987868