67 182 6.983 18.965
90 182 9.378 18.965
39 187 4.065 19.486
100 191 10.420 19.903
67 191 6.983 19.903
5 191 0.521 19.903
13 194 1.355 20.216
103 194 10.732 20.216
64 199 6.670 20.737
61 204 6.358 21.258
109 207 11.358 21.571
18 207 1.877 21.571
73 211 7.608 21.989
67 217 6.983 22.614
117 217 12.193 22.614
84 217 8.754 22.614
70 223 7.295 23.240
90 223 9.378 23.240
81 228 8.441 23.761
81 232 8.441 24.178
64 232 6.670 24.178
64 235 6.670 24.490
109 235 11.358 24.490
43 235 4.482 24.490
117 237 12.193 24.699
100 239 10.420 24.907
79 239 8.233 24.907
28 239 2.919 24.907
117 240 12.193 25.012
67 240 6.983 25.012
46 240 4.795 25.012
103 240 10.732 25.012
28 241 2.919 25.116
58 241 6.045 25.116
61 244 6.358 25.429
39 244 4.065 25.429
73 247 7.608 25.741
100 252 10.420 26.263
18 256 1.877 26.680
54 256 5.628 26.680
36 259 3.753 26.992
73 259 7.608 26.992
61 262 6.358 27.305
58 264 6.045 27.514
61 266 6.358 27.722
128 266 13.342 27.722
64 268 6.670 27.931
117 268 12.193 27.931
70 271 7.295 28.243
61 274 6.358 28.556
98 278 10.212 28.973
23 278 2.398 28.973
64 278 6.670 28.973
95 283 9.899 29.495
58 283 6.045 29.495
67 288 6.983 30.016
73 293 7.608 30.537
64 297 6.670 30.954
76 302 7.920 31.475
76 307 7.920 31.997
67 311 6.983 32.414
145 342 15.116 35.644
240 350 25.012 36.477
177 356 18.444 37.103
228 356 23.761 37.103
204 356 21.258 37.103
182 360 18.965 37.521
204 363 21.258 37.834
187 363 19.486 37.834
199 365 20.737 38.043
177 365 18.444 38.043
244 367 25.429 38.252
160 367 16.675 38.252
271 369 28.243 38.460
163 371 16.986 38.669
191 374 19.903 38.981
259 377 26.992 39.294
194 381 20.216 39.711
252 384 26.263 40.024
194 386 20.216 40.232
166 389 17.299 40.545
172 389 17.923 40.545
138 389 14.386 40.545
241 391 25.116 40.754
256 393 26.680 40.962
297 396 30.954 41.275
268 396 27.931 41.275
182 444 18.965 46.271
307 466 31.997 48.568
278 468 28.973 48.776
177 468 18.444 48.776
160 468 16.675 48.776
262 468 27.305 48.776
271 470 28.243 48.985
156 472 16.260 49.193
256 472 26.680 49.193
283 472 29.495 49.193
138 474 14.386 49.408
223 476 23.240 49.610
156 479 16.260 49.923
311 479 32.414 49.923
400 481 41.691 50.131
320 538 33.353 56.066
386 538 40.232 56.066
315 554 32.832 57.737
293 554 30.537 57.737
350 554 36.477 57.737
311 559 32.414 58.258
374 564 38.981 58.780
444 567 46.271 59.094
163 581 16.986 60.555
479 598 49.923 62.326
527 601 54.921 62.638
288 615 30.016 64.098
151 617 15.740 64.306
283 620 29.495 64.620
163 624 16.986 65.036
259 627 26.992 65.349
262 631 27.305 65.766
160 635 16.675 66.182
288 635 30.016 66.182
160 645 16.675 67.225
151 648 15.740 67.537
191 648 19.903 67.537
151 651 15.740 67.850
151 654 15.740 68.163
259 670 26.992 69.830
151 670 15.740 69.830
266 709 27.722 73.893
145 709 15.116 73.893
293 709 30.537 73.893
268 712 27.931 74.206
156 715 16.260 74.518
288 718 30.016 74.831
166 718 17.299 74.831
315 721 32.832 75.143
297 749 30.954 78.060
288 752 30.016 78.373
360 754 37.521 78.581
430 759 44.814 79.103
84 763 8.754 79.521
342 770 35.644 80.250
307 770 31.997 80.250
256 773 26.680 80.563
138 889 14.386 92.654
223 900 23.240 93.803
601 963 62.638 100.360
712 963 74.206 100.360
613 966 63.890 100.672
613 969 63.890 100.985
651 1018 67.850 106.090
613 1052 63.890 109.631
718 1082 74.831 112.755
673 1085 70.142 113.068
752 1088 78.373 113.380
661 1091 68.892 113.693
766 1094 79.833 114.005
673 1094 70.142 114.005
701 1094 73.060 114.005
627 1096 65.349 114.214
645 1099 67.225 114.526
615 1103 64.098 114.943
770 1103 80.250 114.943
315 1128 32.832 117.546
538 1153 56.066 120.150
627 1154 65.349 120.255
598 1154 62.326 120.255
476 1154 49.610 120.255
661 1179 68.892 122.861
645 1183 67.225 123.278
715 1183 74.518 123.278
673 1188 70.142 123.799
654 1188 68.163 123.799
696 1188 72.539 123.799
1157 1262 120.567 131.510
648 1282 67.537 133.594
564 1320 58.780 137.556
567 1325 59.094 138.076
570 1328 59.408 138.388
631 1636 65.766 170.476
606 1636 63.160 170.476
661 1657 68.892 172.663
679 1660 70.768 172.975
576 1660 60.034 172.975
1250 1689 130.261 175.995
617 1699 64.306 177.036
635 1702 66.182 177.349
709 1702 73.893 177.349
670 1706 69.830 177.765
624 1706 65.036 177.765
573 1706 59.721 177.765
631 1709 65.766 178.077
657 1735 68.475 180.784
754 1735 78.581 180.784
617 1735 64.306 180.784
705 1738 73.476 181.097
661 1738 68.892 181.097
1568 1738 163.391 181.097
1325 1738 138.076 181.097
667 1741 69.517 181.409
670 1743 69.830 181.618
1510 1745 157.346 181.826
661 1746 68.892 181.930
1589 1748 165.579 182.138
620 1750 64.620 182.346
673 1750 70.142 182.346
1616 1752 168.392 182.554
831 1753 86.609 182.658
1491 1755 155.365 182.866
609 1758 63.472 183.179
554 1762 57.737 183.596
709 1762 73.893 183.596
1434 1762 149.430 183.596
620 1766 64.620 184.013
586 1769 61.076 184.326
925 1773 96.405 184.743
638 1851 66.495 192.866
645 1875 67.225 195.369
664 1875 69.205 195.369
643 1878 67.018 195.682
611 1881 63.681 195.994
721 1889 75.143 196.828
595 1891 62.013 197.036
627 1925 65.349 200.577
324 1936 33.769 201.723
259 1936 26.992 201.723
1230 1960 128.180 204.223
1188 1972 123.799 205.474
160 1974 16.675 205.682
1270 1991 132.342 207.450
1242 1995 129.429 207.866
1299 1998 135.369 208.178
1258 2002 131.093 208.594
1972 2051 205.474 213.697
1948 2051 202.973 213.697
1881 2051 195.994 213.697
1950 2063 203.181 214.946
1203 2090 125.365 217.756
1203 2099 125.365 218.693
1230 2099 128.180 218.693
1667 2137 173.704 222.654
696 2186 72.539 227.755
1632 2189 170.059 228.067
1699 2192 177.036 228.379
692 2205 72.122 229.733
576 2205 60.034 229.733
2099 2246 218.693 234.001
2026 2250 211.094 234.417
2039 2250 212.448 234.417
2158 2250 224.842 234.417
1230 2294 128.180 238.996
36 2439 3.753 254.099
1616 2638 168.392 274.828
1748 2640 182.138 275.037
1923 2655 200.369 276.601
1960 2655 204.223 276.601
1933 2655 201.411 276.601
576 2674 60.034 278.580
595 2674 62.013 278.580
631 2676 65.766 278.788
648 2676 67.537 278.788
615 2678 64.098 278.996
651 2678 67.850 278.996
595 2717 62.013 283.060
752 2720 78.373 283.372
