161 631 1413393894.056 1413393917.556
128 641 1413393892.406 1413393918.056
128 652 1413393892.406 1413393918.606
297 885 1413393900.856 1413393930.256
270 885 1413393899.506 1413393930.256
296 892 1413393900.806 1413393930.606
299 897 1413393900.956 1413393930.856
231 897 1413393897.556 1413393930.856
299 902 1413393900.956 1413393931.106
298 902 1413393900.906 1413393931.106
298 906 1413393900.906 1413393931.306
299 906 1413393900.956 1413393931.306
325 909 1413393902.256 1413393931.456
165 1183 1413393894.256 1413393945.156
165 1187 1413393894.256 1413393945.356
100 1198 1413393891.006 1413393945.906
123 1214 1413393892.156 1413393946.706
99 1227 1413393890.956 1413393947.356
