199 280 1413393895.956 1413393900.006
123 400 1413393892.156 1413393906.006
100 417 1413393891.006 1413393906.856
113 426 1413393891.656 1413393907.306
161 440 1413393894.056 1413393908.006
123 457 1413393892.156 1413393908.856
307 477 1413393901.356 1413393909.856
99 477 1413393890.956 1413393909.856
225 503 1413393897.256 1413393911.156
284 513 1413393900.206 1413393911.656
146 526 1413393893.306 1413393912.306
199 526 1413393895.956 1413393912.306
295 540 1413393900.756 1413393913.006
277 540 1413393899.856 1413393913.006
135 557 1413393892.756 1413393913.856
165 564 1413393894.256 1413393914.206
300 591 1413393901.006 1413393915.556
135 598 1413393892.756 1413393915.906
284 598 1413393900.206 1413393915.906
146 614 1413393893.306 1413393916.706
307 614 1413393901.356 1413393916.706
161 624 1413393894.056 1413393917.206
161 631 1413393894.056 1413393917.556
128 641 1413393892.406 1413393918.056
128 652 1413393892.406 1413393918.606
231 688 1413393897.556 1413393920.406
123 698 1413393892.156 1413393920.906
299 698 1413393900.956 1413393920.906
307 763 1413393901.356 1413393924.156
240 770 1413393898.006 1413393924.506
299 778 1413393900.956 1413393924.906
231 778 1413393897.556 1413393924.906
304 782 1413393901.206 1413393925.106
270 782 1413393899.506 1413393925.106
270 785 1413393899.506 1413393925.256
292 785 1413393900.606 1413393925.256
297 785 1413393900.856 1413393925.256
295 788 1413393900.756 1413393925.406
365 792 1413393904.256 1413393925.606
284 792 1413393900.206 1413393925.606
161 792 1413393894.056 1413393925.606
302 798 1413393901.106 1413393925.906
365 798 1413393904.256 1413393925.906
365 805 1413393904.256 1413393926.256
266 813 1413393899.306 1413393926.656
379 823 1413393904.956 1413393927.156
231 823 1413393897.556 1413393927.156
292 831 1413393900.606 1413393927.556
123 842 1413393892.156 1413393928.106
99 852 1413393890.956 1413393928.606
365 852 1413393904.256 1413393928.606
365 856 1413393904.256 1413393928.806
365 857 1413393904.256 1413393928.856
345 858 1413393903.256 1413393928.906
292 859 1413393900.606 1413393928.956
123 859 1413393892.156 1413393928.956
345 859 1413393903.256 1413393928.956
388 860 1413393905.406 1413393929.006
297 885 1413393900.856 1413393930.256
270 885 1413393899.506 1413393930.256
296 892 1413393900.806 1413393930.606
299 897 1413393900.956 1413393930.856
231 897 1413393897.556 1413393930.856
299 902 1413393900.956 1413393931.106
298 902 1413393900.906 1413393931.106
298 906 1413393900.906 1413393931.306
299 906 1413393900.956 1413393931.306
325 909 1413393902.256 1413393931.456
161 1170 1413393894.056 1413393944.506
165 1183 1413393894.256 1413393945.156
165 1187 1413393894.256 1413393945.356
100 1198 1413393891.006 1413393945.906
123 1214 1413393892.156 1413393946.706
99 1227 1413393890.956 1413393947.356
293 1446 1413393900.656 1413393958.306
1382 1446 1413393955.106 1413393958.306
1382 1468 1413393955.106 1413393959.406
1187 1499 1413393945.356 1413393960.956
892 1542 1413393930.606 1413393963.106
1392 1542 1413393955.606 1413393963.106
298 1548 1413393900.906 1413393963.406
270 1553 1413393899.506 1413393963.656
379 1560 1413393904.956 1413393964.006
842 1569 1413393928.106 1413393964.456
770 1574 1413393924.506 1413393964.706
915 1579 1413393931.756 1413393964.956
1198 1586 1413393945.906 1413393965.306
1542 1586 1413393963.106 1413393965.306
1553 1590 1413393963.656 1413393965.506
624 1594 1413393917.206 1413393965.706
426 1618 1413393907.306 1413393966.906
1187 1618 1413393945.356 1413393966.906
1499 1618 1413393960.956 1413393966.906
1170 1618 1413393944.506 1413393966.906
1077 1625 1413393939.856 1413393967.256
1121 1633 1413393942.056 1413393967.656
1536 1633 1413393962.806 1413393967.656
624 1633 1413393917.206 1413393967.656
503 1646 1413393911.156 1413393968.306
1170 1646 1413393944.506 1413393968.306
1077 1646 1413393939.856 1413393968.306
123 1713 1413393892.156 1413393971.656
161 1717 1413393894.056 1413393971.856
165 1727 1413393894.256 1413393972.356
123 1734 1413393892.156 1413393972.706
631 1747 1413393917.556 1413393973.356
614 1747 1413393916.706 1413393973.356
614 1751 1413393916.706 1413393973.556
161 1755 1413393894.056 1413393973.756
100 1755 1413393891.006 1413393973.756
199 1758 1413393895.956 1413393973.906
1214 1758 1413393946.706 1413393973.906
155 1758 1413393893.756 1413393973.906
1183 1763 1413393945.156 1413393974.156
1548 1793 1413393963.406 1413393975.656
99 1793 1413393890.956 1413393975.656
1077 1793 1413393939.856 1413393975.656
165 1798 1413393894.256 1413393975.906
1214 1805 1413393946.706 1413393976.256
1170 1813 1413393944.506 1413393976.656
1170 1845 1413393944.506 1413393978.256
652 1845 1413393918.606 1413393978.256
128 1855 1413393892.406 1413393978.756
915 1862 1413393931.756 1413393979.106
146 1862 1413393893.306 1413393979.106
113 1866 1413393891.656 1413393979.306
113 1871 1413393891.656 1413393979.556
641 1871 1413393918.056 1413393979.556
1579 1871 1413393964.956 1413393979.556
641 1874 1413393918.056 1413393979.706
135 1876 1413393892.756 1413393979.806
652 1876 1413393918.606 1413393979.806
123 1878 1413393892.156 1413393979.906
185 1878 1413393895.256 1413393979.906
270 1878 1413393899.506 1413393979.906
135 1880 1413393892.756 1413393980.006
641 1882 1413393918.056 1413393980.106
1214 1884 1413393946.706 1413393980.206
1214 1886 1413393946.706 1413393980.306
1214 1889 1413393946.706 1413393980.456
658 1891 1413393918.906 1413393980.556
652 1893 1413393918.606 1413393980.656
213 1893 1413393896.656 1413393980.656
785 1893 1413393925.256 1413393980.656
1143 1893 1413393943.156 1413393980.656
906 1895 1413393931.306 1413393980.756
314 1897 1413393901.706 1413393980.856
1214 1897 1413393946.706 1413393980.856
785 1903 1413393925.256 1413393981.156
304 1909 1413393901.206 1413393981.456
1214 1927 1413393946.706 1413393982.356
1198 1937 1413393945.906 1413393982.856
631 1937 1413393917.556 1413393982.856
123 1951 1413393892.156 1413393983.556
1542 1963 1413393963.106 1413393984.156
557 1969 1413393913.856 1413393984.456
1882 1969 1413393980.106 1413393984.456
1170 1969 1413393944.506 1413393984.456
1871 1996 1413393979.556 1413393985.806
1128 2003 1413393942.406 1413393986.156
1198 2015 1413393945.906 1413393986.756
1548 2015 1413393963.406 1413393986.756
165 2030 1413393894.256 1413393987.506
631 2045 1413393917.556 1413393988.256
1976 2053 1413393984.806 1413393988.656
1121 2062 1413393942.056 1413393989.106
165 2069 1413393894.256 1413393989.456
1553 2069 1413393963.656 1413393989.456
1542 2073 1413393963.106 1413393989.656
1043 2073 1413393938.156 1413393989.656
155 2079 1413393893.756 1413393989.956
128 2079 1413393892.406 1413393989.956
155 2084 1413393893.756 1413393990.206
1560 2106 1413393964.006 1413393991.306
1774 2106 1413393974.706 1413393991.306
641 2107 1413393918.056 1413393991.356
304 2108 1413393901.206 1413393991.406
135 2108 1413393892.756 1413393991.406
658 2108 1413393918.906 1413393991.406
909 2108 1413393931.456 1413393991.406
1392 2109 1413393955.606 1413393991.456
1198 2110 1413393945.906 1413393991.506
1982 2119 1413393985.106 1413393991.956
155 2119 1413393893.756 1413393991.956
1214 2119 1413393946.706 1413393991.956
113 2119 1413393891.656 1413393991.956
314 2121 1413393901.706 1413393992.056
307 2121 1413393901.356 1413393992.056
1198 2121 1413393945.906 1413393992.056
1347 2121 1413393953.356 1413393992.056
912 2121 1413393931.606 1413393992.056
284 2121 1413393900.206 1413393992.056
785 2123 1413393925.256 1413393992.156
123 2133 1413393892.156 1413393992.656
128 2136 1413393892.406 1413393992.806
99 2137 1413393890.956 1413393992.856
652 2137 1413393918.606 1413393992.856
240 2139 1413393898.006 1413393992.956
1170 2139 1413393944.506 1413393992.956
915 2148 1413393931.756 1413393993.406
1392 2148 1413393955.606 1413393993.406
1625 2148 1413393967.256 1413393993.406
906 2154 1413393931.306 1413393993.706
652 2156 1413393918.606 1413393993.806
292 2156 1413393900.606 1413393993.806
785 2156 1413393925.256 1413393993.806
785 2157 1413393925.256 1413393993.856
292 2157 1413393900.606 1413393993.856
304 2159 1413393901.206 1413393993.956
785 2160 1413393925.256 1413393994.006
379 2161 1413393904.956 1413393994.056
298 2161 1413393900.906 1413393994.056
1618 2161 1413393966.906 1413393994.056
785 2161 1413393925.256 1413393994.056
885 2161 1413393930.256 1413393994.056
284 2163 1413393900.206 1413393994.156
1392 2165 1413393955.606 1413393994.256
293 2165 1413393900.656 1413393994.256
292 2166 1413393900.606 1413393994.306
1560 2166 1413393964.006 1413393994.306
123 2167 1413393892.156 1413393994.356
128 2169 1413393892.406 1413393994.456
1392 2190 1413393955.606 1413393995.506
185 2197 1413393895.256 1413393995.856
540 2197 1413393913.006 1413393995.856
770 2197 1413393924.506 1413393995.856
2003 2197 1413393986.156 1413393995.856
1594 2197 1413393965.706 1413393995.856
1774 2197 1413393974.706 1413393995.856
1077 2203 1413393939.856 1413393996.156
1170 2203 1413393944.506 1413393996.156
1536 2209 1413393962.806 1413393996.456
1121 2255 1413393942.056 1413393998.756
199 2258 1413393895.956 1413393998.906
1553 2261 1413393963.656 1413393999.056
1143 2261 1413393943.156 1413393999.056
782 2263 1413393925.106 1413393999.156
591 2263 1413393915.556 1413393999.156
782 2265 1413393925.106 1413393999.256
782 2266 1413393925.106 1413393999.306
782 2267 1413393925.106 1413393999.356
751 2267 1413393923.556 1413393999.356
782 2268 1413393925.106 1413393999.406
161 2269 1413393894.056 1413393999.456
1438 2269 1413393957.906 1413393999.456
1625 2270 1413393967.256 1413393999.506
2099 2270 1413393990.956 1413393999.506
578 2270 1413393914.906 1413393999.506
1468 2272 1413393959.406 1413393999.606
1077 2272 1413393939.856 1413393999.606
652 2277 1413393918.606 1413393999.856
1077 2279 1413393939.856 1413393999.956
113 2281 1413393891.656 1413394000.056
100 2282 1413393891.006 1413394000.106
1232 2282 1413393947.606 1413394000.106
1532 2284 1413393962.606 1413394000.206
782 2285 1413393925.106 1413394000.256
2106 2285 1413393991.306 1413394000.256
1392 2286 1413393955.606 1413394000.306
1897 2287 1413393980.856 1413394000.356
1158 2287 1413393943.906 1413394000.356
