9 98 0.938 10.205
18 100 1.875 10.413
16 102 1.667 10.622
16 105 1.667 10.934
21 107 2.188 11.142
2 107 0.208 11.142
18 109 1.875 11.351
47 111 4.896 11.559
7 113 0.729 11.767
45 115 4.687 11.975
16 117 1.667 12.184
45 120 4.687 12.496
18 120 1.875 12.496
13 122 1.354 12.705
21 124 2.188 12.913
2 124 0.208 12.913
35 126 3.646 13.121
21 127 2.188 13.225
18 128 1.875 13.329
33 130 3.438 13.538
16 130 1.667 13.538
35 132 3.646 13.746
21 134 2.188 13.954
45 135 4.687 14.058
43 135 4.479 14.058
18 142 1.875 14.787
31 142 3.229 14.787
45 144 4.687 14.996
43 145 4.479 15.100
45 147 4.687 15.308
43 149 4.479 15.516
31 152 3.229 15.829
18 152 1.875 15.829
31 155 3.229 16.141
16 157 1.667 16.349
33 159 3.438 16.557
55 160 5.729 16.662
40 160 4.167 16.662
31 161 3.229 16.766
43 163 4.479 16.974
55 165 5.729 17.182
18 165 1.875 17.182
33 167 3.438 17.390
60 169 6.249 17.598
18 170 1.875 17.703
55 171 5.729 17.807
43 171 4.479 17.807
38 173 3.958 18.015
61 173 6.353 18.015
55 175 5.729 18.223
47 177 4.896 18.431
81 178 8.435 18.535
9 178 0.938 18.535
60 179 6.249 18.639
75 179 7.811 18.639
93 179 9.685 18.639
43 180 4.479 18.743
64 182 6.666 18.952
65 182 6.770 18.952
16 184 1.667 19.160
83 187 8.643 19.472
45 189 4.687 19.680
45 191 4.687 19.888
33 193 3.438 20.096
60 195 6.249 20.304
73 197 7.602 20.512
65 199 6.770 20.720
45 200 4.687 20.825
47 202 4.896 21.033
35 202 3.646 21.033
33 203 3.438 21.137
65 205 6.770 21.345
85 205 8.852 21.345
89 206 9.268 21.449
67 206 6.978 21.449
29 206 3.021 21.449
60 207 6.249 21.553
102 207 10.622 21.553
75 207 7.811 21.553
35 207 3.646 21.553
43 208 4.479 21.657
65 209 6.770 21.761
38 210 3.958 21.865
49 210 5.104 21.865
56 211 5.833 21.969
93 212 9.685 22.073
16 213 1.667 22.177
93 213 9.685 22.177
2 215 0.208 22.385
105 216 10.934 22.489
25 217 2.604 22.593
87 218 9.060 22.697
117 218 12.184 22.697
45 220 4.687 22.905
75 220 7.811 22.905
7 222 0.729 23.113
71 224 7.394 23.321
102 224 10.622 23.321
79 226 8.227 23.530
124 226 12.913 23.530
98 226 10.205 23.530
117 227 12.184 23.634
61 227 6.353 23.634
75 229 7.811 23.842
120 229 12.496 23.842
60 229 6.249 23.842
163 231 16.974 24.050
13 231 1.354 24.050
53 231 5.520 24.050
136 232 14.163 24.154
75 232 7.811 24.154
9 234 0.938 24.362
38 235 3.958 24.466
69 236 7.186 24.570
53 236 5.520 24.570
47 238 4.896 24.778
111 239 11.559 24.882
55 241 5.729 25.090
69 243 7.186 25.298
91 243 9.476 25.298
83 244 8.643 25.402
69 244 7.186 25.402
102 245 10.622 25.507
93 247 9.685 25.715
130 248 13.538 25.819
51 249 5.312 25.923
115 250 11.975 26.027
126 250 13.121 26.027
47 251 4.896 26.131
87 258 9.060 26.863
179 260 18.639 27.068
62 262 6.457 27.276
193 262 20.096 27.276
105 264 10.934 27.485
195 264 20.304 27.485
179 266 18.639 27.693
152 266 15.829 27.693
