418 595 1403637151.438 1403637160.288
143 605 1403637137.688 1403637160.788
491 605 1403637155.088 1403637160.788
448 608 1403637152.938 1403637160.938
498 608 1403637155.438 1403637160.938
474 608 1403637154.238 1403637160.938
421 613 1403637151.588 1403637161.188
497 616 1403637155.388 1403637161.338
134 618 1403637137.238 1403637161.438
159 622 1403637138.488 1403637161.638
501 623 1403637155.588 1403637161.688
409 625 1403637150.988 1403637161.788
393 625 1403637150.188 1403637161.788
498 628 1403637155.438 1403637161.938
409 630 1403637150.988 1403637162.038
492 630 1403637155.138 1403637162.038
459 630 1403637153.488 1403637162.038
171 630 1403637139.088 1403637162.038
495 631 1403637155.288 1403637162.088
171 632 1403637139.088 1403637162.138
393 635 1403637150.188 1403637162.288
501 638 1403637155.588 1403637162.438
459 643 1403637153.488 1403637162.688
549 643 1403637157.988 1403637162.688
398 643 1403637150.438 1403637162.688
445 645 1403637152.788 1403637162.788
137 649 1403637137.388 1403637162.988
131 652 1403637137.088 1403637163.138
589 652 1403637159.988 1403637163.138
170 657 1403637139.038 1403637163.388
586 661 1403637159.838 1403637163.588
459 661 1403637153.488 1403637163.588
394 661 1403637150.238 1403637163.588
155 661 1403637138.288 1403637163.588
597 666 1403637160.388 1403637163.838
583 673 1403637159.688 1403637164.188
599 677 1403637160.488 1403637164.388
425 677 1403637151.788 1403637164.388
118 685 1403637136.438 1403637164.788
403 687 1403637150.688 1403637164.888
134 689 1403637137.238 1403637164.988
474 689 1403637154.238 1403637164.988
628 698 1403637161.938 1403637165.438
597 707 1403637160.388 1403637165.888
598 708 1403637160.438 1403637165.938
616 709 1403637161.338 1403637165.988
596 709 1403637160.338 1403637165.988
491 709 1403637155.088 1403637165.988
596 712 1403637160.338 1403637166.138
625 712 1403637161.788 1403637166.138
595 715 1403637160.288 1403637166.288
597 717 1403637160.388 1403637166.388
579 719 1403637159.488 1403637166.488
597 721 1403637160.388 1403637166.588
152 721 1403637138.138 1403637166.588
596 725 1403637160.338 1403637166.788
596 727 1403637160.338 1403637166.888
625 732 1403637161.788 1403637167.138
628 735 1403637161.938 1403637167.288
589 735 1403637159.988 1403637167.288
625 736 1403637161.788 1403637167.338
597 736 1403637160.388 1403637167.338
549 744 1403637157.988 1403637167.738
623 744 1403637161.688 1403637167.738
586 751 1403637159.838 1403637168.088
602 751 1403637160.638 1403637168.088
468 757 1403637153.938 1403637168.388
509 757 1403637155.988 1403637168.388
159 757 1403637138.488 1403637168.388
549 768 1403637157.988 1403637168.938
585 768 1403637159.788 1403637168.938
409 777 1403637150.988 1403637169.388
487 783 1403637154.888 1403637169.688
739 795 1403637167.488 1403637170.288
715 795 1403637166.288 1403637170.288
735 796 1403637167.288 1403637170.338
712 797 1403637166.138 1403637170.388
701 798 1403637165.588 1403637170.438
742 798 1403637167.638 1403637170.438
717 799 1403637166.388 1403637170.488
704 800 1403637165.738 1403637170.538
704 801 1403637165.738 1403637170.588
719 802 1403637166.488 1403637170.638
698 803 1403637165.438 1403637170.688
732 805 1403637167.138 1403637170.788
712 808 1403637166.138 1403637170.938
732 809 1403637167.138 1403637170.988
727 810 1403637166.888 1403637171.038
715 851 1403637166.288 1403637173.088
732 855 1403637167.138 1403637173.288
727 907 1403637166.888 1403637175.888
690 908 1403637165.038 1403637175.938
707 908 1403637165.888 1403637175.938
712 913 1403637166.138 1403637176.188
704 913 1403637165.738 1403637176.188
721 916 1403637166.588 1403637176.338
549 922 1403637157.988 1403637176.638
468 922 1403637153.938 1403637176.638
435 932 1403637152.288 1403637177.138
815 934 1403637171.288 1403637177.238
465 934 1403637153.788 1403637177.238
459 944 1403637153.488 1403637177.738
589 944 1403637159.988 1403637177.738
155 944 1403637138.288 1403637177.738
398 944 1403637150.438 1403637177.738
491 956 1403637155.088 1403637178.338
493 957 1403637155.188 1403637178.388
798 957 1403637170.438 1403637178.388
583 958 1403637159.688 1403637178.438
405 958 1403637150.788 1403637178.438
583 962 1403637159.688 1403637178.638
602 964 1403637160.638 1403637178.738
803 965 1403637170.688 1403637178.788
598 968 1403637160.438 1403637178.938
585 969 1403637159.788 1403637178.988
839 970 1403637172.488 1403637179.038
583 970 1403637159.688 1403637179.038
595 987 1403637160.288 1403637179.888
598 1005 1403637160.438 1403637180.788
448 1015 1403637152.938 1403637181.288
491 1015 1403637155.088 1403637181.288
815 1036 1403637171.288 1403637182.338
735 1078 1403637167.288 1403637184.438
727 1079 1403637166.888 1403637184.488
509 1132 1403637155.988 1403637187.138
491 1136 1403637155.088 1403637187.338
568 1136 1403637158.938 1403637187.338
509 1143 1403637155.988 1403637187.688
598 1163 1403637160.438 1403637188.688
585 1170 1403637159.788 1403637189.038
437 1186 1403637152.388 1403637189.838
851 1207 1403637173.088 1403637190.888
595 1230 1403637160.288 1403637192.038
597 1231 1403637160.388 1403637192.088
585 1231 1403637159.788 1403637192.088
602 1233 1403637160.638 1403637192.188
589 1233 1403637159.988 1403637192.188
592 1237 1403637160.138 1403637192.388
809 1237 1403637170.988 1403637192.388
597 1237 1403637160.388 1403637192.388
595 1241 1403637160.288 1403637192.588
810 1245 1403637171.038 1403637192.788
602 1246 1403637160.638 1403637192.838
599 1247 1403637160.488 1403637192.888
598 1248 1403637160.438 1403637192.938
596 1249 1403637160.338 1403637192.988
596 1251 1403637160.338 1403637193.088
592 1252 1403637160.138 1403637193.138
509 1252 1403637155.988 1403637193.138
638 1254 1403637162.438 1403637193.238
605 1254 1403637160.788 1403637193.238
851 1254 1403637173.088 1403637193.238
815 1254 1403637171.288 1403637193.238
692 1256 1403637165.138 1403637193.338
787 1259 1403637169.888 1403637193.488
677 1259 1403637164.388 1403637193.488
808 1259 1403637170.938 1403637193.488
815 1268 1403637171.288 1403637193.938
589 1270 1403637159.988 1403637194.038
796 1272 1403637170.338 1403637194.138
603 1273 1403637160.688 1403637194.188
638 1274 1403637162.438 1403637194.238
623 1275 1403637161.688 1403637194.288
585 1275 1403637159.788 1403637194.288
701 1277 1403637165.588 1403637194.388
701 1303 1403637165.588 1403637195.688
701 1304 1403637165.588 1403637195.738
692 1305 1403637165.138 1403637195.788
803 1306 1403637170.688 1403637195.838
701 1306 1403637165.588 1403637195.838
712 1315 1403637166.138 1403637196.288
698 1317 1403637165.438 1403637196.388
701 1321 1403637165.588 1403637196.588
717 1323 1403637166.388 1403637196.688
715 1324 1403637166.288 1403637196.738
707 1325 1403637165.888 1403637196.788
721 1328 1403637166.588 1403637196.938
698 1329 1403637165.438 1403637196.988
757 1329 1403637168.388 1403637196.988
695 1330 1403637165.288 1403637197.038
707 1330 1403637165.888 1403637197.038
701 1332 1403637165.588 1403637197.138
717 1333 1403637166.388 1403637197.188
803 1336 1403637170.688 1403637197.338
736 1340 1403637167.338 1403637197.538
595 1340 1403637160.288 1403637197.538
736 1342 1403637167.338 1403637197.638
715 1344 1403637166.288 1403637197.738
1248 1344 1403637192.938 1403637197.738
965 1374 1403637178.788 1403637199.238
936 1374 1403637177.338 1403637199.238
1265 1374 1403637193.788 1403637199.238
1315 1376 1403637196.288 1403637199.338
965 1378 1403637178.788 1403637199.438
1303 1378 1403637195.688 1403637199.438
698 1378 1403637165.438 1403637199.438
1277 1378 1403637194.388 1403637199.438
965 1379 1403637178.788 1403637199.488
965 1380 1403637178.788 1403637199.538
692 1381 1403637165.138 1403637199.588
1315 1383 1403637196.288 1403637199.688
1225 1383 1403637191.788 1403637199.688
1289 1383 1403637194.988 1403637199.688
964 1387 1403637178.738 1403637199.888
1294 1392 1403637195.238 1403637200.138
936 1392 1403637177.338 1403637200.138
602 1404 1403637160.638 1403637200.738
936 1404 1403637177.338 1403637200.738
797 1406 1403637170.388 1403637200.838
1263 1406 1403637193.688 1403637200.838
597 1408 1403637160.388 1403637200.938
970 1410 1403637179.038 1403637201.038
598 1410 1403637160.438 1403637201.038
939 1410 1403637177.488 1403637201.038
1078 1410 1403637184.438 1403637201.038
1233 1412 1403637192.188 1403637201.138
798 1412 1403637170.438 1403637201.138
643 1412 1403637162.688 1403637201.138
1381 1412 1403637199.588 1403637201.138
735 1415 1403637167.288 1403637201.288
1381 1415 1403637199.588 1403637201.288
1291 1417 1403637195.088 1403637201.388
603 1419 1403637160.688 1403637201.488
1291 1419 1403637195.088 1403637201.488
1265 1419 1403637193.788 1403637201.488
1329 1419 1403637196.988 1403637201.488
805 1545 1403637170.788 1403637207.788
1270 1545 1403637194.038 1403637207.788
1231 1585 1403637192.088 1403637209.788
1270 1585 1403637194.038 1403637209.788
803 1610 1403637170.688 1403637211.038
597 1610 1403637160.388 1403637211.038
1078 1610 1403637184.438 1403637211.038
1132 1613 1403637187.138 1403637211.188
1081 1613 1403637184.588 1403637211.188
1265 1616 1403637193.788 1403637211.338
1270 1620 1403637194.038 1403637211.538
1283 1623 1403637194.688 1403637211.688
902 1623 1403637175.638 1403637211.688
687 1623 1403637164.888 1403637211.688
1336 1623 1403637197.338 1403637211.688
934 1623 1403637177.238 1403637211.688
1249 1623 1403637192.988 1403637211.688
805 1625 1403637170.788 1403637211.788
1277 1627 1403637194.388 1403637211.888
605 1632 1403637160.788 1403637212.138
1277 1638 1403637194.388 1403637212.438
965 1638 1403637178.788 1403637212.438
1233 1642 1403637192.188 1403637212.638
1248 1646 1403637192.938 1403637212.838
596 1646 1403637160.338 1403637212.838
744 1646 1403637167.738 1403637212.838
618 1646 1403637161.438 1403637212.838
596 1648 1403637160.338 1403637212.938
1308 1648 1403637195.938 1403637212.938
706 1648 1403637165.838 1403637212.938
1248 1650 1403637192.938 1403637213.038
595 1650 1403637160.288 1403637213.038
810 1653 1403637171.038 1403637213.188
706 1653 1403637165.838 1403637213.188
1015 1653 1403637181.288 1403637213.188
1233 1653 1403637192.188 1403637213.188
965 1673 1403637178.788 1403637214.188
596 1673 1403637160.338 1403637214.188
1247 1679 1403637192.888 1403637214.488
1274 1679 1403637194.238 1403637214.488
1081 1679 1403637184.588 1403637214.488
815 1738 1403637171.288 1403637217.438
586 1738 1403637159.838 1403637217.438
808 1740 1403637170.938 1403637217.538
809 1743 1403637170.988 1403637217.688
695 1748 1403637165.288 1403637217.938
741 1748 1403637167.588 1403637217.938
777 1748 1403637169.388 1403637217.938
1054 1748 1403637183.238 1403637217.938
809 1753 1403637170.988 1403637218.188
695 1757 1403637165.288 1403637218.388
798 1757 1403637170.438 1403637218.388
809 1757 1403637170.988 1403637218.388
465 1757 1403637153.788 1403637218.388
1170 1757 1403637189.038 1403637218.388
712 1759 1403637166.138 1403637218.488
839 1759 1403637172.488 1403637218.488
1277 1759 1403637194.388 1403637218.488
690 1759 1403637165.038 1403637218.488
957 1759 1403637178.388 1403637218.488
1266 1761 1403637193.838 1403637218.588
1081 1761 1403637184.588 1403637218.588
805 1761 1403637170.788 1403637218.588
1266 1765 1403637193.838 1403637218.788
956 1767 1403637178.338 1403637218.888
1080 1768 1403637184.538 1403637218.938
589 1770 1403637159.988 1403637219.038
597 1775 1403637160.388 1403637219.288
1246 1776 1403637192.838 1403637219.338
815 1776 1403637171.288 1403637219.338
597 1776 1403637160.388 1403637219.338
941 1777 1403637177.588 1403637219.388
689 1777 1403637164.988 1403637219.388
1287 1777 1403637194.888 1403637219.388
589 1777 1403637159.988 1403637219.388
1083 1778 1403637184.688 1403637219.438
1336 1779 1403637197.338 1403637219.488
809 1779 1403637170.988 1403637219.488
757 1779 1403637168.388 1403637219.488
1311 1779 1403637196.088 1403637219.488
1170 1779 1403637189.038 1403637219.488
810 1781 1403637171.038 1403637219.588
704 1781 1403637165.738 1403637219.588
1081 1781 1403637184.588 1403637219.588
908 1781 1403637175.938 1403637219.588
596 1783 1403637160.338 1403637219.688
1143 1785 1403637187.688 1403637219.788
964 1785 1403637178.738 1403637219.788
685 1785 1403637164.788 1403637219.788
1079 1785 1403637184.488 1403637219.788
1015 1789 1403637181.288 1403637219.988
599 1789 1403637160.488 1403637219.988
751 1789 1403637168.088 1403637219.988
944 1791 1403637177.738 1403637220.088
795 1791 1403637170.288 1403637220.088
1336 1792 1403637197.338 1403637220.138
597 1793 1403637160.388 1403637220.188
913 1799 1403637176.188 1403637220.488
796 1805 1403637170.338 1403637220.788
810 1805 1403637171.038 1403637220.788
1170 1810 1403637189.038 1403637221.038
1225 1813 1403637191.788 1403637221.188
944 1813 1403637177.738 1403637221.188
803 1816 1403637170.688 1403637221.338
715 1824 1403637166.288 1403637221.738
1342 1824 1403637197.638 1403637221.738
810 1824 1403637171.038 1403637221.738
783 1824 1403637169.688 1403637221.738
907 1824 1403637175.888 1403637221.738
598 1824 1403637160.438 1403637221.738
968 1824 1403637178.938 1403637221.738
1376 1825 1403637199.338 1403637221.788
719 1825 1403637166.488 1403637221.788
802 1825 1403637170.638 1403637221.788
810 1831 1403637171.038 1403637222.088
1274 1832 1403637194.238 1403637222.138
1249 1832 1403637192.988 1403637222.138
603 1832 1403637160.688 1403637222.138
1231 1833 1403637192.088 1403637222.188
661 1833 1403637163.588 1403637222.188
956 1833 1403637178.338 1403637222.188
1120 1833 1403637186.538 1403637222.188
1265 1833 1403637193.788 1403637222.188
736 1833 1403637167.338 1403637222.188
815 1834 1403637171.288 1403637222.238
964 1834 1403637178.738 1403637222.238
744 1844 1403637167.738 1403637222.738
1283 1847 1403637194.688 1403637222.888
944 1847 1403637177.738 1403637222.888
1274 1849 1403637194.238 1403637222.988
970 1851 1403637179.038 1403637223.088
602 1851 1403637160.638 1403637223.088
736 1851 1403637167.338 1403637223.088
597 1857 1403637160.388 1403637223.388
597 1859 1403637160.388 1403637223.488
598 1896 1403637160.438 1403637225.338
783 1903 1403637169.688 1403637225.688
1222 1903 1403637191.638 1403637225.688
825 1903 1403637171.788 1403637225.688
596 1903 1403637160.338 1403637225.688
1170 1904 1403637189.038 1403637225.738
585 1904 1403637159.788 1403637225.738
598 1904 1403637160.438 1403637225.738
965 1904 1403637178.788 1403637225.738
757 1904 1403637168.388 1403637225.738
936 1906 1403637177.338 1403637225.838
1107 1906 1403637185.888 1403637225.838
797 1906 1403637170.388 1403637225.838
1308 1906 1403637195.938 1403637225.838
987 1906 1403637179.888 1403637225.838
1265 1908 1403637193.788 1403637225.938
715 1908 1403637166.288 1403637225.938
575 1908 1403637159.288 1403637225.938
1321 1908 1403637196.588 1403637225.938
1132 1908 1403637187.138 1403637225.938
791 1910 1403637170.088 1403637226.038
598 1913 1403637160.438 1403637226.188
1392 1913 1403637200.138 1403637226.188
595 1915 1403637160.288 1403637226.288
595 1916 1403637160.288 1403637226.338
1080 1916 1403637184.538 1403637226.338
958 1918 1403637178.438 1403637226.438
1279 1918 1403637194.488 1403637226.438
1254 1918 1403637193.238 1403637226.438
1723 1918 1403637216.688 1403637226.438
902 1918 1403637175.638 1403637226.438
801 1918 1403637170.588 1403637226.438
987 1925 1403637179.888 1403637226.788
1294 1926 1403637195.238 1403637226.838
1287 1928 1403637194.888 1403637226.938
1254 1940 1403637193.238 1403637227.538
956 1945 1403637178.338 1403637227.788
592 1951 1403637160.138 1403637228.088
1186 1955 1403637189.838 1403637228.288
1225 1955 1403637191.788 1403637228.288
987 1955 1403637179.888 1403637228.288
719 1963 1403637166.488 1403637228.688
939 1969 1403637177.488 1403637228.988
965 1975 1403637178.788 1403637229.288
751 1975 1403637168.088 1403637229.288
907 1977 1403637175.888 1403637229.388
1272 1980 1403637194.138 1403637229.538
602 1984 1403637160.638 1403637229.738
1186 1984 1403637189.838 1403637229.738
597 1985 1403637160.388 1403637229.788
1383 1986 1403637199.688 1403637229.838
599 1988 1403637160.488 1403637229.938
793 1992 1403637170.188 1403637230.138
913 1992 1403637176.188 1403637230.138
965 1992 1403637178.788 1403637230.138
1015 1992 1403637181.288 1403637230.138
1246 2012 1403637192.838 1403637231.138
1387 2049 1403637199.888 1403637232.988
579 2049 1403637159.488 1403637232.988
493 2060 1403637155.188 1403637233.538
736 2089 1403637167.338 1403637234.988
712 2091 1403637166.138 1403637235.088
719 2093 1403637166.488 1403637235.188
1401 2121 1403637200.588 1403637236.588
736 2139 1403637167.338 1403637237.488
721 2142 1403637166.588 1403637237.638
1263 2145 1403637193.688 1403637237.788
1246 2149 1403637192.838 1403637237.988
1222 2149 1403637191.638 1403637237.988
1268 2153 1403637193.938 1403637238.188
964 2157 1403637178.738 1403637238.388
1289 2159 1403637194.988 1403637238.488
687 2162 1403637164.888 1403637238.638
701 2162 1403637165.588 1403637238.638
721 2164 1403637166.588 1403637238.738
717 2166 1403637166.388 1403637238.838
944 2166 1403637177.738 1403637238.838
815 2183 1403637171.288 1403637239.688
987 2183 1403637179.888 1403637239.688
744 2183 1403637167.738 1403637239.688
1248 2184 1403637192.938 1403637239.738
701 2218 1403637165.588 1403637241.438
717 2218 1403637166.388 1403637241.438
712 2219 1403637166.138 1403637241.488
719 2219 1403637166.488 1403637241.488
736 2220 1403637167.338 1403637241.538
735 2225 1403637167.288 1403637241.788
735 2228 1403637167.288 1403637241.938
736 2232 1403637167.338 1403637242.138
719 2281 1403637166.488 1403637244.588
645 2283 1403637162.788 1403637244.688
549 2303 1403637157.988 1403637245.688
593 2306 1403637160.188 1403637245.838
1291 2337 1403637195.088 1403637247.388
1274 2338 1403637194.238 1403637247.438
712 2339 1403637166.138 1403637247.488
741 2341 1403637167.588 1403637247.588
736 2342 1403637167.338 1403637247.638
1274 2356 1403637194.238 1403637248.338
1230 2356 1403637192.038 1403637248.338
1298 2356 1403637195.438 1403637248.338
1237 2360 1403637192.388 1403637248.538
645 2360 1403637162.788 1403637248.538
1309 2360 1403637195.988 1403637248.538
1270 2360 1403637194.038 1403637248.538
685 2366 1403637164.788 1403637248.838
944 2366 1403637177.738 1403637248.838
649 2366 1403637162.988 1403637248.838
1237 2374 1403637192.388 1403637249.238
1225 2393 1403637191.788 1403637250.188
1230 2395 1403637192.038 1403637250.288
602 2399 1403637160.638 1403637250.488
803 2403 1403637170.688 1403637250.688
2218 2412 1403637241.438 1403637251.138
2127 2412 1403637236.888 1403637251.138
1342 2417 1403637197.638 1403637251.388
1325 2417 1403637196.788 1403637251.388
732 2417 1403637167.138 1403637251.388
2180 2417 1403637239.538 1403637251.388
2220 2417 1403637241.538 1403637251.388
805 2417 1403637170.788 1403637251.388
1378 2417 1403637199.438 1403637251.388
2349 2417 1403637247.988 1403637251.388
1120 2417 1403637186.538 1403637251.388
2080 2421 1403637234.538 1403637251.588
1005 2421 1403637180.788 1403637251.588
2232 2421 1403637242.138 1403637251.588
2127 2421 1403637236.888 1403637251.588
1379 2425 1403637199.488 1403637251.788
896 2425 1403637175.338 1403637251.788
808 2440 1403637170.938 1403637252.538
2101 2440 1403637235.588 1403637252.538
1249 2440 1403637192.988 1403637252.538
1381 2440 1403637199.588 1403637252.538
592 2491 1403637160.138 1403637255.088
2167 2502 1403637238.888 1403637255.638
1315 2505 1403637196.288 1403637255.788
932 2505 1403637177.138 1403637255.788
739 2505 1403637167.488 1403637255.788
1279 2505 1403637194.488 1403637255.788
707 2505 1403637165.888 1403637255.788
2219 2505 1403637241.488 1403637255.788
2283 2505 1403637244.688 1403637255.788
1398 2505 1403637200.438 1403637255.788
2360 2505 1403637248.538 1403637255.788
1246 2505 1403637192.838 1403637255.788
1328 2508 1403637196.938 1403637255.938
1277 2511 1403637194.388 1403637256.088
2219 2513 1403637241.488 1403637256.188
2093 2513 1403637235.188 1403637256.188
956 2513 1403637178.338 1403637256.188
677 2513 1403637164.388 1403637256.188
1170 2519 1403637189.038 1403637256.488
2347 2531 1403637247.888 1403637257.088
2268 2533 1403637243.938 1403637257.188
956 2533 1403637178.338 1403637257.188
1298 2533 1403637195.438 1403637257.188
706 2537 1403637165.838 1403637257.388
956 2537 1403637178.338 1403637257.388
934 2540 1403637177.238 1403637257.538
810 2540 1403637171.038 1403637257.538
2060 2542 1403637233.538 1403637257.638
1387 2544 1403637199.888 1403637257.738
2347 2547 1403637247.888 1403637257.888
2128 2547 1403637236.938 1403637257.888
2183 2547 1403637239.688 1403637257.888
1417 2547 1403637201.388 1403637257.888
810 2549 1403637171.038 1403637257.988
596 2549 1403637160.338 1403637257.988
1015 2550 1403637181.288 1403637258.038
2184 2551 1403637239.738 1403637258.088
777 2551 1403637169.388 1403637258.088
625 2551 1403637161.788 1403637258.088
1387 2551 1403637199.888 1403637258.088
1248 2551 1403637192.938 1403637258.088
596 2551 1403637160.338 1403637258.088
2060 2551 1403637233.538 1403637258.088
1623 2557 1403637211.688 1403637258.388
549 2559 1403637157.988 1403637258.488
916 2559 1403637176.338 1403637258.488
2124 2561 1403637236.738 1403637258.588
592 2565 1403637160.138 1403637258.788
2162 2567 1403637238.638 1403637258.888
1625 2568 1403637211.788 1403637258.938
1737 2568 1403637217.388 1403637258.938
932 2571 1403637177.138 1403637259.088
802 2574 1403637170.638 1403637259.238
682 2574 1403637164.638 1403637259.238
2049 2576 1403637232.988 1403637259.338
602 2578 1403637160.638 1403637259.438
751 2599 1403637168.088 1403637260.488
1344 2599 1403637197.738 1403637260.488
795 2599 1403637170.288 1403637260.488
851 2599 1403637173.088 1403637260.488
932 2599 1403637177.138 1403637260.488
958 2599 1403637178.438 1403637260.488
721 2599 1403637166.588 1403637260.488
1328 2599 1403637196.938 1403637260.488
913 2599 1403637176.188 1403637260.488
122 2613 1403637136.638 1403637261.188
150 2614 1403637138.038 1403637261.238
150 2615 1403637138.038 1403637261.288
150 2616 1403637138.038 1403637261.338
122 2619 1403637136.638 1403637261.488
150 2621 1403637138.038 1403637261.588
396 2626 1403637150.338 1403637261.838
396 2628 1403637150.338 1403637261.938
