10 128 1.037 13.272
82 132 8.501 13.687
74 135 7.671 13.998
10 137 1.037 14.205
3 139 0.311 14.412
61 141 6.324 14.620
55 141 5.702 14.620
89 141 9.227 14.620
44 141 4.562 14.620
47 144 4.873 14.930
65 147 6.739 15.241
70 150 7.257 15.553
70 153 7.257 15.864
42 153 4.354 15.864
38 159 3.939 16.486
55 163 5.702 16.900
25 163 2.592 16.900
38 163 3.939 16.900
52 166 5.391 17.212
14 169 1.452 17.523
58 171 6.013 17.730
38 171 3.939 17.730
18 171 1.866 17.730
44 173 4.562 17.937
38 176 3.939 18.249
25 176 2.592 18.249
52 180 5.391 18.663
14 180 1.452 18.663
68 182 7.050 18.870
44 183 4.562 18.974
25 183 2.592 18.974
25 186 2.592 19.285
55 186 5.702 19.285
79 191 8.190 19.803
79 195 8.190 20.217
10 195 1.037 20.217
118 201 12.237 20.838
40 231 4.147 23.953
74 236 7.671 24.471
31 236 3.214 24.471
31 240 3.214 24.885
14 240 1.452 24.885
80 242 8.293 25.093
76 242 7.879 25.093
14 242 1.452 25.093
18 244 1.866 25.300
40 244 4.147 25.300
40 248 4.147 25.715
18 248 1.866 25.715
18 252 1.866 26.129
10 257 1.037 26.648
80 262 8.293 27.166
44 262 4.562 27.166
61 262 6.324 27.166
79 267 8.190 27.684
40 272 4.147 28.202
98 276 10.161 28.617
173 280 17.937 29.032
191 282 19.803 29.239
89 284 9.227 29.446
82 289 8.501 29.965
44 296 4.562 30.690
76 300 7.879 31.105
44 304 4.562 31.520
58 308 6.013 31.934
68 308 7.050 31.934
14 308 1.452 31.934
40 312 4.147 32.349
74 317 7.671 32.867
262 347 27.166 35.978
267 351 27.684 36.393
257 355 26.648 36.808
262 361 27.166 37.430
262 368 27.166 38.156
262 375 27.166 38.881
267 381 27.684 39.503
257 387 26.648 40.125
213 387 22.081 40.125
267 392 27.684 40.644
257 394 26.648 40.851
262 396 27.166 41.058
262 398 27.166 41.266
262 403 27.166 41.784
226 413 23.434 42.819
262 413 27.166 42.819
257 449 26.648 46.554
226 453 23.434 46.969
257 458 26.648 47.488
262 462 27.166 47.902
257 466 26.648 48.317
257 470 26.648 48.731
262 473 27.166 49.043
221 476 22.914 49.354
413 476 42.819 49.354
284 476 29.446 49.354
381 476 39.503 49.354
284 478 29.446 49.561
387 480 40.125 49.768
284 480 29.446 49.768
284 492 29.446 51.012
284 495 29.446 51.323
322 495 33.386 51.323
351 495 36.393 51.323
396 498 41.058 51.634
398 498 41.266 51.634
267 501 27.684 51.945
267 504 27.684 52.257
396 504 41.058 52.257
257 508 26.648 52.671
300 510 31.105 52.879
221 511 22.914 52.982
413 511 42.819 52.982
272 511 28.202 52.982
300 511 31.105 52.982
262 515 27.166 53.397
413 516 42.819 53.501
361 517 37.430 53.604
308 518 31.934 53.708
267 518 27.684 53.708
312 522 32.349 54.123
351 528 36.393 54.744
267 528 27.684 54.744
361 538 37.430 55.781
396 538 41.058 55.781
413 569 42.819 58.994
252 607 26.129 62.932
262 608 27.166 63.036
351 608 36.393 63.036
413 608 42.819 63.036
262 610 27.166 63.243
396 612 41.058 63.450
317 615 32.867 63.761
262 631 27.166 65.420
403 633 41.784 65.627
413 636 42.819 65.938
375 636 38.881 65.938
403 638 41.784 66.145
252 638 26.129 66.145
272 638 28.202 66.145
262 640 27.166 66.353
396 642 41.058 66.560
242 644 25.093 66.767
403 655 41.784 67.908
257 655 26.648 67.908
361 657 37.430 68.115
267 657 27.684 68.115
242 659 25.093 68.322
272 662 28.202 68.633
244 665 25.300 68.944
317 665 32.867 68.944
262 668 27.166 69.255
280 671 29.032 69.566
289 673 29.965 69.774
262 675 27.166 69.981
226 675 23.434 69.981
308 678 31.934 70.292
262 680 27.166 70.499
240 688 24.885 71.328
272 690 28.202 71.536
312 690 32.349 71.536
257 690 26.648 71.536
236 692 24.471 71.743
272 692 28.202 71.743
413 695 42.819 72.054
498 698 51.634 72.365
267 698 27.684 72.365
226 707 23.434 73.298
262 709 27.166 73.505
257 710 26.648 73.609
396 710 41.058 73.609
262 711 27.166 73.713
396 711 41.058 73.713
304 711 31.520 73.713
267 712 27.684 73.816
398 714 41.266 74.023
231 714 23.953 74.023
262 715 27.166 74.127
252 716 26.129 74.231
257 717 26.648 74.334
304 717 31.520 74.334
332 771 34.423 79.934
282 776 29.239 80.452
267 791 27.684 82.007
398 794 41.266 82.318
262 794 27.166 82.318
462 797 47.902 82.629
396 799 41.058 82.836
304 802 31.520 83.147
413 812 42.819 84.184
458 812 47.488 84.184
466 815 48.317 84.495
498 815 51.634 84.495
462 819 47.902 84.909
413 822 42.819 85.220
518 825 53.708 85.531
413 825 42.819 85.531
267 825 27.684 85.531
387 827 40.125 85.739
413 860 42.819 89.160
262 860 27.166 89.160
466 862 48.317 89.367
413 862 42.819 89.367
262 862 27.166 89.367
396 864 41.058 89.574
394 866 40.851 89.782
262 866 27.166 89.782
262 867 27.166 89.886
257 868 26.648 89.989
257 870 26.648 90.197
240 870 24.885 90.197
262 873 27.166 90.508
396 873 41.058 90.508
413 877 42.819 90.922
262 881 27.166 91.337
398 885 41.266 91.751
322 888 33.386 92.062
312 892 32.349 92.477
244 892 25.300 92.477
296 924 30.690 95.794
338 924 35.045 95.794
296 927 30.690 96.105
282 930 29.239 96.416
257 974 26.648 100.977
332 974 34.423 100.977
242 979 25.093 101.496
195 979 20.217 101.496
150 991 15.553 102.740
272 1016 28.202 105.331
171 1033 17.730 107.094
186 1033 19.285 107.094
470 1043 48.731 108.131
470 1046 48.731 108.442
221 1056 22.914 109.479
169 1056 17.523 109.479
284 1056 29.446 109.479
272 1084 28.202 112.382
221 1165 22.914 120.777
942 1173 97.659 121.606
1082 1173 112.175 121.606
1068 1173 110.723 121.606
1008 1176 104.502 121.917
979 1179 101.496 122.228
1058 1182 109.686 122.539
1063 1186 110.204 122.954
1036 1189 107.405 123.265
1058 1189 109.686 123.265
1061 1191 109.997 123.472
1041 1193 107.923 123.680
1128 1195 116.939 123.887
262 1277 27.166 132.394
403 1277 41.784 132.394
226 1282 23.434 132.911
272 1282 28.202 132.911
284 1286 29.446 133.325
262 1305 27.166 135.294
262 1309 27.166 135.708
289 1358 29.965 140.787
272 1358 28.202 140.787
787 1425 81.592 147.733
771 1425 79.934 147.733
815 1430 84.495 148.250
80 1450 8.293 150.322
124 1452 12.858 150.529
338 1499 35.045 155.400
284 1499 29.446 155.400
296 1501 30.690 155.607
341 1503 35.356 155.814
128 1574 13.272 163.172
132 1577 13.687 163.484
240 2483 24.885 257.394
242 2483 25.093 257.394
236 2485 24.471 257.601
276 2485 28.617 257.601
257 2487 26.648 257.808
244 2490 25.300 258.119
257 2493 26.648 258.430
252 2496 26.129 258.741
262 2499 27.166 259.052
262 2503 27.166 259.466
280 2506 29.032 259.777
262 2508 27.166 259.984
284 2511 29.446 260.295
262 2514 27.166 260.606
262 2518 27.166 261.021
608 2543 63.036 263.612
608 2547 63.036 264.027
608 2550 63.036 264.338
296 2565 30.690 265.893
262 2583 27.166 267.758
173 2583 17.937 267.758
1102 2779 114.247 288.077
1052 2783 109.065 288.491
1039 2783 107.716 288.491
1018 2783 105.539 288.491
1087 2786 112.693 288.802
515 2908 53.397 301.446
2475 2908 256.564 301.446
244 2917 25.300 302.379
186 2921 19.285 302.793
171 2953 17.730 306.110
171 2967 17.730 307.561
118 2971 12.237 307.976
124 2975 12.858 308.391
176 2975 18.249 308.391
262 3047 27.166 315.855
2529 3047 262.161 315.855
403 3047 41.784 315.855
396 3049 41.058 316.063
403 3049 41.784 316.063
257 3050 26.648 316.166
2452 3050 254.183 316.166
2452 3052 254.183 316.373
226 3052 23.434 316.373
2452 3055 254.183 316.684
262 3058 27.166 316.995
413 3058 42.819 316.995
2452 3062 254.183 317.410
2452 3074 254.183 318.653
2452 3077 254.183 318.964
252 3081 26.129 319.379
413 3081 42.819 319.379
2452 3085 254.183 319.793
262 3089 27.166 320.208
2543 3174 263.612 329.017
2727 3183 282.686 329.950
1058 3227 109.686 334.509
990 3231 102.637 334.924
2490 3335 258.119 345.702
2522 3336 261.435 345.806
413 3354 42.819 347.672
262 3356 27.166 347.879
296 3356 30.690 347.879
413 3356 42.819 347.879
413 3366 42.819 348.916
2452 3379 254.183 350.264
2445 3389 253.459 351.301
2449 3389 253.873 351.301
2445 3397 253.459 352.129
2449 3401 253.873 352.543
252 3590 26.129 372.127
396 3594 41.058 372.541
3356 3599 347.879 373.059
272 3612 28.202 374.406
240 3612 24.885 374.406
2478 3622 256.875 375.443
351 3622 36.393 375.443
262 3636 27.166 376.894
242 3640 25.093 377.309
267 3644 27.684 377.723
394 3644 40.851 377.723
3405 3649 352.957 378.242
3402 3653 352.647 378.656
267 3653 27.684 378.656
355 3653 36.808 378.656
403 3655 41.784 378.863
272 3655 28.202 378.863
510 3725 52.879 386.121
628 3725 65.109 386.121
2450 3728 253.976 386.432
344 3761 35.667 389.852
515 3761 53.397 389.852
470 3761 48.731 389.852
248 3761 25.715 389.852
2450 3761 253.976 389.852
403 3788 41.784 392.651
3356 3790 347.879 392.858
3356 3796 347.879 393.480
2487 3843 257.808 398.351
2529 3843 262.161 398.351
257 3843 26.648 398.351
312 3846 32.349 398.662
289 3846 29.965 398.662
213 3849 22.081 398.973
262 3851 27.166 399.180
242 3852 25.093 399.283
304 3853 31.520 399.387
272 3853 28.202 399.387
312 3856 32.349 399.698
240 3860 24.885 400.113
272 3863 28.202 400.423
221 3866 22.914 400.734
272 3866 28.202 400.734
280 3868 29.032 400.942
3403 3871 352.750 401.253
392 3890 40.644 403.222
361 3890 37.430 403.222
262 3890 27.166 403.222
289 3892 29.965 403.430
262 3892 27.166 403.430
257 3894 26.648 403.637
244 3900 25.300 404.259
1464 3929 151.773 407.265
1513 3929 156.851 407.265
300 3998 31.105 414.414
325 3998 33.697 414.414
221 4001 22.914 414.725
231 4003 23.953 414.932
226 4041 23.434 418.870
2964 4054 307.250 420.216
118 4063 12.237 421.149
176 4063 18.249 421.149
1054 4083 109.271 423.221
1054 4085 109.271 423.428
2471 4100 256.150 424.983
1052 4211 109.065 436.485
1020 4238 105.746 439.283
1005 4240 104.191 439.491
1060 4240 109.893 439.491
1054 4242 109.271 439.698
1056 4245 109.479 440.009
4094 4267 424.361 442.288
2529 4272 262.161 442.806
2485 4273 257.601 442.910
4096 4295 424.568 445.190
4035 4297 418.248 445.397
4200 4312 435.345 446.952
4230 4312 438.454 446.952
4206 4312 435.967 446.952
4154 4312 430.578 446.952
4087 4312 423.636 446.952
4238 4312 439.283 446.952
2979 4327 308.807 448.506
4283 4357 443.946 451.615
7 4457 0.726 461.978
10 4461 1.037 462.394
14 4464 1.452 462.705
18 4467 1.866 463.016
22 4469 2.281 463.223
22 4471 2.281 463.431
