54 80 5.611 8.310
22 82 2.287 8.519
50 84 5.197 8.728
5 87 0.520 9.041
42 89 4.366 9.250
3 92 0.312 9.562
15 95 1.559 9.875
59 98 6.129 10.187
42 101 4.366 10.499
10 104 1.039 10.810
10 106 1.039 11.018
50 109 5.197 11.330
10 111 1.039 11.538
50 114 5.197 11.850
50 116 5.197 12.058
54 119 5.611 12.370
42 121 4.366 12.578
54 124 5.611 12.890
54 126 5.611 13.098
50 128 5.197 13.306
10 131 1.039 13.617
10 134 1.039 13.929
22 137 2.287 14.240
33 139 3.431 14.448
5 142 0.520 14.759
5 144 0.520 14.966
10 147 1.039 15.278
3 149 0.312 15.485
15 152 1.559 15.796
10 155 1.039 16.108
59 157 6.129 16.316
22 160 2.287 16.627
50 163 5.197 16.939
82 165 8.519 17.146
59 165 6.129 17.146
33 167 3.431 17.354
50 169 5.197 17.561
87 171 9.041 17.769
50 171 5.197 17.769
54 173 5.611 17.977
33 176 3.431 18.288
59 179 6.129 18.600
109 182 11.330 18.911
89 182 9.250 18.911
71 185 7.374 19.222
22 187 2.287 19.430
54 189 5.611 19.637
10 192 1.039 19.949
2 195 0.208 20.260
54 198 5.611 20.571
3 198 0.312 20.571
22 200 2.287 20.779
3 202 0.312 20.986
50 204 5.197 21.194
22 206 2.287 21.401
22 208 2.287 21.609
42 211 4.366 21.920
10 213 1.039 22.128
5 215 0.520 22.335
15 217 1.559 22.543
3 220 0.312 22.854
59 220 6.129 22.854
2 222 0.208 23.062
54 230 5.611 23.892
84 232 8.728 24.100
163 234 16.939 24.308
101 234 10.499 24.308
71 236 7.374 24.515
101 236 10.499 24.515
142 236 14.759 24.515
50 239 5.197 24.827
116 239 12.058 24.827
92 239 9.562 24.827
80 243 8.310 25.242
10 243 1.039 25.242
106 247 11.018 25.657
89 251 9.250 26.073
109 255 11.330 26.489
111 255 11.538 26.489
75 257 7.790 26.697
50 260 5.197 27.008
124 260 12.890 27.008
33 263 3.431 27.321
2 263 0.208 27.321
152 289 15.796 30.019
171 289 17.769 30.019
182 289 18.911 30.019
185 291 19.222 30.227
87 291 9.041 30.227
160 293 16.627 30.434
163 295 16.939 30.642
167 298 17.354 30.953
80 298 8.310 30.953
144 300 14.966 31.161
200 303 20.779 31.472
165 303 17.146 31.472
142 303 14.759 31.472
165 306 17.146 31.784
187 309 19.430 32.095
163 309 16.939 32.095
2 318 0.208 33.029
10 318 1.039 33.029
192 327 19.949 33.962
160 327 16.627 33.962
247 329 25.657 34.170
198 332 20.571 34.481
187 334 19.430 34.689
208 334 21.609 34.689
124 334 12.890 34.689
147 336 15.278 34.896
217 336 22.543 34.896
206 336 21.401 34.896
82 339 8.519 35.207
228 339 23.685 35.207
171 339 17.769 35.207
208 339 21.609 35.207
192 342 19.949 35.519
87 342 9.041 35.519
215 345 22.335 35.830
232 345 24.100 35.830
198 349 20.571 36.245
169 352 17.561 36.556
111 352 11.538 36.556
215 352 22.335 36.556
134 352 13.929 36.556
200 355 20.779 36.868
185 355 19.222 36.868
147 358 15.278 37.179
200 358 20.779 37.179
215 358 22.335 37.179
198 360 20.571 37.386
144 362 14.966 37.594
189 362 19.637 37.594
213 362 22.128 37.594
298 381 30.953 39.566
222 384 23.062 39.877
169 387 17.561 40.188
163 389 16.939 40.396
173 391 17.977 40.604
234 393 24.308 40.812
160 393 16.627 40.812
213 394 22.128 40.916
228 394 23.685 40.916
263 394 27.321 40.916
230 396 23.892 41.124
84 396 8.728 41.124
322 398 33.444 41.332
215 398 22.335 41.332
251 398 26.073 41.332
251 401 26.073 41.645
226 405 23.477 42.062
232 405 24.100 42.062
157 408 16.316 42.375
169 444 17.561 46.114
142 444 14.759 46.114
10 451 1.039 46.840
50 454 5.197 47.152
198 467 20.571 48.501
195 470 20.260 48.813
306 470 31.784 48.813
167 470 17.354 48.813
149 470 15.485 48.813
318 470 33.029 48.813
75 474 7.790 49.228
111 477 11.538 49.540
228 480 23.685 49.853
384 508 39.877 52.766
381 514 39.566 53.388
411 534 42.687 55.463
451 537 46.840 55.774
435 541 45.181 56.189
432 556 44.870 57.745
394 556 40.916 57.745
398 556 41.332 57.745
414 558 43.000 57.953
448 558 46.529 57.953
429 561 44.559 58.265
206 587 21.401 60.963
217 588 22.543 61.067
306 588 31.784 61.067
142 590 14.759 61.275
202 590 20.986 61.275
374 600 38.839 62.314
408 600 42.375 62.314
303 613 31.472 63.665
371 613 38.528 63.665
167 617 17.354 64.081
163 620 16.939 64.392
182 623 18.911 64.704
377 623 39.151 64.704
374 626 38.839 65.016
396 626 41.124 65.016
336 630 34.896 65.431
189 660 19.637 68.546
257 664 26.697 68.962
182 664 18.911 68.962
163 664 16.939 68.962
98 664 10.187 68.962
298 744 30.953 77.272
298 748 30.953 77.688
267 748 27.736 77.688
508 766 52.766 79.559
583 768 60.548 79.767
590 768 61.275 79.767
653 770 67.819 79.975
537 770 55.774 79.975
303 835 31.472 86.728
349 839 36.245 87.144
236 851 24.515 88.390
189 854 19.637 88.702
360 874 37.386 90.782
523 893 54.322 92.757
374 900 38.839 93.485
672 917 69.794 95.252
362 939 37.594 97.539
208 965 21.609 100.242
318 968 33.029 100.554
807 982 83.813 102.009
389 991 40.396 102.946
309 991 32.095 102.946
398 1001 41.332 103.988
544 1032 56.500 107.209
626 1036 65.016 107.624
551 1039 57.226 107.935
565 1039 58.680 107.935
541 1104 56.189 114.692
556 1104 57.745 114.692
498 1104 51.727 114.692
530 1107 55.048 115.003
664 1107 68.962 115.003
577 1110 59.925 115.314
657 1128 68.234 117.182
587 1128 60.963 117.182
634 1128 65.846 117.182
573 1131 59.510 117.494
553 1131 57.434 117.494
638 1152 66.261 119.674
523 1167 54.322 121.232
583 1171 60.548 121.647
519 1171 53.907 121.647
592 1175 61.483 122.063
508 1175 52.766 122.063
569 1211 59.095 125.805
649 1211 67.403 125.805
577 1214 59.925 126.116
523 1217 54.322 126.428
537 1217 55.774 126.428
585 1220 60.756 126.740
592 1223 61.483 127.052
561 1230 58.265 127.780
534 1268 55.463 131.733
1057 1274 109.804 132.357
1048 1277 108.869 132.670
544 1295 56.500 134.543
623 1295 64.704 134.543
613 1295 63.665 134.543
657 1295 68.234 134.543
600 1339 62.314 139.121
1189 1533 123.518 159.288
1039 1596 107.935 165.833
1065 1603 110.635 166.560
182 1632 18.911 169.571
167 1655 17.354 171.965
189 1659 19.637 172.381
260 1663 27.008 172.797
189 1663 19.637 172.797
217 1663 22.543 172.797
173 1666 17.977 173.109
1617 1730 168.012 179.759
1635 1732 169.883 179.966
1542 1732 160.221 179.966
1042 1787 108.247 185.675
502 1806 52.143 187.649
551 1809 57.226 187.961
1643 1958 170.716 203.454
1802 1968 187.233 204.491
1681 1985 174.669 206.257
1749 1988 181.730 206.569
1631 1988 169.468 206.569
1695 1988 176.125 206.569
1259 2041 130.797 212.076
1663 2095 172.797 217.690
1692 2095 175.814 217.690
1738 2095 180.589 217.690
1631 2095 169.468 217.690
1631 2100 169.468 218.209
1714 2100 178.098 218.209
1631 2104 169.468 218.625
1752 2129 182.042 221.224
1651 2222 171.549 230.892
1636 2225 169.987 231.204
1647 2225 171.132 231.204
1583 2225 164.482 231.204
1681 2229 174.669 231.620
1651 2282 171.549 237.130
592 2288 61.483 237.754
577 2294 59.925 238.377
502 2294 52.143 238.377
1305 2377 135.584 247.009
1632 2415 169.571 250.961
1760 2415 182.872 250.961
1695 2415 176.125 250.961
1709 2419 177.579 251.377
1699 2423 176.541 251.792
1669 2423 173.421 251.792
1640 2423 170.403 251.792
1699 2426 176.541 252.104
1635 2429 169.883 252.415
1635 2432 169.883 252.727
1684 2432 174.981 252.727
1589 2551 165.106 265.103
1714 2594 178.098 269.571
1744 2594 181.211 269.571
1663 2598 172.797 269.987
1632 2598 169.571 269.987
1675 2598 174.045 269.987
1635 2602 169.883 270.402
1724 2662 179.136 276.642
414 2686 43.000 279.133
371 2688 38.528 279.341
411 2690 42.687 279.549
448 2692 46.529 279.757
1695 2696 176.125 280.173
1730 2696 179.759 280.173
1640 2698 170.403 280.380
1655 2700 171.965 280.588
1699 2738 176.541 284.533
1697 2741 176.333 284.844
1692 2744 175.814 285.156
1823 2793 189.415 290.243
2667 2802 277.161 291.178
1712 2837 177.890 294.812
1659 2839 172.381 295.019
1643 2841 170.716 295.227
1695 2841 176.125 295.227
1621 2841 168.428 295.227
1752 2841 182.042 295.227
1647 2873 171.132 298.547
1621 2952 168.428 306.764
1633 2956 169.675 307.180
2795 2971 290.451 308.737
1638 3017 170.195 313.520
1724 3017 179.136 313.520
1631 3021 169.468 313.935
1687 3024 175.293 314.247
1614 3027 167.701 314.559
1633 3030 169.675 314.871
1617 3032 168.012 315.080
1635 3034 169.883 315.288
2971 3075 308.737 319.545
1640 3173 170.403 329.731
3009 3231 312.688 335.753
2810 3252 292.009 337.935
2808 3283 291.801 341.157
2813 3287 292.320 341.572
2855 3287 296.679 341.572
2852 3290 296.368 341.884
2833 3292 294.397 342.092
2795 3294 290.451 342.300
1651 3378 171.549 351.020
1609 3378 167.183 351.020
3164 3406 328.795 353.938
3100 3406 322.143 353.938
303 3532 31.472 367.027
3370 3534 350.188 367.235
3252 3534 337.935 367.235
3346 3537 347.697 367.547
1695 3596 176.125 373.678
1183 3717 122.895 386.256
1093 3724 113.551 386.984
1080 3734 112.198 388.023
3280 3826 340.845 397.582
3233 3843 335.961 399.346
1621 3843 168.428 399.346
3161 3843 328.484 399.346
2826 3849 293.670 399.968
