97 391 1413393890.856 1413393905.556
307 404 1413393901.356 1413393906.206
132 523 1413393892.606 1413393912.156
127 532 1413393892.356 1413393912.606
314 550 1413393901.706 1413393913.506
295 550 1413393900.756 1413393913.506
240 562 1413393898.006 1413393914.106
293 562 1413393900.656 1413393914.106
297 588 1413393900.856 1413393915.406
348 593 1413393903.406 1413393915.656
532 593 1413393912.606 1413393915.656
291 607 1413393900.556 1413393916.356
161 620 1413393894.056 1413393917.006
161 629 1413393894.056 1413393917.456
127 639 1413393892.356 1413393917.956
127 650 1413393892.356 1413393918.506
328 688 1413393902.406 1413393920.406
229 758 1413393897.456 1413393923.906
302 758 1413393901.106 1413393923.906
301 765 1413393901.056 1413393924.256
213 771 1413393896.656 1413393924.556
297 771 1413393900.856 1413393924.556
328 771 1413393902.406 1413393924.556
299 771 1413393900.956 1413393924.556
299 778 1413393900.956 1413393924.906
304 782 1413393901.206 1413393925.106
270 782 1413393899.506 1413393925.106
302 782 1413393901.106 1413393925.106
297 785 1413393900.856 1413393925.256
270 785 1413393899.506 1413393925.256
328 788 1413393902.406 1413393925.406
161 792 1413393894.056 1413393925.606
368 792 1413393904.406 1413393925.606
328 798 1413393902.406 1413393925.906
368 798 1413393904.406 1413393925.906
184 798 1413393895.206 1413393925.906
127 798 1413393892.356 1413393925.906
261 804 1413393899.056 1413393926.206
391 804 1413393905.556 1413393926.206
132 804 1413393892.606 1413393926.206
381 812 1413393905.056 1413393926.606
368 824 1413393904.406 1413393927.206
123 837 1413393892.156 1413393927.856
166 849 1413393894.306 1413393928.456
270 849 1413393899.506 1413393928.456
132 854 1413393892.606 1413393928.706
348 857 1413393903.406 1413393928.856
127 859 1413393892.356 1413393928.956
404 859 1413393906.206 1413393928.956
348 861 1413393903.406 1413393929.056
368 867 1413393904.406 1413393929.356
348 873 1413393903.406 1413393929.656
270 873 1413393899.506 1413393929.656
270 884 1413393899.506 1413393930.206
270 891 1413393899.506 1413393930.556
348 891 1413393903.406 1413393930.556
328 898 1413393902.406 1413393930.906
240 903 1413393898.006 1413393931.156
328 907 1413393902.406 1413393931.356
328 910 1413393902.406 1413393931.506
607 1150 1413393916.356 1413393943.506
1127 1289 1413393942.356 1413393950.456
199 1295 1413393895.956 1413393950.756
317 1295 1413393901.856 1413393950.756
127 1305 1413393892.356 1413393951.256
328 1325 1413393902.406 1413393952.256
328 1345 1413393902.406 1413393953.256
903 1370 1413393931.156 1413393954.506
295 1383 1413393900.756 1413393955.156
381 1383 1413393905.056 1413393955.156
307 1383 1413393901.356 1413393955.156
1216 1383 1413393946.806 1413393955.156
523 1410 1413393912.156 1413393956.506
301 1542 1413393901.056 1413393963.106
281 1542 1413393900.056 1413393963.106
884 1547 1413393930.206 1413393963.356
782 1547 1413393925.106 1413393963.356
368 1552 1413393904.406 1413393963.606
270 1552 1413393899.506 1413393963.606
782 1552 1413393925.106 1413393963.606
391 1557 1413393905.556 1413393963.856
676 1563 1413393919.806 1413393964.156
1295 1567 1413393950.756 1413393964.356
785 1571 1413393925.256 1413393964.556
593 1661 1413393915.656 1413393969.056
127 1669 1413393892.356 1413393969.456
161 1708 1413393894.056 1413393971.406
1095 1712 1413393940.756 1413393971.606
161 1717 1413393894.056 1413393971.856
1150 1717 1413393943.506 1413393971.856
1552 1725 1413393963.606 1413393972.256
1069 1732 1413393939.456 1413393972.606
593 1739 1413393915.656 1413393972.956
132 1749 1413393892.606 1413393973.456
639 1752 1413393917.956 1413393973.606
1233 1752 1413393947.656 1413393973.606
1473 1752 1413393959.656 1413393973.606
1069 1752 1413393939.456 1413393973.606
96 1756 1413393890.806 1413393973.806
184 1760 1413393895.206 1413393974.006
639 1760 1413393917.956 1413393974.006
1127 1760 1413393942.356 1413393974.006
199 1767 1413393895.956 1413393974.356
1221 1767 1413393947.056 1413393974.356
1557 1767 1413393963.856 1413393974.356
1053 1767 1413393938.656 1413393974.356
1069 1780 1413393939.456 1413393975.006
1552 1780 1413393963.606 1413393975.006
629 1786 1413393917.456 1413393975.306
184 1793 1413393895.206 1413393975.656
1552 1793 1413393963.606 1413393975.656
582 1793 1413393915.106 1413393975.656
1216 1798 1413393946.806 1413393975.906
1216 1805 1413393946.806 1413393976.256
1150 1819 1413393943.506 1413393976.956
1085 1819 1413393940.256 1413393976.956
1542 1850 1413393963.106 1413393978.506
1069 1850 1413393939.456 1413393978.506
110 1860 1413393891.506 1413393979.006
639 1866 1413393917.956 1413393979.306
620 1871 1413393917.006 1413393979.556
1216 1871 1413393946.806 1413393979.556
1563 1873 1413393964.156 1413393979.656
1557 1873 1413393963.856 1413393979.656
96 1876 1413393890.806 1413393979.806
1229 1878 1413393947.456 1413393979.906
155 1881 1413393893.756 1413393980.056
1229 1881 1413393947.456 1413393980.056
639 1881 1413393917.956 1413393980.056
639 1883 1413393917.956 1413393980.156
650 1885 1413393918.506 1413393980.256
657 1886 1413393918.856 1413393980.306
132 1889 1413393892.606 1413393980.456
293 1892 1413393900.656 1413393980.606
1383 1892 1413393955.156 1413393980.606
213 1893 1413393896.656 1413393980.656
785 1893 1413393925.256 1413393980.656
785 1903 1413393925.256 1413393981.156
778 1923 1413393924.906 1413393982.156
304 1923 1413393901.206 1413393982.156
910 1935 1413393931.506 1413393982.756
1581 1935 1413393965.056 1413393982.756
688 1971 1413393920.406 1413393984.556
1883 1971 1413393980.156 1413393984.556
1885 1976 1413393980.256 1413393984.806
1881 1982 1413393980.056 1413393985.106
1876 1988 1413393979.806 1413393985.406
1935 1988 1413393982.756 1413393985.406
532 1994 1413393912.606 1413393985.706
532 2002 1413393912.606 1413393986.106
166 2050 1413393894.306 1413393988.506
127 2050 1413393892.356 1413393988.506
1557 2059 1413393963.856 1413393988.956
132 2069 1413393892.606 1413393989.456
1552 2073 1413393963.606 1413393989.656
110 2073 1413393891.506 1413393989.656
576 2080 1413393914.806 1413393990.006
778 2080 1413393924.906 1413393990.006
1557 2080 1413393963.856 1413393990.006
650 2080 1413393918.506 1413393990.006
161 2084 1413393894.056 1413393990.206
161 2106 1413393894.056 1413393991.306
1216 2107 1413393946.806 1413393991.356
1619 2107 1413393966.956 1413393991.356
785 2107 1413393925.256 1413393991.356
281 2109 1413393900.056 1413393991.456
297 2112 1413393900.856 1413393991.606
1289 2112 1413393950.456 1413393991.606
1370 2112 1413393954.506 1413393991.606
1590 2112 1413393965.506 1413393991.606
913 2112 1413393931.656 1413393991.606
1410 2121 1413393956.506 1413393992.056
1594 2121 1413393965.706 1413393992.056
657 2121 1413393918.856 1413393992.056
785 2123 1413393925.256 1413393992.156
299 2125 1413393900.956 1413393992.256
1994 2130 1413393985.706 1413393992.506
166 2130 1413393894.306 1413393992.506
199 2136 1413393895.956 1413393992.806
132 2137 1413393892.606 1413393992.856
299 2137 1413393900.956 1413393992.856
1233 2137 1413393947.656 1413393992.856
1557 2137 1413393963.856 1413393992.856
1971 2148 1413393984.556 1413393993.406
1625 2148 1413393967.256 1413393993.406
629 2153 1413393917.456 1413393993.656
785 2153 1413393925.256 1413393993.656
266 2153 1413393899.306 1413393993.656
1216 2155 1413393946.806 1413393993.756
304 2156 1413393901.206 1413393993.806
299 2157 1413393900.956 1413393993.856
788 2159 1413393925.406 1413393993.956
304 2159 1413393901.206 1413393993.956
785 2160 1413393925.256 1413393994.006
1586 2166 1413393965.306 1413393994.306
297 2166 1413393900.856 1413393994.306
884 2166 1413393930.206 1413393994.306
1552 2168 1413393963.606 1413393994.406
1571 2185 1413393964.556 1413393995.256
110 2197 1413393891.506 1413393995.856
824 2197 1413393927.206 1413393995.856
650 2206 1413393918.506 1413393996.306
1576 2206 1413393964.806 1413393996.306
785 2206 1413393925.256 1413393996.306
1450 2206 1413393958.506 1413393996.306
161 2210 1413393894.056 1413393996.506
127 2215 1413393892.356 1413393996.756
1118 2215 1413393941.906 1413393996.756
1118 2221 1413393941.906 1413393997.056
1473 2221 1413393959.656 1413393997.056
1563 2232 1413393964.156 1413393997.606
1542 2236 1413393963.106 1413393997.806
1450 2240 1413393958.506 1413393998.006
661 2240 1413393919.056 1413393998.006
1158 2240 1413393943.906 1413393998.006
199 2246 1413393895.956 1413393998.306
1284 2246 1413393950.206 1413393998.306
1552 2261 1413393963.606 1413393999.056
1383 2261 1413393955.156 1413393999.056
657 2261 1413393918.856 1413393999.056
1632 2261 1413393967.606 1413393999.056
782 2262 1413393925.106 1413393999.106
1062 2262 1413393939.106 1413393999.106
778 2263 1413393924.906 1413393999.156
1370 2263 1413393954.506 1413393999.156
778 2264 1413393924.906 1413393999.206
1383 2265 1413393955.156 1413393999.256
161 2266 1413393894.056 1413393999.306
1547 2267 1413393963.356 1413393999.356
1150 2268 1413393943.506 1413393999.406
1085 2268 1413393940.256 1413393999.406
1438 2269 1413393957.906 1413393999.456
1552 2270 1413393963.606 1413393999.506
1576 2270 1413393964.806 1413393999.506
1137 2270 1413393942.856 1413393999.506
1897 2307 1413393980.856 1413394001.356
