38 116 3.949 12.059
10 118 1.039 12.267
32 120 3.325 12.474
32 123 3.325 12.786
52 123 5.404 12.786
32 125 3.325 12.994
6 127 0.623 13.202
32 129 3.325 13.410
32 131 3.325 13.618
21 133 2.182 13.826
24 135 2.493 14.034
24 137 2.493 14.242
32 139 3.325 14.450
17 141 1.766 14.658
46 144 4.780 14.969
43 147 4.469 15.281
27 147 2.806 15.281
24 150 2.493 15.593
30 152 3.117 15.801
48 152 4.988 15.801
54 154 5.612 16.009
43 154 4.469 16.009
46 156 4.780 16.217
8 158 0.831 16.425
56 158 5.820 16.425
38 158 3.949 16.425
15 158 1.558 16.425
15 160 1.558 16.633
17 162 1.766 16.841
30 164 3.117 17.049
17 164 1.766 17.049
10 166 1.039 17.257
48 166 4.988 17.257
17 168 1.766 17.465
67 171 6.963 17.777
38 171 3.949 17.777
41 173 4.261 17.985
15 173 1.558 17.985
48 175 4.988 18.193
15 177 1.558 18.401
43 177 4.469 18.401
56 177 5.820 18.401
76 179 7.899 18.609
30 179 3.117 18.609
70 179 7.275 18.609
27 182 2.806 18.921
27 185 2.806 19.233
3 185 0.312 19.233
67 185 6.963 19.233
6 189 0.623 19.649
70 193 7.275 20.065
60 193 6.235 20.065
12 193 1.247 20.065
38 196 3.949 20.377
65 196 6.755 20.377
70 199 7.275 20.689
54 202 5.612 21.002
52 206 5.404 21.418
50 209 5.196 21.730
81 212 8.419 22.042
6 215 0.623 22.355
12 218 1.247 22.667
15 219 1.558 22.771
2 220 0.208 22.875
67 221 6.963 22.979
12 222 1.247 23.083
120 222 12.474 23.083
101 223 10.499 23.187
85 223 8.835 23.187
12 224 1.247 23.291
6 226 0.623 23.499
52 229 5.404 23.811
2 229 0.208 23.811
6 232 0.623 24.123
12 235 1.247 24.436
2 238 0.208 24.748
19 241 1.974 25.060
3 241 0.312 25.060
123 244 12.786 25.372
63 244 6.547 25.372
70 244 7.275 25.372
133 244 13.826 25.372
166 247 17.257 25.684
29 247 3.013 25.684
106 247 11.019 25.684
83 251 8.627 26.100
50 253 5.196 26.307
139 253 14.450 26.307
106 255 11.019 26.515
50 255 5.196 26.515
76 255 7.899 26.515
12 258 1.247 26.827
104 261 10.811 27.139
160 263 16.633 27.347
21 263 2.182 27.347
76 263 7.899 27.347
54 263 5.612 27.347
30 264 3.117 27.451
89 265 9.251 27.555
63 266 6.547 27.659
2 267 0.208 27.763
60 267 6.235 27.763
137 267 14.242 27.763
29 267 3.013 27.763
177 267 18.401 27.763
24 268 2.493 27.867
32 269 3.325 27.971
89 270 9.251 28.075
125 271 12.994 28.179
89 272 9.251 28.283
150 272 15.593 28.283
78 273 8.107 28.387
177 275 18.401 28.595
152 275 15.801 28.595
152 276 15.801 28.699
81 276 8.419 28.699
116 276 12.059 28.699
81 277 8.419 28.802
147 277 15.281 28.802
83 278 8.627 28.906
67 278 6.963 28.906
160 279 16.633 29.010
74 279 7.691 29.010
137 279 14.242 29.010
156 279 16.217 29.010
63 279 6.547 29.010
162 280 16.841 29.114
98 280 10.187 29.114
63 280 6.547 29.114
81 281 8.419 29.217
150 282 15.593 29.321
85 282 8.835 29.321
65 282 6.755 29.321
108 282 11.227 29.321
120 284 12.474 29.528
85 284 8.835 29.528
139 286 14.450 29.736
96 287 9.979 29.840
139 287 14.450 29.840
85 288 8.835 29.943
123 288 12.786 29.943
67 288 6.963 29.943
8 290 0.831 30.151
89 292 9.251 30.358
63 295 6.547 30.670
19 295 1.974 30.670
152 301 15.801 31.292
273 331 28.387 34.415
70 331 7.275 34.415
202 331 21.002 34.415
270 334 28.075 34.727
281 336 29.217 34.936
263 338 27.347 35.144
261 338 27.139 35.144
150 347 15.593 36.083
76 347 7.899 36.083
41 349 4.261 36.291
67 351 6.963 36.499
276 353 28.699 36.707
95 354 9.875 36.811
272 354 28.283 36.811
35 355 3.637 36.915
111 355 11.539 36.915
268 355 27.867 36.915
3 355 0.312 36.915
30 355 3.117 36.915
173 355 17.985 36.915
29 355 3.013 36.915
272 356 28.283 37.019
147 356 15.281 37.019
141 358 14.658 37.227
273 358 28.387 37.227
199 358 20.689 37.227
70 360 7.275 37.435
275 362 28.595 37.643
133 362 13.826 37.643
156 363 16.217 37.747
95 363 9.875 37.747
70 363 7.275 37.747
150 363 15.593 37.747
279 364 29.010 37.851
263 365 27.347 37.954
120 365 12.474 37.954
127 365 13.202 37.954
275 367 28.595 38.162
278 369 28.906 38.370
261 369 27.139 38.370
238 369 24.748 38.370
179 369 18.609 38.370
89 369 9.251 38.370
282 371 29.321 38.577
282 373 29.321 38.785
279 374 29.010 38.888
156 374 16.217 38.888
261 374 27.139 38.888
265 374 27.555 38.888
271 376 28.179 39.096
177 376 18.401 39.096
152 376 15.801 39.096
276 378 28.699 39.303
258 381 26.827 39.615
268 381 27.867 39.615
162 391 16.841 40.652
278 393 28.906 40.860
281 401 29.217 41.690
280 403 29.114 41.897
269 406 27.971 42.209
281 409 29.217 42.520
247 411 25.684 42.727
15 411 1.558 42.727
224 411 23.291 42.727
152 413 15.801 42.935
276 414 28.699 43.039
29 414 3.013 43.039
78 414 8.107 43.039
123 416 12.786 43.246
270 416 28.075 43.246
276 419 28.699 43.557
150 422 15.593 43.869
273 422 28.387 43.869
266 425 27.659 44.180
111 433 11.539 45.010
267 433 27.763 45.010
235 436 24.436 45.321
101 436 10.499 45.321
282 439 29.321 45.633
241 442 25.060 45.944
147 444 15.281 46.152
277 444 28.802 46.152
268 444 27.867 46.152
41 446 4.261 46.360
168 447 17.465 46.464
171 448 17.777 46.568
150 449 15.593 46.672
152 450 15.801 46.776
272 451 28.283 46.880
270 452 28.075 46.984
278 453 28.906 47.088
270 453 28.075 47.088
156 453 16.217 47.088
284 455 29.528 47.296
261 456 27.139 47.400
272 456 28.283 47.400
269 456 27.971 47.400
166 457 17.257 47.504
275 458 28.595 47.608
95 458 9.875 47.608
263 460 27.347 47.816
267 461 27.763 47.920
74 463 7.691 48.128
156 466 16.217 48.440
116 468 12.059 48.648
63 471 6.547 48.960
279 471 29.010 48.960
267 504 27.763 52.393
281 504 29.217 52.393
108 504 11.227 52.393
76 504 7.899 52.393
331 506 34.415 52.601
173 513 17.985 53.328
219 515 22.771 53.536
280 515 29.114 53.536
185 517 19.233 53.743
271 519 28.179 53.951
221 520 22.979 54.055
85 520 8.835 54.055
365 520 37.954 54.055
72 522 7.483 54.263
376 522 39.096 54.263
413 524 42.935 54.470
336 524 34.936 54.470
401 524 41.690 54.470
413 526 42.935 54.678
374 526 38.888 54.678
371 526 38.577 54.678
356 527 37.019 54.782
344 528 35.770 54.885
367 528 38.162 54.885
324 528 33.686 54.885
334 530 34.727 55.093
414 530 43.039 55.093
365 530 37.954 55.093
336 532 34.936 55.301
351 532 36.499 55.301
334 534 34.727 55.508
360 534 37.435 55.508
351 536 36.499 55.716
374 549 38.888 57.065
87 563 9.043 58.518
267 563 27.763 58.518
50 563 5.196 58.518
258 565 26.827 58.725
226 567 23.499 58.933
334 573 34.727 59.556
351 573 36.499 59.556
386 573 40.133 59.556
458 575 47.608 59.763
401 575 41.690 59.763
338 575 35.144 59.763
334 588 34.727 61.112
385 589 40.030 61.216
362 591 37.643 61.424
327 591 33.998 61.424
393 591 40.860 61.424
403 593 41.897 61.631
471 595 48.960 61.839
360 595 37.435 61.839
351 597 36.499 62.046
351 599 36.499 62.254
338 601 35.144 62.462
371 603 38.577 62.669
414 604 43.039 62.773
334 606 34.727 62.981
363 607 37.747 63.084
378 608 39.303 63.188
397 610 41.275 63.396
411 612 42.727 63.603
340 627 35.353 65.161
456 627 47.400 65.161
331 629 34.415 65.368
334 631 34.727 65.576
466 631 48.440 65.576
271 633 28.179 65.783
224 635 23.291 65.991
362 643 37.643 66.821
344 643 35.770 66.821
393 643 40.860 66.821
456 645 47.400 67.029
334 647 34.727 67.236
356 647 37.019 67.236
393 647 40.860 67.236
334 649 34.727 67.444
371 649 38.577 67.444
504 649 52.393 67.444
360 649 37.435 67.444
458 649 47.608 67.444
358 651 37.227 67.652
395 651 41.067 67.652
336 652 34.936 67.755
365 654 37.954 67.963
391 654 40.652 67.963
338 656 35.144 68.171
349 658 36.291 68.378
363 664 37.747 69.001
338 664 35.144 69.001
386 677 40.133 70.351
563 678 58.518 70.455
453 678 47.088 70.455
331 678 34.415 70.455
520 679 54.055 70.559
447 680 46.464 70.662
513 680 53.328 70.662
527 681 54.782 70.766
416 681 43.246 70.766
517 681 53.743 70.766
222 682 23.083 70.869
458 682 47.608 70.869
543 683 56.442 70.973
517 683 53.743 70.973
487 683 50.625 70.973
154 683 16.009 70.973
413 684 42.935 71.077
556 685 57.791 71.180
559 694 58.102 72.114
139 772 14.450 80.229
120 774 12.474 80.437
65 793 6.755 82.409
15 803 1.558 83.447
12 805 1.247 83.654
12 806 1.247 83.758
12 808 1.247 83.966
365 813 37.954 84.485
684 813 71.077 84.485
27 815 2.806 84.693
139 817 14.450 84.901
2 819 0.208 85.109
104 820 10.811 85.212
3 821 0.312 85.316
196 821 20.377 85.316
229 822 23.811 85.420
688 824 71.491 85.628
2 834 0.208 86.666
3 837 0.312 86.977
6 839 0.623 87.185
811 969 84.278 100.682
534 978 55.508 101.616
474 981 49.273 101.927
397 981 41.275 101.927
485 981 50.417 101.927
272 984 28.283 102.239
451 1000 46.880 103.899
813 1040 84.485 108.055
844 1040 87.703 108.055
785 1040 81.578 108.055
810 1042 84.174 108.263
768 1042 79.814 108.263
762 1043 79.191 108.367
795 1046 82.616 108.679
760 1046 78.983 108.679
803 1050 83.447 109.095
793 1068 82.409 110.967
