146 874 1403715280.562 1403715316.962
508 916 1403715298.662 1403715319.062
145 947 1403715280.512 1403715320.612
783 992 1403715312.412 1403715322.862
179 1011 1403715282.212 1403715323.812
874 1011 1403715316.962 1403715323.812
783 1107 1403715312.412 1403715328.612
466 1140 1403715296.562 1403715330.262
783 1209 1403715312.412 1403715333.712
545 1260 1403715300.512 1403715336.262
145 1306 1403715280.512 1403715338.562
545 1363 1403715300.512 1403715341.412
620 1431 1403715304.262 1403715344.812
545 1470 1403715300.512 1403715346.762
1306 1490 1403715338.562 1403715347.762
992 1490 1403715322.862 1403715347.762
376 1510 1403715292.062 1403715348.762
418 1510 1403715294.162 1403715348.762
874 1510 1403715316.962 1403715348.762
349 1576 1403715290.712 1403715352.062
1107 1619 1403715328.612 1403715354.212
1363 1619 1403715341.412 1403715354.212
418 1653 1403715294.162 1403715355.912
1470 1687 1403715346.762 1403715357.612
1490 1712 1403715347.762 1403715358.862
703 1736 1403715308.412 1403715360.062
783 1763 1403715312.412 1403715361.412
783 1785 1403715312.412 1403715362.512
1107 1785 1403715328.612 1403715362.512
1140 1805 1403715330.262 1403715363.512
146 1911 1403715280.562 1403715368.812
1687 1943 1403715357.612 1403715370.412
145 1998 1403715280.512 1403715373.162
1712 2033 1403715358.862 1403715374.912
1712 2053 1403715358.862 1403715375.912
1736 2073 1403715360.062 1403715376.912
1736 2093 1403715360.062 1403715377.912
1687 2133 1403715357.612 1403715379.912
1712 2154 1403715358.862 1403715380.962
2073 2154 1403715376.912 1403715380.962
1687 2259 1403715357.612 1403715386.212
1011 2492 1403715323.812 1403715397.862
2053 2512 1403715375.912 1403715398.862
783 2543 1403715312.412 1403715400.412
1431 2559 1403715344.812 1403715401.212
1998 2570 1403715373.162 1403715401.762
783 2579 1403715312.412 1403715402.212
2053 2589 1403715375.912 1403715402.712
1107 2589 1403715328.612 1403715402.712
2053 2599 1403715375.912 1403715403.212
2053 2613 1403715375.912 1403715403.912
1998 2625 1403715373.162 1403715404.512
376 2633 1403715292.062 1403715404.912
1470 2641 1403715346.762 1403715405.312
2512 2651 1403715398.862 1403715405.812
2512 2662 1403715398.862 1403715406.362
2512 2674 1403715398.862 1403715406.962
2512 2687 1403715398.862 1403715407.612
2543 2692 1403715400.412 1403715407.862
2599 2692 1403715403.212 1403715407.862
2589 2694 1403715402.712 1403715407.962
2599 2696 1403715403.212 1403715408.062
2599 2698 1403715403.212 1403715408.162
2448 2698 1403715395.662 1403715408.162
1687 2702 1403715357.612 1403715408.362
2599 2702 1403715403.212 1403715408.362
2492 2703 1403715397.862 1403715408.412
1712 2704 1403715358.862 1403715408.462
2579 2707 1403715402.212 1403715408.612
1763 2710 1403715361.412 1403715408.762
1653 2711 1403715355.912 1403715408.812
2543 2719 1403715400.412 1403715409.212
1140 2719 1403715330.262 1403715409.212
1687 2719 1403715357.612 1403715409.212
1687 2808 1403715357.612 1403715413.662
1736 2813 1403715360.062 1403715413.912
397 2820 1403715293.112 1403715414.262
397 2821 1403715293.112 1403715414.312
1140 2830 1403715330.262 1403715414.762
874 2832 1403715316.962 1403715414.862
1140 2832 1403715330.262 1403715414.862
1687 2833 1403715357.612 1403715414.912
1712 2834 1403715358.862 1403715414.962
2073 2836 1403715376.912 1403715415.062
397 2849 1403715293.112 1403715415.712
