366 389 1403636876.952 1403636878.102
159 392 1403636866.602 1403636878.252
361 781 1403636876.702 1403636897.702
351 783 1403636876.202 1403636897.802
400 809 1403636878.652 1403636899.102
276 809 1403636872.452 1403636899.102
351 811 1403636876.202 1403636899.202
392 812 1403636878.252 1403636899.252
388 813 1403636878.052 1403636899.302
389 815 1403636878.102 1403636899.402
330 817 1403636875.152 1403636899.502
389 824 1403636878.102 1403636899.852
187 827 1403636868.002 1403636900.002
356 827 1403636876.452 1403636900.002
330 830 1403636875.152 1403636900.152
183 833 1403636867.802 1403636900.302
384 836 1403636877.852 1403636900.452
301 836 1403636873.702 1403636900.452
384 839 1403636877.852 1403636900.602
388 843 1403636878.052 1403636900.802
267 843 1403636872.002 1403636900.802
241 845 1403636870.702 1403636900.902
366 848 1403636876.952 1403636901.052
356 850 1403636876.452 1403636901.152
363 853 1403636876.802 1403636901.302
225 853 1403636869.902 1403636901.302
241 856 1403636870.702 1403636901.452
400 859 1403636878.652 1403636901.602
344 862 1403636875.852 1403636901.752
267 862 1403636872.002 1403636901.752
236 865 1403636870.452 1403636901.902
382 870 1403636877.752 1403636902.152
394 873 1403636878.352 1403636902.302
370 879 1403636877.152 1403636902.602
187 885 1403636868.002 1403636902.902
373 896 1403636877.302 1403636903.452
183 896 1403636867.802 1403636903.452
366 910 1403636876.952 1403636904.152
410 921 1403636879.152 1403636904.702
373 921 1403636877.302 1403636904.702
351 921 1403636876.202 1403636904.702
267 931 1403636872.002 1403636905.202
276 931 1403636872.452 1403636905.202
373 941 1403636877.302 1403636905.702
370 955 1403636877.152 1403636906.402
421 973 1403636879.702 1403636907.302
790 983 1403636898.152 1403636907.802
356 983 1403636876.452 1403636907.802
366 983 1403636876.952 1403636907.802
394 992 1403636878.352 1403636908.252
351 999 1403636876.202 1403636908.602
400 1003 1403636878.652 1403636908.802
267 1006 1403636872.002 1403636908.952
368 1006 1403636877.052 1403636908.952
392 1010 1403636878.252 1403636909.152
366 1010 1403636876.952 1403636909.152
370 1015 1403636877.152 1403636909.402
225 1018 1403636869.902 1403636909.552
370 1021 1403636877.152 1403636909.702
347 1021 1403636876.002 1403636909.702
396 1024 1403636878.452 1403636909.852
225 1027 1403636869.902 1403636910.002
414 1027 1403636879.352 1403636910.002
347 1027 1403636876.002 1403636910.002
368 1028 1403636877.052 1403636910.052
356 1028 1403636876.452 1403636910.052
375 1030 1403636877.402 1403636910.152
361 1035 1403636876.702 1403636910.402
366 1040 1403636876.952 1403636910.652
375 1047 1403636877.402 1403636911.002
370 1051 1403636877.152 1403636911.202
370 1054 1403636877.152 1403636911.352
380 1054 1403636877.652 1403636911.352
392 1061 1403636878.252 1403636911.702
370 1061 1403636877.152 1403636911.702
368 1064 1403636877.052 1403636911.852
370 1069 1403636877.152 1403636912.102
370 1071 1403636877.152 1403636912.202
370 1076 1403636877.152 1403636912.452
370 1079 1403636877.152 1403636912.602
295 1079 1403636873.402 1403636912.602
361 1083 1403636876.702 1403636912.802
487 1088 1403636883.002 1403636913.052
341 1088 1403636875.702 1403636913.052
387 1088 1403636878.002 1403636913.052
394 1091 1403636878.352 1403636913.202
812 1094 1403636899.252 1403636913.352
487 1097 1403636883.002 1403636913.502
396 1099 1403636878.452 1403636913.602
375 1105 1403636877.402 1403636913.902
803 1105 1403636898.802 1403636913.902
396 1105 1403636878.452 1403636913.902
830 1111 1403636900.152 1403636914.202
370 1111 1403636877.152 1403636914.202
368 1117 1403636877.052 1403636914.502
143 1123 1403636865.802 1403636914.802
301 1123 1403636873.702 1403636914.802
330 1128 1403636875.152 1403636915.052
824 1128 1403636899.852 1403636915.052
373 1135 1403636877.302 1403636915.402
375 1138 1403636877.402 1403636915.552
812 1138 1403636899.252 1403636915.552
147 1142 1403636866.002 1403636915.752
481 1142 1403636882.702 1403636915.752
848 1148 1403636901.052 1403636916.052
373 1148 1403636877.302 1403636916.052
370 1155 1403636877.152 1403636916.402
830 1160 1403636900.152 1403636916.652
366 1166 1403636876.952 1403636916.952
817 1166 1403636899.502 1403636916.952
370 1171 1403636877.152 1403636917.202
368 1173 1403636877.052 1403636917.302
370 1176 1403636877.152 1403636917.452
351 1181 1403636876.202 1403636917.702
149 1183 1403636866.102 1403636917.802
366 1183 1403636876.952 1403636917.802
149 1192 1403636866.102 1403636918.252
147 1200 1403636866.002 1403636918.652
487 1200 1403636883.002 1403636918.652
394 1204 1403636878.352 1403636918.852
843 1204 1403636900.802 1403636918.852
151 1204 1403636866.202 1403636918.852
833 1208 1403636900.302 1403636919.052
149 1208 1403636866.102 1403636919.052
149 1209 1403636866.102 1403636919.102
392 1209 1403636878.252 1403636919.102
839 1209 1403636900.602 1403636919.102
149 1211 1403636866.102 1403636919.202
370 1213 1403636877.152 1403636919.302
230 1215 1403636870.152 1403636919.402
151 1215 1403636866.202 1403636919.402
149 1216 1403636866.102 1403636919.452
368 1216 1403636877.052 1403636919.452
344 1216 1403636875.852 1403636919.452
230 1216 1403636870.152 1403636919.452
370 1219 1403636877.152 1403636919.602
230 1219 1403636870.152 1403636919.602
370 1226 1403636877.152 1403636919.952
410 1230 1403636879.152 1403636920.152
347 1230 1403636876.002 1403636920.152
392 1250 1403636878.252 1403636921.152
830 1270 1403636900.152 1403636922.152
392 1270 1403636878.252 1403636922.152
467 1290 1403636882.002 1403636923.152
149 1290 1403636866.102 1403636923.152
786 1290 1403636897.952 1403636923.152
817 1310 1403636899.502 1403636924.152
856 1310 1403636901.452 1403636924.152
827 1330 1403636900.002 1403636925.152
830 1330 1403636900.152 1403636925.152
370 1350 1403636877.152 1403636926.152
824 1350 1403636899.852 1403636926.152
149 1370 1403636866.102 1403636927.152
811 1370 1403636899.202 1403636927.152
859 1390 1403636901.602 1403636928.152
1061 1410 1403636911.702 1403636929.152
1123 1410 1403636914.802 1403636929.152
1138 1410 1403636915.552 1403636929.152
799 1430 1403636898.602 1403636930.152
149 1430 1403636866.102 1403636930.152
1061 1442 1403636911.702 1403636930.752
149 1447 1403636866.102 1403636931.002
1024 1452 1403636909.852 1403636931.252
973 1454 1403636907.302 1403636931.352
1094 1454 1403636913.352 1403636931.352
879 1459 1403636902.602 1403636931.602
830 1459 1403636900.152 1403636931.602
788 1459 1403636898.052 1403636931.602
1018 1467 1403636909.552 1403636932.002
1105 1467 1403636913.902 1403636932.002
870 1467 1403636902.152 1403636932.002
839 1473 1403636900.602 1403636932.302
1021 1473 1403636909.702 1403636932.302
149 1477 1403636866.102 1403636932.502
1148 1497 1403636916.052 1403636933.502
1135 1514 1403636915.402 1403636934.352
1128 1518 1403636915.052 1403636934.552
1028 1519 1403636910.052 1403636934.602
824 1519 1403636899.852 1403636934.602
1166 1520 1403636916.952 1403636934.652
830 1520 1403636900.152 1403636934.652
1216 1520 1403636919.452 1403636934.652
931 1521 1403636905.202 1403636934.702
999 1523 1403636908.602 1403636934.802
931 1523 1403636905.202 1403636934.802
1117 1529 1403636914.502 1403636935.102
1166 1529 1403636916.952 1403636935.102
1069 1532 1403636912.102 1403636935.252
1105 1536 1403636913.902 1403636935.452
149 1542 1403636866.102 1403636935.752
910 1542 1403636904.152 1403636935.752
1208 1562 1403636919.052 1403636936.752
1204 1582 1403636918.852 1403636937.752
1183 1582 1403636917.802 1403636937.752
1208 1591 1403636919.052 1403636938.202
848 1591 1403636901.052 1403636938.202
885 1611 1403636902.902 1403636939.202
149 1611 1403636866.102 1403636939.202
1003 1611 1403636908.802 1403636939.202
836 1622 1403636900.452 1403636939.752
1010 1625 1403636909.152 1403636939.902
983 1638 1403636907.802 1403636940.552
848 1638 1403636901.052 1403636940.552
921 1644 1403636904.702 1403636940.852
839 1644 1403636900.602 1403636940.852
830 1649 1403636900.152 1403636941.102
1215 1651 1403636919.402 1403636941.202
1219 1651 1403636919.602 1403636941.202
1204 1651 1403636918.852 1403636941.202
879 1653 1403636902.602 1403636941.302
1040 1653 1403636910.652 1403636941.302
955 1653 1403636906.402 1403636941.302
1192 1653 1403636918.252 1403636941.302
1111 1653 1403636914.202 1403636941.302
1006 1653 1403636908.952 1403636941.302
1155 1656 1403636916.402 1403636941.452
1028 1656 1403636910.052 1403636941.452
1215 1656 1403636919.402 1403636941.452
931 1656 1403636905.202 1403636941.452
370 1658 1403636877.152 1403636941.552
999 1658 1403636908.602 1403636941.552
1230 1658 1403636920.152 1403636941.552
827 1660 1403636900.002 1403636941.652
1003 1662 1403636908.802 1403636941.752
1209 1664 1403636919.102 1403636941.852
879 1664 1403636902.602 1403636941.852
375 1664 1403636877.402 1403636941.852
1452 1664 1403636931.252 1403636941.852
1138 1664 1403636915.552 1403636941.852
1209 1668 1403636919.102 1403636942.052
1192 1674 1403636918.252 1403636942.352
1064 1674 1403636911.852 1403636942.352
1069 1680 1403636912.102 1403636942.652
1091 1680 1403636913.202 1403636942.652
1117 1689 1403636914.502 1403636943.102
910 1689 1403636904.152 1403636943.102
149 1689 1403636866.102 1403636943.102
1064 1701 1403636911.852 1403636943.702
973 1709 1403636907.302 1403636944.102
833 1738 1403636900.302 1403636945.552
896 1764 1403636903.452 1403636946.852
833 1769 1403636900.302 1403636947.102
992 1776 1403636908.252 1403636947.452
856 1799 1403636901.452 1403636948.602
1142 1799 1403636915.752 1403636948.602
1452 1799 1403636931.252 1403636948.602
836 1819 1403636900.452 1403636949.602
1135 1829 1403636915.402 1403636950.102
1213 1838 1403636919.302 1403636950.552
151 1851 1403636866.202 1403636951.202
1135 1855 1403636915.402 1403636951.402
973 1855 1403636907.302 1403636951.402
973 1860 1403636907.302 1403636951.652
414 1860 1403636879.352 1403636951.652
1138 1860 1403636915.552 1403636951.652
830 1865 1403636900.152 1403636951.902
856 1865 1403636901.452 1403636951.902
187 1865 1403636868.002 1403636951.902
1088 1865 1403636913.052 1403636951.902
1215 1871 1403636919.402 1403636952.202
1148 1875 1403636916.052 1403636952.402
1091 1875 1403636913.202 1403636952.402
1091 1877 1403636913.202 1403636952.502
827 1877 1403636900.002 1403636952.502
827 1881 1403636900.002 1403636952.702
1071 1887 1403636912.202 1403636953.002
839 1887 1403636900.602 1403636953.002
1192 1891 1403636918.252 1403636953.202
1138 1896 1403636915.552 1403636953.452
1192 1898 1403636918.252 1403636953.552
1111 1901 1403636914.202 1403636953.702
805 1901 1403636898.902 1403636953.702
1192 1902 1403636918.252 1403636953.752
1192 1910 1403636918.252 1403636954.152
1123 1912 1403636914.802 1403636954.252
1135 1912 1403636915.402 1403636954.252
1111 1923 1403636914.202 1403636954.802
149 1923 1403636866.102 1403636954.802
836 1923 1403636900.452 1403636954.802
344 1923 1403636875.852 1403636954.802
1018 1925 1403636909.552 1403636954.902
1123 1927 1403636914.802 1403636955.002
824 1933 1403636899.852 1403636955.302
896 1933 1403636903.452 1403636955.302
843 1934 1403636900.802 1403636955.352
843 1937 1403636900.802 1403636955.502
1117 1943 1403636914.502 1403636955.802
999 1948 1403636908.602 1403636956.052
824 1948 1403636899.852 1403636956.052
1015 1949 1403636909.402 1403636956.102
833 1951 1403636900.302 1403636956.202
151 1954 1403636866.202 1403636956.352
1021 1960 1403636909.702 1403636956.652
1142 1960 1403636915.752 1403636956.652
1213 1963 1403636919.302 1403636956.802
1204 1965 1403636918.852 1403636956.902
824 1965 1403636899.852 1403636956.902
1028 1965 1403636910.052 1403636956.902
848 1967 1403636901.052 1403636957.002
1018 1969 1403636909.552 1403636957.102
830 1971 1403636900.152 1403636957.202
1047 1974 1403636911.002 1403636957.352
973 1977 1403636907.302 1403636957.502
1021 1977 1403636909.702 1403636957.502
1094 1982 1403636913.352 1403636957.752
1003 1983 1403636908.802 1403636957.802
1094 1983 1403636913.352 1403636957.802
931 1983 1403636905.202 1403636957.802
896 1984 1403636903.452 1403636957.852
830 1984 1403636900.152 1403636957.852
421 1984 1403636879.702 1403636957.852
1128 1985 1403636915.052 1403636957.902
931 1985 1403636905.202 1403636957.902
1054 1985 1403636911.352 1403636957.902
827 1985 1403636900.002 1403636957.902
147 1986 1403636866.002 1403636957.952
1123 1987 1403636914.802 1403636958.002
879 1987 1403636902.602 1403636958.002
1006 1988 1403636908.952 1403636958.052
147 1990 1403636866.002 1403636958.152
162 1994 1403636866.752 1403636958.352
1015 2014 1403636909.402 1403636959.352
1051 2027 1403636911.202 1403636960.002
1021 2027 1403636909.702 1403636960.002
1015 2038 1403636909.402 1403636960.552
879 2045 1403636902.602 1403636960.902
983 2051 1403636907.802 1403636961.202
1135 2057 1403636915.402 1403636961.502
1006 2062 1403636908.952 1403636961.752
1582 2070 1403636937.752 1403636962.152
1088 2070 1403636913.052 1403636962.152
1611 2074 1403636939.202 1403636962.352
1943 2074 1403636955.802 1403636962.352
1664 2074 1403636941.852 1403636962.352
1949 2080 1403636956.102 1403636962.652
1971 2084 1403636957.202 1403636962.852
1519 2098 1403636934.602 1403636963.552
1967 2098 1403636957.002 1403636963.552
1943 2105 1403636955.802 1403636963.902
1591 2113 1403636938.202 1403636964.302
1520 2119 1403636934.652 1403636964.602
1520 2124 1403636934.652 1403636964.852
1860 2124 1403636951.652 1403636964.852
1937 2124 1403636955.502 1403636964.852
1963 2124 1403636956.802 1403636964.852
1988 2124 1403636958.052 1403636964.852
1819 2132 1403636949.602 1403636965.252
1949 2132 1403636956.102 1403636965.252
1591 2132 1403636938.202 1403636965.252
1829 2133 1403636950.102 1403636965.302
2051 2193 1403636961.202 1403636968.302
1855 2197 1403636951.402 1403636968.502
1532 2197 1403636935.252 1403636968.502
1963 2200 1403636956.802 1403636968.652
1977 2206 1403636957.502 1403636968.952
1536 2206 1403636935.452 1403636968.952
1819 2206 1403636949.602 1403636968.952
1977 2209 1403636957.502 1403636969.102
1974 2212 1403636957.352 1403636969.252
1977 2212 1403636957.502 1403636969.252
1709 2216 1403636944.102 1403636969.452
1982 2220 1403636957.752 1403636969.652
1982 2221 1403636957.752 1403636969.702
1542 2223 1403636935.752 1403636969.802
2051 2225 1403636961.202 1403636969.902
1912 2227 1403636954.252 1403636970.002
1983 2227 1403636957.802 1403636970.002
1855 2230 1403636951.402 1403636970.152
2062 2232 1403636961.752 1403636970.252
1644 2232 1403636940.852 1403636970.252
1520 2237 1403636934.652 1403636970.502
1982 2237 1403636957.752 1403636970.502
2045 2237 1403636960.902 1403636970.502
1529 2240 1403636935.102 1403636970.652
2051 2240 1403636961.202 1403636970.652
1860 2244 1403636951.652 1403636970.852
1529 2251 1403636935.102 1403636971.202
1529 2258 1403636935.102 1403636971.552
1611 2268 1403636939.202 1403636972.052
1855 2268 1403636951.402 1403636972.052
1977 2268 1403636957.502 1403636972.052
1625 2309 1403636939.902 1403636974.102
1656 2309 1403636941.452 1403636974.102
1969 2309 1403636957.102 1403636974.102
1764 2309 1403636946.852 1403636974.102
1902 2319 1403636953.752 1403636974.602
1898 2327 1403636953.552 1403636975.002
1542 2327 1403636935.752 1403636975.002
1943 2332 1403636955.802 1403636975.252
845 2355 1403636900.902 1403636976.402
830 2360 1403636900.152 1403636976.652
839 2364 1403636900.602 1403636976.852
824 2368 1403636899.852 1403636977.052
833 2378 1403636900.302 1403636977.552
1963 2410 1403636956.802 1403636979.152
1591 2413 1403636938.202 1403636979.302
1519 2424 1403636934.602 1403636979.852
2251 2435 1403636971.202 1403636980.402
1010 2438 1403636909.152 1403636980.552
2237 2444 1403636970.502 1403636980.852
1021 2444 1403636909.702 1403636980.852
2251 2450 1403636971.202 1403636981.152
2206 2453 1403636968.952 1403636981.302
2237 2456 1403636970.502 1403636981.452
1097 2456 1403636913.502 1403636981.452
862 2456 1403636901.752 1403636981.452
836 2460 1403636900.452 1403636981.652
921 2466 1403636904.702 1403636981.952
1123 2468 1403636914.802 1403636982.052
368 2471 1403636877.052 1403636982.202
885 2473 1403636902.902 1403636982.302
1027 2473 1403636910.002 1403636982.302
151 2474 1403636866.202 1403636982.352
870 2474 1403636902.152 1403636982.352
1123 2476 1403636914.802 1403636982.452
833 2476 1403636900.302 1403636982.452
2225 2478 1403636969.902 1403636982.552
2258 2478 1403636971.552 1403636982.552
873 2482 1403636902.302 1403636982.752
1591 2482 1403636938.202 1403636982.752
2212 2487 1403636969.252 1403636983.002
845 2487 1403636900.902 1403636983.002
836 2488 1403636900.452 1403636983.052
839 2488 1403636900.602 1403636983.052
2237 2490 1403636970.502 1403636983.152
999 2494 1403636908.602 1403636983.352
2223 2494 1403636969.802 1403636983.352
885 2494 1403636902.902 1403636983.352
421 2494 1403636879.702 1403636983.352
1123 2496 1403636914.802 1403636983.452
839 2499 1403636900.602 1403636983.602
2237 2499 1403636970.502 1403636983.602
830 2503 1403636900.152 1403636983.802
1123 2503 1403636914.802 1403636983.802
1111 2505 1403636914.202 1403636983.902
1015 2506 1403636909.402 1403636983.952
2225 2506 1403636969.902 1403636983.952
2244 2508 1403636970.852 1403636984.052
824 2508 1403636899.852 1403636984.052
2237 2510 1403636970.502 1403636984.152
151 2512 1403636866.202 1403636984.252
1176 2512 1403636917.452 1403636984.252
2223 2517 1403636969.802 1403636984.502
2251 2517 1403636971.202 1403636984.502
2212 2517 1403636969.252 1403636984.502
830 2519 1403636900.152 1403636984.602
2230 2522 1403636970.152 1403636984.752
2240 2525 1403636970.652 1403636984.902
2230 2527 1403636970.152 1403636985.002
879 2527 1403636902.602 1403636985.002
1520 2527 1403636934.652 1403636985.002
992 2530 1403636908.252 1403636985.152
931 2531 1403636905.202 1403636985.202
1003 2541 1403636908.802 1403636985.702
1219 2564 1403636919.602 1403636986.852
1135 2564 1403636915.402 1403636986.852
2223 2564 1403636969.802 1403636986.852
2206 2568 1403636968.952 1403636987.052
1028 2574 1403636910.052 1403636987.352
2212 2574 1403636969.252 1403636987.352
2206 2581 1403636968.952 1403636987.702
2240 2581 1403636970.652 1403636987.702
2221 2587 1403636969.702 1403636988.002
862 2590 1403636901.752 1403636988.152
2153 2594 1403636966.302 1403636988.352
885 2597 1403636902.902 1403636988.502
1611 2597 1403636939.202 1403636988.502
2223 2597 1403636969.802 1403636988.502
2153 2597 1403636966.302 1403636988.502
1111 2607 1403636914.202 1403636989.002
2193 2607 1403636968.302 1403636989.002
1030 2607 1403636910.152 1403636989.002
2237 2607 1403636970.502 1403636989.002
2232 2610 1403636970.252 1403636989.152
2251 2617 1403636971.202 1403636989.502
827 2620 1403636900.002 1403636989.652
859 2620 1403636901.602 1403636989.652
983 2623 1403636907.802 1403636989.802
2230 2623 1403636970.152 1403636989.802
2251 2632 1403636971.202 1403636990.252
1028 2638 1403636910.052 1403636990.552
1622 2638 1403636939.752 1403636990.552
1135 2638 1403636915.402 1403636990.552
910 2638 1403636904.152 1403636990.552
1943 2638 1403636955.802 1403636990.552
839 2642 1403636900.602 1403636990.752
817 2642 1403636899.502 1403636990.752
2223 2645 1403636969.802 1403636990.902
1622 2648 1403636939.752 1403636991.052
1006 2648 1403636908.952 1403636991.052
2177 2650 1403636967.502 1403636991.152
1040 2651 1403636910.652 1403636991.202
824 2651 1403636899.852 1403636991.202
1006 2653 1403636908.952 1403636991.302
830 2653 1403636900.152 1403636991.302
830 2676 1403636900.152 1403636992.452
149 2679 1403636866.102 1403636992.602
1117 2679 1403636914.502 1403636992.602
1061 2679 1403636911.702 1403636992.602
1135 2686 1403636915.402 1403636992.952
1040 2686 1403636910.652 1403636992.952
2319 2690 1403636974.602 1403636993.152
873 2690 1403636902.302 1403636993.152
1851 2690 1403636951.202 1403636993.152
1582 2690 1403636937.752 1403636993.152
151 2690 1403636866.202 1403636993.152
2319 2693 1403636974.602 1403636993.302
1040 2697 1403636910.652 1403636993.502
992 2697 1403636908.252 1403636993.502
973 2697 1403636907.302 1403636993.502
870 2700 1403636902.152 1403636993.652
910 2700 1403636904.152 1403636993.652
1668 2726 1403636942.052 1403636994.952
973 2726 1403636907.302 1403636994.952
836 2726 1403636900.452 1403636994.952
843 2738 1403636900.802 1403636995.552
870 2738 1403636902.152 1403636995.552
1898 2770 1403636953.552 1403636997.152
1881 2771 1403636952.702 1403636997.202
1860 2774 1403636951.652 1403636997.352
1943 2779 1403636955.802 1403636997.602
1591 2779 1403636938.202 1403636997.602
1519 2786 1403636934.602 1403636997.952
1653 2792 1403636941.302 1403636998.252
1965 2796 1403636956.902 1403636998.452
1625 2796 1403636939.902 1403636998.452
1902 2800 1403636953.752 1403636998.652
1644 2800 1403636940.852 1403636998.652
1799 2800 1403636948.602 1403636998.652
1960 2800 1403636956.652 1403636998.652
1891 2807 1403636953.202 1403636999.002
1887 2815 1403636953.002 1403636999.402
1949 2822 1403636956.102 1403636999.752
1943 2826 1403636955.802 1403636999.952
1901 2826 1403636953.702 1403636999.952
1664 2833 1403636941.852 1403637000.302
1865 2836 1403636951.902 1403637000.452
1653 2836 1403636941.302 1403637000.452
1855 2839 1403636951.402 1403637000.602
1901 2839 1403636953.702 1403637000.602
1881 2842 1403636952.702 1403637000.752
1738 2842 1403636945.552 1403637000.752
1851 2849 1403636951.202 1403637001.102
1901 2849 1403636953.702 1403637001.102
1855 2853 1403636951.402 1403637001.302
1963 2853 1403636956.802 1403637001.302
1520 2858 1403636934.652 1403637001.552
1969 2858 1403636957.102 1403637001.552
1860 2858 1403636951.652 1403637001.552
1799 2864 1403636948.602 1403637001.852
1520 2864 1403636934.652 1403637001.852
1875 2867 1403636952.402 1403637002.002
1965 2867 1403636956.902 1403637002.002
1971 2870 1403636957.202 1403637002.152
1855 2873 1403636951.402 1403637002.302
1927 2873 1403636955.002 1403637002.302
1977 2873 1403636957.502 1403637002.302
2084 2873 1403636962.852 1403637002.302
1591 2877 1403636938.202 1403637002.502
1851 2877 1403636951.202 1403637002.502
1709 2882 1403636944.102 1403637002.752
1943 2882 1403636955.802 1403637002.752
1954 2891 1403636956.352 1403637003.202
1330 2894 1403636925.152 1403637003.352
1209 2897 1403636919.102 1403637003.502
1138 2904 1403636915.552 1403637003.852
2221 2907 1403636969.702 1403637004.002
1213 2910 1403636919.302 1403637004.152
1330 2910 1403636925.152 1403637004.152
1871 2911 1403636952.202 1403637004.202
1226 2911 1403636919.952 1403637004.202
2407 2911 1403636979.002 1403637004.202
1902 2912 1403636953.752 1403637004.252
1988 2914 1403636958.052 1403637004.352
1209 2916 1403636919.102 1403637004.452
1519 2916 1403636934.602 1403637004.452
1330 2920 1403636925.152 1403637004.652
2430 2922 1403636980.152 1403637004.752
2364 2922 1403636976.852 1403637004.752
1520 2924 1403636934.652 1403637004.852
1988 2925 1403636958.052 1403637004.902
2471 2927 1403636982.202 1403637005.002
1927 2927 1403636955.002 1403637005.002
1819 2930 1403636949.602 1403637005.152
1521 2930 1403636934.702 1403637005.152
2376 2930 1403636977.452 1403637005.152
2225 2930 1403636969.902 1403637005.152
2460 2930 1403636981.652 1403637005.152
1183 2930 1403636917.802 1403637005.152
1644 2931 1403636940.852 1403637005.202
1967 2933 1403636957.002 1403637005.302
2340 2933 1403636975.652 1403637005.302
1467 2939 1403636932.002 1403637005.602
2562 2939 1403636986.752 1403637005.602
1520 2939 1403636934.652 1403637005.602
2340 2939 1403636975.652 1403637005.602
1021 2953 1403636909.702 1403637006.302
1967 2953 1403636957.002 1403637006.302
2693 2960 1403636993.302 1403637006.652
1091 2960 1403636913.202 1403637006.652
2517 2967 1403636984.502 1403637007.002
1192 2971 1403636918.252 1403637007.202
2319 2971 1403636974.602 1403637007.202
1891 2978 1403636953.202 1403637007.552
1901 2979 1403636953.702 1403637007.602
2693 2981 1403636993.302 1403637007.702
1173 2981 1403636917.302 1403637007.702
2225 2981 1403636969.902 1403637007.702
1213 2984 1403636919.302 1403637007.852
983 2984 1403636907.802 1403637007.852
1035 2984 1403636910.402 1403637007.852
2651 2984 1403636991.202 1403637007.852
1459 2984 1403636931.602 1403637007.852
2632 2989 1403636990.252 1403637008.102
2468 2989 1403636982.052 1403637008.102
1216 2991 1403636919.452 1403637008.202
1155 2997 1403636916.402 1403637008.502
375 2998 1403636877.402 1403637008.552
1521 2998 1403636934.702 1403637008.552
1142 2998 1403636915.752 1403637008.552
2690 2998 1403636993.152 1403637008.552
414 2998 1403636879.352 1403637008.552
1943 2998 1403636955.802 1403637008.552
1680 2998 1403636942.652 1403637008.552
2815 2998 1403636999.402 1403637008.552
1855 2998 1403636951.402 1403637008.552
366 3003 1403636876.952 1403637008.802
