157 502 1413393220.106 1413393237.356
388 527 1413393231.656 1413393238.606
125 543 1413393218.506 1413393239.406
198 557 1413393222.156 1413393240.106
123 713 1413393218.406 1413393247.906
348 713 1413393229.656 1413393247.906
408 740 1413393232.656 1413393249.256
262 888 1413393225.356 1413393256.656
328 888 1413393228.656 1413393256.656
348 908 1413393229.656 1413393257.656
242 929 1413393224.356 1413393258.706
138 949 1413393219.156 1413393259.706
222 969 1413393223.356 1413393260.706
313 969 1413393227.906 1413393260.706
424 994 1413393233.456 1413393261.956
433 1029 1413393233.906 1413393263.706
433 1080 1413393233.906 1413393266.256
433 1100 1413393233.906 1413393267.256
424 1195 1413393233.456 1413393272.006
424 1224 1413393233.456 1413393273.456
313 1321 1413393227.906 1413393278.306
408 1341 1413393232.656 1413393279.306
125 1341 1413393218.506 1413393279.306
178 1370 1413393221.156 1413393280.756
368 1370 1413393230.656 1413393280.756
125 1463 1413393218.506 1413393285.406
313 1483 1413393227.906 1413393286.406
313 1510 1413393227.906 1413393287.756
433 1528 1413393233.906 1413393288.656
275 1792 1413393226.006 1413393301.856
408 1812 1413393232.656 1413393302.856
157 1812 1413393220.106 1413393302.856
138 1834 1413393219.156 1413393303.956
222 1888 1413393223.356 1413393306.656
293 1900 1413393226.906 1413393307.256
275 1911 1413393226.006 1413393307.806
348 1922 1413393229.656 1413393308.356
275 1930 1413393226.006 1413393308.756
293 1940 1413393226.906 1413393309.256
328 1958 1413393228.656 1413393310.156
293 1992 1413393226.906 1413393311.856
293 2011 1413393226.906 1413393312.806
348 2053 1413393229.656 1413393314.906
328 2076 1413393228.656 1413393316.056
293 2090 1413393226.906 1413393316.756
