22 71 2.281 7.366
8 71 0.829 7.366
16 73 1.659 7.573
30 75 3.110 7.780
6 75 0.622 7.780
22 78 2.281 8.092
4 78 0.415 8.092
3 81 0.311 8.403
28 84 2.903 8.714
26 87 2.696 9.025
52 87 5.394 9.025
20 90 2.074 9.335
22 93 2.281 9.646
1 95 0.104 9.853
49 95 5.083 9.853
18 97 1.866 10.060
38 99 3.940 10.268
16 99 1.659 10.268
28 102 2.903 10.579
26 104 2.696 10.786
49 106 5.083 10.994
13 106 1.348 10.994
13 108 1.348 11.201
58 110 6.017 11.408
4 110 0.415 11.408
24 112 2.488 11.616
28 115 2.903 11.927
13 118 1.348 12.238
9 121 0.933 12.549
9 124 0.933 12.860
67 124 6.951 12.860
8 127 0.829 13.171
24 127 2.488 13.171
42 130 4.356 13.482
30 130 3.110 13.482
28 133 2.903 13.793
52 135 5.394 14.001
71 135 7.366 14.001
9 135 0.933 14.001
30 135 3.110 14.001
69 135 7.158 14.001
4 137 0.415 14.208
22 140 2.281 14.519
8 143 0.829 14.830
30 143 3.110 14.830
56 145 5.809 15.037
67 145 6.951 15.037
69 147 7.158 15.245
22 147 2.281 15.245
62 150 6.432 15.556
33 150 3.422 15.556
54 150 5.602 15.556
69 152 7.158 15.763
58 154 6.017 15.971
60 156 6.225 16.178
90 158 9.335 16.386
60 160 6.225 16.593
90 160 9.335 16.593
87 162 9.025 16.801
26 164 2.696 17.008
69 166 7.158 17.216
81 166 8.403 17.216
35 166 3.629 17.216
11 168 1.140 17.423
52 170 5.394 17.631
58 172 6.017 17.838
52 174 5.394 18.045
87 174 9.025 18.045
26 176 2.696 18.253
106 176 10.994 18.253
24 178 2.488 18.460
73 180 7.573 18.667
13 182 1.348 18.875
3 184 0.311 19.082
16 184 1.659 19.082
78 184 8.092 19.082
35 186 3.629 19.290
8 188 0.829 19.497
102 188 10.579 19.497
69 190 7.158 19.704
35 190 3.629 19.704
69 192 7.158 19.912
115 194 11.927 20.119
106 194 10.994 20.119
106 196 10.994 20.326
73 198 7.573 20.534
13 199 1.348 20.637
65 199 6.743 20.637
16 200 1.659 20.741
58 201 6.017 20.844
78 203 8.092 21.052
33 205 3.422 21.259
162 205 16.801 21.259
65 205 6.743 21.259
71 208 7.366 21.570
106 210 10.994 21.777
154 210 15.971 21.777
154 212 15.971 21.985
115 212 11.927 21.985
13 217 1.348 22.503
33 218 3.422 22.607
99 219 10.268 22.710
133 221 13.793 22.917
156 224 16.178 23.228
133 227 13.793 23.539
162 229 16.801 23.746
65 229 6.743 23.746
115 229 11.927 23.746
137 231 14.208 23.954
178 231 18.460 23.954
152 234 15.763 24.265
93 255 9.646 26.441
184 257 19.082 26.649
133 267 13.793 27.685
124 269 12.860 27.893
172 269 17.838 27.893
93 272 9.646 28.204
52 272 5.394 28.204
170 275 17.631 28.515
170 277 17.631 28.723
104 277 10.786 28.723
188 277 19.497 28.723
104 279 10.786 28.930
87 285 9.025 29.553
130 285 13.482 29.553
135 287 14.001 29.761
152 287 15.763 29.761
65 287 6.743 29.761
156 289 16.178 29.968
52 289 5.394 29.968
133 289 13.793 29.968
170 291 17.631 30.175
127 291 13.171 30.175
69 291 7.158 30.175
71 293 7.366 30.383
190 293 19.704 30.383
176 293 18.253 30.383
162 295 16.801 30.590
196 308 20.326 31.939
174 308 18.045 31.939
154 315 15.971 32.665
172 315 17.838 32.665
224 315 23.228 32.665
283 338 29.345 35.049
172 342 17.838 35.463
199 352 20.637 36.500
174 352 18.045 36.500
194 353 20.119 36.603
140 354 14.519 36.707
182 354 18.875 36.707
196 355 20.326 36.811
244 356 25.301 36.914
186 356 19.290 36.914
216 358 22.399 37.122
190 360 19.704 37.329
170 360 17.631 37.329
168 363 17.423 37.640
201 363 20.844 37.640
156 366 16.178 37.951
201 368 20.844 38.158
164 368 17.008 38.158
203 368 21.052 38.158
152 370 15.763 38.366
180 372 18.667 38.573
106 372 10.994 38.573
244 374 25.301 38.781
194 376 20.119 38.988
201 377 20.844 39.092
216 377 22.399 39.092
190 378 19.704 39.195
154 379 15.971 39.299
180 387 18.667 40.128
150 387 15.556 40.128
178 397 18.460 41.166
168 399 17.423 41.373
140 399 14.519 41.373
164 401 17.008 41.581
150 401 15.556 41.581
102 404 10.579 41.892
67 406 6.951 42.100
69 408 7.158 42.307
110 420 11.408 43.552
140 420 14.519 43.552
47 420 4.875 43.552
162 433 16.801 44.900
180 435 18.667 45.107
199 438 20.637 45.418
214 442 22.192 45.833
188 445 19.497 46.144
201 445 20.844 46.144
205 445 21.259 46.144
242 448 25.094 46.455
426 469 44.174 48.631
58 471 6.017 48.838
20 473 2.074 49.045
170 477 17.631 49.459
102 479 10.579 49.667
75 479 7.780 49.667
201 481 20.844 49.874
54 481 5.602 49.874
162 481 16.801 49.874
164 499 17.008 51.737
224 503 23.228 52.151
14 555 1.451 57.548
433 557 44.900 57.755
487 560 50.495 58.066
428 564 44.381 58.481
423 567 43.863 58.792
378 570 39.195 59.103
536 587 55.577 60.867
543 593 56.303 61.489
306 611 31.731 63.355
525 741 54.435 76.834
550 744 57.030 77.145
485 744 50.288 77.145
430 749 44.589 77.664
461 752 47.802 77.975
416 752 43.137 77.975
201 844 20.844 87.513
213 844 22.088 87.513
217 846 22.503 87.720
170 846 17.631 87.720
160 849 16.593 88.031
14 849 1.451 88.031
240 849 24.886 88.031
192 849 19.912 88.031
214 849 22.192 88.031
416 969 43.137 100.475
469 973 48.631 100.889
619 992 64.185 102.860
1 1035 0.104 107.315
90 1035 9.335 107.315
426 1128 44.174 116.963
201 1147 20.844 118.933
192 1147 19.912 118.933
433 1151 44.900 119.348
477 1176 49.459 121.941
231 1259 23.954 130.547
208 1259 21.570 130.547
247 1259 25.612 130.547
1149 1299 119.141 134.696
1206 1299 125.051 134.696
1131 1340 117.274 138.949
1200 1340 124.430 138.949
1128 1344 116.963 139.364
65 1455 6.743 150.877
35 1459 3.629 151.292
433 1690 44.900 175.248
382 1692 39.610 175.456
456 1692 47.284 175.456
426 1694 44.174 175.663
345 1694 35.774 175.663
194 1702 20.119 176.493
196 1703 20.326 176.596
133 1704 13.793 176.700
199 1706 20.637 176.907
463 1850 48.009 191.844
418 1853 43.344 192.156
201 1901 20.844 197.132
227 1901 23.539 197.132
99 1904 10.268 197.443
65 1907 6.743 197.754
628 1933 65.118 200.449
581 1936 60.245 200.761
1191 2045 123.496 212.071
1285 2048 133.243 212.383
1117 2066 115.822 214.250
1143 2069 118.519 214.561
1203 2072 124.740 214.872
1214 2106 125.881 218.397
1186 2106 122.977 218.397
1115 2108 115.615 218.605
418 2175 43.344 225.552
410 2177 42.514 225.760
603 2202 62.526 228.353
2133 2299 221.197 238.410
2137 2302 221.612 238.721
2184 2355 226.486 244.216
2225 2355 230.737 244.216
2147 2395 222.649 248.363
2286 2397 237.062 248.570
2291 2397 237.581 248.570
2099 2397 217.672 248.570
2119 2399 219.745 248.778
2108 2402 218.605 249.089
2177 2405 225.760 249.400
2169 2405 224.930 249.400
2111 2408 218.916 249.711
2130 2408 220.886 249.711
2122 2411 220.056 250.022
2182 2411 226.278 250.022
2220 2413 230.219 250.229
2202 2432 228.353 252.200
2137 2432 221.612 252.200
2313 2434 239.861 252.407
2108 2437 218.605 252.719
2223 2440 230.530 253.030
2099 2443 217.672 253.341
2133 2461 221.197 255.207
2111 2461 218.916 255.207
2106 2463 218.397 255.415
2095 2464 217.257 255.519
87 2524 9.025 261.741
2117 2598 219.538 269.416
2076 2598 215.286 269.416
2102 2598 217.983 269.416
2468 2612 255.934 270.868
2470 2615 256.141 271.179
2470 2617 256.141 271.386
2476 2619 256.764 271.594
2440 2637 253.030 273.461
2459 2637 255.000 273.461
2474 2640 256.556 273.773
2493 2640 258.527 273.773
426 2878 44.174 298.459
2362 3047 244.942 315.989
2347 3049 243.387 316.196
2130 3122 220.886 323.769
2468 3190 255.934 330.822
1753 3333 181.781 345.658
2465 3386 255.622 351.153
2470 3389 256.141 351.464
2459 3391 255.000 351.671
2464 3394 255.519 351.982
2474 3394 256.556 351.982
2217 3517 229.908 364.744
2175 3517 225.552 364.744
2347 3517 243.387 364.744
2088 3520 216.531 365.055
3077 3771 319.101 391.082
3006 3772 311.736 391.186
3099 3773 321.382 391.290
3047 3773 315.989 391.290
459 3859 47.595 400.209
461 3859 47.802 400.209
2411 3878 250.022 402.178
2478 3880 256.971 402.386
2463 3882 255.415 402.593
2472 3882 256.349 402.593
2419 3884 250.851 402.800
2466 3886 255.726 403.008
2469 3889 256.037 403.319
2423 3891 251.267 403.526
2463 3893 255.415 403.733
2413 3896 250.229 404.045
2463 3898 255.415 404.252
3826 4008 396.787 415.656
3893 4008 403.733 415.656
3953 4008 409.954 415.656
3859 4011 400.209 415.968
2268 4021 235.196 417.005
2130 4021 220.886 417.005
26 4054 2.696 420.427
2395 4171 248.363 432.561
2335 4171 242.142 432.561
2284 4171 236.855 432.561
941 4210 97.571 436.610
945 4213 97.986 436.919
949 4217 98.401 437.333
