276 529 1413394895.406 1413394908.356
376 543 1413394900.406 1413394909.056
363 572 1413394899.756 1413394910.506
363 593 1413394899.756 1413394911.556
543 1092 1413394909.056 1413394943.156
543 1106 1413394909.056 1413394943.856
363 1116 1413394899.756 1413394944.356
712 1164 1413394918.256 1413394947.356
703 1167 1413394917.356 1413394947.656
703 1170 1413394917.356 1413394947.956
203 1320 1413394891.756 1413394959.706
637 1360 1413394913.756 1413394961.706
924 1374 1413394932.156 1413394962.406
593 1411 1413394911.556 1413394964.256
529 1425 1413394908.356 1413394964.956
437 1493 1413394903.756 1413394968.356
437 1511 1413394903.756 1413394969.456
1087 1563 1413394942.906 1413394973.806
1116 1572 1413394944.356 1413394974.256
129 1639 1413394888.056 1413394978.556
1288 1643 1413394958.106 1413394978.756
1295 1643 1413394958.456 1413394978.756
203 1649 1413394891.756 1413394979.056
211 1655 1413394892.156 1413394979.356
211 1659 1413394892.156 1413394979.556
211 1665 1413394892.156 1413394979.856
203 1683 1413394891.756 1413394980.756
170 1690 1413394890.106 1413394981.106
740 1753 1413394921.056 1413394985.606
