69 586 1403638130.745 1403638156.595
69 606 1403638130.745 1403638157.595
202 623 1403638137.395 1403638158.445
202 642 1403638137.395 1403638159.395
53 648 1403638129.945 1403638159.695
61 648 1403638130.345 1403638159.695
41 652 1403638129.345 1403638159.895
41 658 1403638129.345 1403638160.195
48 661 1403638129.695 1403638160.345
202 671 1403638137.395 1403638160.845
40 671 1403638129.295 1403638160.845
515 691 1403638153.045 1403638161.845
414 740 1403638147.995 1403638164.295
202 742 1403638137.395 1403638164.395
133 744 1403638133.945 1403638164.495
414 745 1403638147.995 1403638164.545
202 747 1403638137.395 1403638164.645
414 748 1403638147.995 1403638164.695
185 749 1403638136.545 1403638164.745
515 749 1403638153.045 1403638164.745
202 750 1403638137.395 1403638164.795
61 753 1403638130.345 1403638164.945
202 754 1403638137.395 1403638164.995
40 757 1403638129.295 1403638165.145
61 759 1403638130.345 1403638165.245
202 764 1403638137.395 1403638165.495
40 768 1403638129.295 1403638165.695
202 773 1403638137.395 1403638165.945
40 781 1403638129.295 1403638166.345
202 793 1403638137.395 1403638166.945
133 803 1403638133.945 1403638167.445
671 803 1403638160.845 1403638167.445
566 811 1403638155.595 1403638167.845
642 817 1403638159.395 1403638168.145
202 817 1403638137.395 1403638168.145
414 817 1403638147.995 1403638168.145
711 821 1403638162.845 1403638168.345
500 824 1403638152.295 1403638168.495
711 827 1403638162.845 1403638168.645
711 829 1403638162.845 1403638168.745
606 833 1403638157.595 1403638168.945
623 836 1403638158.445 1403638169.095
744 837 1403638164.495 1403638169.145
744 839 1403638164.495 1403638169.245
737 839 1403638164.145 1403638169.245
768 878 1403638165.695 1403638171.195
133 931 1403638133.945 1403638173.845
586 931 1403638156.595 1403638173.845
133 935 1403638133.945 1403638174.045
768 935 1403638165.695 1403638174.045
753 973 1403638164.945 1403638175.945
671 979 1403638160.845 1403638176.245
836 979 1403638169.095 1403638176.245
757 979 1403638165.145 1403638176.245
749 991 1403638164.745 1403638176.845
817 1007 1403638168.145 1403638177.645
711 1007 1403638162.845 1403638177.645
551 1016 1403638154.845 1403638178.095
753 1036 1403638164.945 1403638179.095
817 1036 1403638168.145 1403638179.095
753 1059 1403638164.945 1403638180.245
133 1063 1403638133.945 1403638180.445
648 1063 1403638159.695 1403638180.445
133 1066 1403638133.945 1403638180.595
61 1070 1403638130.345 1403638180.795
185 1074 1403638136.545 1403638180.995
740 1074 1403638164.295 1403638180.995
531 1076 1403638153.845 1403638181.095
759 1077 1403638165.245 1403638181.145
748 1077 1403638164.695 1403638181.145
1063 1529 1403638180.445 1403638203.745
1133 1540 1403638183.945 1403638204.295
1325 1540 1403638193.545 1403638204.295
1041 1543 1403638179.345 1403638204.445
1007 1544 1403638177.645 1403638204.495
1149 1548 1403638184.745 1403638204.695
1163 1558 1403638185.445 1403638205.195
1158 1560 1403638185.195 1403638205.295
1076 1561 1403638181.095 1403638205.345
749 1568 1403638164.745 1403638205.695
586 1568 1403638156.595 1403638205.695
742 1569 1403638164.395 1403638205.745
711 1569 1403638162.845 1403638205.745
837 1633 1403638169.145 1403638208.945
844 1635 1403638169.495 1403638209.045
1574 1636 1403638205.995 1403638209.095
1574 1637 1403638205.995 1403638209.145
844 1639 1403638169.495 1403638209.245
827 1641 1403638168.645 1403638209.345
817 1641 1403638168.145 1403638209.345
829 1645 1403638168.745 1403638209.545
1567 1649 1403638205.645 1403638209.745
844 1656 1403638169.495 1403638210.095
1580 1676 1403638206.295 1403638211.095
1128 1714 1403638183.695 1403638212.995
1090 1715 1403638181.795 1403638213.045
1056 1716 1403638180.095 1403638213.095
1159 1717 1403638185.245 1403638213.145
1049 1723 1403638179.745 1403638213.445
1132 1726 1403638183.895 1403638213.595
1099 1730 1403638182.245 1403638213.795
1036 1730 1403638179.095 1403638213.795
1115 1732 1403638183.045 1403638213.895
1126 1732 1403638183.595 1403638213.895
1147 1734 1403638184.645 1403638213.995
1099 1734 1403638182.245 1403638213.995
1041 1736 1403638179.345 1403638214.095
1544 1737 1403638204.495 1403638214.145
1059 1806 1403638180.245 1403638217.595
1345 1921 1403638194.545 1403638223.345
1185 1931 1403638186.545 1403638223.845
1161 1935 1403638185.345 1403638224.045
1185 1935 1403638186.545 1403638224.045
1119 1936 1403638183.245 1403638224.095
1126 1937 1403638183.595 1403638224.145
1159 1938 1403638185.245 1403638224.195
1154 1939 1403638184.995 1403638224.245
1130 1940 1403638183.795 1403638224.295
1147 1942 1403638184.645 1403638224.395
1063 1942 1403638180.445 1403638224.395
1063 1943 1403638180.445 1403638224.445
1128 1943 1403638183.695 1403638224.445
1154 1943 1403638184.995 1403638224.445
1154 1946 1403638184.995 1403638224.595
1070 1947 1403638180.795 1403638224.645
1406 1947 1403638197.595 1403638224.645
1119 1948 1403638183.245 1403638224.695
1140 1949 1403638184.295 1403638224.745
1147 1949 1403638184.645 1403638224.745
1119 1950 1403638183.245 1403638224.795
1056 1951 1403638180.095 1403638224.845
1099 1951 1403638182.245 1403638224.845
1070 1951 1403638180.795 1403638224.845
1159 1952 1403638185.245 1403638224.895
1601 1953 1403638207.345 1403638224.945
1607 1954 1403638207.645 1403638224.995
1117 1961 1403638183.145 1403638225.345
1074 1965 1403638180.995 1403638225.545
1154 1965 1403638184.995 1403638225.545
1076 1966 1403638181.095 1403638225.595
1150 1966 1403638184.795 1403638225.595
1077 1966 1403638181.145 1403638225.595
1119 1968 1403638183.245 1403638225.695
1161 1968 1403638185.345 1403638225.695
1081 1969 1403638181.345 1403638225.745
1119 1969 1403638183.245 1403638225.745
1049 1969 1403638179.745 1403638225.745
1056 1970 1403638180.095 1403638225.795
1063 1971 1403638180.445 1403638225.845
757 1974 1403638165.145 1403638225.995
1601 1975 1403638207.345 1403638226.045
757 1976 1403638165.145 1403638226.095
1630 1976 1403638208.795 1403638226.095
1636 1977 1403638209.095 1403638226.145
1613 1978 1403638207.945 1403638226.195
1613 1980 1403638207.945 1403638226.295
1631 1981 1403638208.845 1403638226.345
1081 1986 1403638181.345 1403638226.595
1161 1986 1403638185.345 1403638226.595
