169 1007 1403636588.214 1403636630.114
274 1007 1403636593.464 1403636630.114
279 1018 1403636593.714 1403636630.664
269 1018 1403636593.214 1403636630.664
274 1025 1403636593.464 1403636631.014
311 1030 1403636595.314 1403636631.264
169 1034 1403636588.214 1403636631.464
282 1034 1403636593.864 1403636631.464
282 1042 1403636593.864 1403636631.864
169 1044 1403636588.214 1403636631.964
380 1054 1403636598.764 1403636632.464
169 1057 1403636588.214 1403636632.614
203 1057 1403636589.914 1403636632.614
169 1060 1403636588.214 1403636632.764
203 1060 1403636589.914 1403636632.764
274 1067 1403636593.464 1403636633.114
279 1081 1403636593.714 1403636633.814
269 1081 1403636593.214 1403636633.814
282 1089 1403636593.864 1403636634.214
161 1096 1403636587.814 1403636634.564
320 1106 1403636595.764 1403636635.064
279 1117 1403636593.714 1403636635.614
282 1121 1403636593.864 1403636635.814
311 1125 1403636595.314 1403636636.014
289 1128 1403636594.214 1403636636.164
84 1128 1403636583.964 1403636636.164
282 1129 1403636593.864 1403636636.214
257 1129 1403636592.614 1403636636.214
84 1131 1403636583.964 1403636636.314
386 1131 1403636599.064 1403636636.314
262 1132 1403636592.864 1403636636.364
161 1133 1403636587.814 1403636636.414
335 1134 1403636596.514 1403636636.464
161 1135 1403636587.814 1403636636.514
383 1136 1403636598.914 1403636636.564
311 1136 1403636595.314 1403636636.564
335 1137 1403636596.514 1403636636.614
161 1137 1403636587.814 1403636636.614
272 1138 1403636593.364 1403636636.664
203 1140 1403636589.914 1403636636.764
245 1142 1403636592.014 1403636636.864
908 1146 1403636625.164 1403636637.064
320 1150 1403636595.764 1403636637.264
294 1150 1403636594.464 1403636637.264
161 1158 1403636587.814 1403636637.664
262 1160 1403636592.864 1403636637.764
274 1160 1403636593.464 1403636637.764
386 1160 1403636599.064 1403636637.764
386 1162 1403636599.064 1403636637.864
380 1165 1403636598.764 1403636638.014
161 1165 1403636587.814 1403636638.014
282 1165 1403636593.864 1403636638.014
912 1165 1403636625.364 1403636638.014
84 1168 1403636583.964 1403636638.164
284 1173 1403636593.964 1403636638.414
284 1177 1403636593.964 1403636638.614
920 1183 1403636625.764 1403636638.914
266 1183 1403636593.064 1403636638.914
335 1183 1403636596.514 1403636638.914
262 1186 1403636592.864 1403636639.064
84 1186 1403636583.964 1403636639.064
266 1187 1403636593.064 1403636639.114
908 1187 1403636625.164 1403636639.114
289 1189 1403636594.214 1403636639.214
926 1191 1403636626.064 1403636639.314
274 1192 1403636593.464 1403636639.364
262 1193 1403636592.864 1403636639.414
284 1193 1403636593.964 1403636639.414
917 1193 1403636625.614 1403636639.414
197 1195 1403636589.614 1403636639.514
908 1196 1403636625.164 1403636639.564
908 1198 1403636625.164 1403636639.664
282 1200 1403636593.864 1403636639.764
257 1201 1403636592.614 1403636639.814
84 1201 1403636583.964 1403636639.814
279 1201 1403636593.714 1403636639.814
960 1218 1403636627.764 1403636640.664
109 1222 1403636585.214 1403636640.864
269 1222 1403636593.214 1403636640.864
320 1225 1403636595.764 1403636641.014
266 1225 1403636593.064 1403636641.014
997 1227 1403636629.614 1403636641.114
161 1229 1403636587.814 1403636641.214
109 1234 1403636585.214 1403636641.464
109 1236 1403636585.214 1403636641.564
988 1241 1403636629.164 1403636641.814
960 1241 1403636627.764 1403636641.814
266 1244 1403636593.064 1403636641.964
991 1244 1403636629.314 1403636641.964
924 1244 1403636625.964 1403636641.964
282 1246 1403636593.864 1403636642.064
86 1249 1403636584.064 1403636642.214
999 1254 1403636629.714 1403636642.464
926 1259 1403636626.064 1403636642.714
376 1262 1403636598.564 1403636642.864
282 1268 1403636593.864 1403636643.164
161 1271 1403636587.814 1403636643.314
84 1279 1403636583.964 1403636643.714
930 1285 1403636626.264 1403636644.014
109 1286 1403636585.214 1403636644.064
99 1287 1403636584.714 1403636644.114
289 1287 1403636594.214 1403636644.114
991 1289 1403636629.314 1403636644.214
335 1295 1403636596.514 1403636644.514
924 1295 1403636625.964 1403636644.514
955 1297 1403636627.514 1403636644.614
908 1297 1403636625.164 1403636644.614
991 1297 1403636629.314 1403636644.614
970 1301 1403636628.264 1403636644.814
991 1305 1403636629.314 1403636645.014
1044 1305 1403636631.964 1403636645.014
976 1306 1403636628.564 1403636645.064
1121 1307 1403636635.814 1403636645.114
1081 1307 1403636633.814 1403636645.114
1034 1313 1403636631.464 1403636645.414
1106 1313 1403636635.064 1403636645.414
1121 1315 1403636635.814 1403636645.514
979 1315 1403636628.714 1403636645.514
99 1319 1403636584.714 1403636645.714
1034 1319 1403636631.464 1403636645.714
1106 1322 1403636635.064 1403636645.864
1081 1323 1403636633.814 1403636645.914
1025 1323 1403636631.014 1403636645.914
1030 1325 1403636631.264 1403636646.014
908 1328 1403636625.164 1403636646.164
1044 1328 1403636631.964 1403636646.164
1054 1331 1403636632.464 1403636646.314
1121 1332 1403636635.814 1403636646.364
102 1333 1403636584.864 1403636646.414
1089 1335 1403636634.214 1403636646.514
1121 1337 1403636635.814 1403636646.614
1089 1340 1403636634.214 1403636646.764
109 1343 1403636585.214 1403636646.914
67 1345 1403636583.114 1403636647.014
1018 1345 1403636630.664 1403636647.014
1060 1347 1403636632.764 1403636647.114
969 1351 1403636628.214 1403636647.314
997 1351 1403636629.614 1403636647.314
970 1355 1403636628.264 1403636647.514
67 1355 1403636583.114 1403636647.514
1060 1357 1403636632.764 1403636647.614
105 1358 1403636585.014 1403636647.664
1018 1358 1403636630.664 1403636647.664
1054 1359 1403636632.464 1403636647.714
1060 1359 1403636632.764 1403636647.714
1135 1362 1403636636.514 1403636647.864
1060 1366 1403636632.764 1403636648.064
976 1366 1403636628.564 1403636648.064
997 1381 1403636629.614 1403636648.814
1132 1393 1403636636.364 1403636649.414
1044 1403 1403636631.964 1403636649.914
1214 1403 1403636640.464 1403636649.914
983 1403 1403636628.914 1403636649.914
1054 1423 1403636632.464 1403636650.914
1325 1446 1403636646.014 1403636652.064
976 1466 1403636628.564 1403636653.064
1287 1492 1403636644.114 1403636654.364
1319 1503 1403636645.714 1403636654.914
1173 1508 1403636638.414 1403636655.164
67 1508 1403636583.114 1403636655.164
1133 1514 1403636636.414 1403636655.464
1241 1514 1403636641.814 1403636655.464
1054 1514 1403636632.464 1403636655.464
1054 1521 1403636632.464 1403636655.814
1322 1523 1403636645.864 1403636655.914
1177 1523 1403636638.614 1403636655.914
1271 1523 1403636643.314 1403636655.914
102 1525 1403636584.864 1403636656.014
1200 1525 1403636639.764 1403636656.014
1337 1525 1403636646.614 1403636656.014
1125 1527 1403636636.014 1403636656.114
95 1527 1403636584.514 1403636656.114
1381 1529 1403636648.814 1403636656.214
1332 1531 1403636646.364 1403636656.314
1333 1535 1403636646.414 1403636656.514
1117 1538 1403636635.614 1403636656.664
1218 1541 1403636640.664 1403636656.814
262 1542 1403636592.864 1403636656.864
1177 1542 1403636638.614 1403636656.864
383 1542 1403636598.914 1403636656.864
1297 1545 1403636644.614 1403636657.014
1301 1550 1403636644.814 1403636657.264
1067 1554 1403636633.114 1403636657.464
1131 1554 1403636636.314 1403636657.464
1381 1554 1403636648.814 1403636657.464
955 1554 1403636627.514 1403636657.464
1295 1559 1403636644.514 1403636657.714
1393 1559 1403636649.414 1403636657.714
979 1565 1403636628.714 1403636658.014
910 1565 1403636625.264 1403636658.014
988 1577 1403636629.164 1403636658.614
1007 1577 1403636630.114 1403636658.614
1135 1577 1403636636.514 1403636658.614
1060 1577 1403636632.764 1403636658.614
1134 1590 1403636636.464 1403636659.264
262 1608 1403636592.864 1403636660.164
1054 1630 1403636632.464 1403636661.264
930 1630 1403636626.264 1403636661.264
1125 1668 1403636636.014 1403636663.164
67 1668 1403636583.114 1403636663.164
1165 1695 1403636638.014 1403636664.514
67 1709 1403636583.114 1403636665.214
67 1720 1403636583.114 1403636665.764
1295 1724 1403636644.514 1403636665.964
1271 1724 1403636643.314 1403636665.964
1121 1724 1403636635.814 1403636665.964
1446 1731 1403636652.064 1403636666.314
1271 1731 1403636643.314 1403636666.314
1158 1731 1403636637.664 1403636666.314
1332 1736 1403636646.364 1403636666.564
109 1739 1403636585.214 1403636666.714
1323 1742 1403636645.914 1403636666.864
1343 1743 1403636646.914 1403636666.914
1134 1743 1403636636.464 1403636666.914
1128 1744 1403636636.164 1403636666.964
1333 1746 1403636646.414 1403636667.064
1446 1747 1403636652.064 1403636667.114
105 1747 1403636585.014 1403636667.114
99 1753 1403636584.714 1403636667.414
303 1753 1403636594.914 1403636667.414
1362 1753 1403636647.864 1403636667.414
970 1754 1403636628.264 1403636667.464
1359 1755 1403636647.714 1403636667.514
1393 1756 1403636649.414 1403636667.564
1146 1757 1403636637.064 1403636667.614
1340 1757 1403636646.764 1403636667.614
1140 1758 1403636636.764 1403636667.664
1332 1758 1403636646.364 1403636667.664
67 1759 1403636583.114 1403636667.714
1331 1760 1403636646.314 1403636667.764
1322 1761 1403636645.864 1403636667.814
1177 1762 1403636638.614 1403636667.864
1295 1762 1403636644.514 1403636667.864
67 1762 1403636583.114 1403636667.864
1042 1762 1403636631.864 1403636667.864
1162 1763 1403636637.864 1403636667.914
1125 1763 1403636636.014 1403636667.914
1359 1763 1403636647.714 1403636667.914
1142 1763 1403636636.864 1403636667.914
67 1764 1403636583.114 1403636667.964
1133 1765 1403636636.414 1403636668.014
1345 1766 1403636647.014 1403636668.064
1134 1766 1403636636.464 1403636668.064
1323 1766 1403636645.914 1403636668.064
1081 1767 1403636633.814 1403636668.114
1060 1768 1403636632.764 1403636668.164
102 1769 1403636584.864 1403636668.214
1295 1770 1403636644.514 1403636668.264
983 1770 1403636628.914 1403636668.264
102 1770 1403636584.864 1403636668.264
1359 1770 1403636647.714 1403636668.264
1323 1771 1403636645.914 1403636668.314
970 1772 1403636628.264 1403636668.364
976 1775 1403636628.564 1403636668.514
1323 1785 1403636645.914 1403636669.014
1057 1791 1403636632.614 1403636669.314
102 1795 1403636584.864 1403636669.514
1138 1800 1403636636.664 1403636669.764
1306 1803 1403636645.064 1403636669.914
1136 1805 1403636636.564 1403636670.014
1173 1805 1403636638.414 1403636670.014
1173 1809 1403636638.414 1403636670.214
994 1812 1403636629.464 1403636670.364
1132 1814 1403636636.364 1403636670.464
1057 1815 1403636632.614 1403636670.514
1117 1815 1403636635.614 1403636670.514
1271 1815 1403636643.314 1403636670.514
1117 1817 1403636635.614 1403636670.614
983 1817 1403636628.914 1403636670.614
1319 1817 1403636645.714 1403636670.614
1366 1817 1403636648.064 1403636670.614
1150 1820 1403636637.264 1403636670.764
1128 1824 1403636636.164 1403636670.964
1313 1824 1403636645.414 1403636670.964
1096 1824 1403636634.564 1403636670.964
1313 1827 1403636645.414 1403636671.114
1150 1847 1403636637.264 1403636672.114
1200 1867 1403636639.764 1403636673.114
1331 1867 1403636646.314 1403636673.114
262 1867 1403636592.864 1403636673.114
1254 1867 1403636642.464 1403636673.114
67 1906 1403636583.114 1403636675.064
979 1914 1403636628.714 1403636675.464
1295 1914 1403636644.514 1403636675.464
1054 1917 1403636632.464 1403636675.614
979 1923 1403636628.714 1403636675.914
99 1923 1403636584.714 1403636675.914
1744 1952 1403636666.964 1403636677.364
1761 1956 1403636667.814 1403636677.564
1805 1956 1403636670.014 1403636677.564
1809 1958 1403636670.214 1403636677.664
1785 1958 1403636669.014 1403636677.664
983 1962 1403636628.914 1403636677.864
1134 1962 1403636636.464 1403636677.864
976 1962 1403636628.564 1403636677.864
1146 1968 1403636637.064 1403636678.164
105 1968 1403636585.014 1403636678.164
1508 1968 1403636655.164 1403636678.164
1060 1972 1403636632.764 1403636678.364
1812 1996 1403636670.364 1403636679.564
1736 2001 1403636666.564 1403636679.814
1812 2015 1403636670.364 1403636680.514
1785 2017 1403636669.014 1403636680.614
1817 2017 1403636670.614 1403636680.614
1785 2021 1403636669.014 1403636680.814
1736 2021 1403636666.564 1403636680.814
1775 2023 1403636668.514 1403636680.914
1820 2023 1403636670.764 1403636680.914
1914 2023 1403636675.464 1403636680.914
1812 2024 1403636670.364 1403636680.964
1695 2053 1403636664.514 1403636682.414
1744 2053 1403636666.964 1403636682.414
1800 2067 1403636669.764 1403636683.114
1403 2073 1403636649.914 1403636683.414
1096 2077 1403636634.564 1403636683.614
1936 2077 1403636676.564 1403636683.614
1249 2077 1403636642.214 1403636683.614
1096 2098 1403636634.564 1403636684.664
999 2103 1403636629.714 1403636684.914
1162 2103 1403636637.864 1403636684.914
1744 2115 1403636666.964 1403636685.514
1805 2132 1403636670.014 1403636686.364
1753 2132 1403636667.414 1403636686.364
1962 2135 1403636677.864 1403636686.514
1847 2135 1403636672.114 1403636686.514
1761 2138 1403636667.814 1403636686.664
1906 2143 1403636675.064 1403636686.914
1136 2146 1403636636.564 1403636687.064
988 2146 1403636629.164 1403636687.064
1952 2147 1403636677.364 1403636687.114
1134 2148 1403636636.464 1403636687.164
1423 2151 1403636650.914 1403636687.314
1060 2151 1403636632.764 1403636687.314
1744 2156 1403636666.964 1403636687.564
1775 2161 1403636668.514 1403636687.814
1812 2186 1403636670.364 1403636689.064
1847 2198 1403636672.114 1403636689.664
1766 2216 1403636668.064 1403636690.564
1754 2226 1403636667.464 1403636691.064
1771 2233 1403636668.314 1403636691.414
1736 2237 1403636666.564 1403636691.614
1803 2244 1403636669.914 1403636691.964
1827 2252 1403636671.114 1403636692.364
1695 2258 1403636664.514 1403636692.664
1800 2258 1403636669.764 1403636692.664
1081 2258 1403636633.814 1403636692.664
1340 2293 1403636646.764 1403636694.414
1132 2293 1403636636.364 1403636694.414
1393 2293 1403636649.414 1403636694.414
1340 2294 1403636646.764 1403636694.464
1820 2294 1403636670.764 1403636694.464
1932 2294 1403636676.364 1403636694.464
1351 2299 1403636647.314 1403636694.714
1340 2304 1403636646.764 1403636694.964
1121 2306 1403636635.814 1403636695.064
1192 2306 1403636639.364 1403636695.064
99 2306 1403636584.714 1403636695.064
1366 2306 1403636648.064 1403636695.064
1393 2333 1403636649.414 1403636696.414
1755 2333 1403636667.514 1403636696.414
1958 2337 1403636677.664 1403636696.614
1131 2337 1403636636.314 1403636696.614
1757 2344 1403636667.614 1403636696.964
1720 2353 1403636665.764 1403636697.414
1720 2358 1403636665.764 1403636697.664
1757 2358 1403636667.614 1403636697.664
1393 2358 1403636649.414 1403636697.664
1805 2360 1403636670.014 1403636697.764
1755 2360 1403636667.514 1403636697.764
1757 2363 1403636667.614 1403636697.914
1803 2363 1403636669.914 1403636697.914
1529 2373 1403636656.214 1403636698.414
1403 2373 1403636649.914 1403636698.414
1785 2373 1403636669.014 1403636698.414
1809 2373 1403636670.214 1403636698.414
1736 2373 1403636666.564 1403636698.414
980 2382 1403636628.764 1403636698.864
2273 2468 1403636693.414 1403636703.164
1186 2471 1403636639.064 1403636703.314
2128 2476 1403636686.164 1403636703.564
1195 2476 1403636639.514 1403636703.564
2244 2476 1403636691.964 1403636703.564
2306 2483 1403636695.064 1403636703.914
2237 2483 1403636691.614 1403636703.914
2151 2488 1403636687.314 1403636704.164
2176 2492 1403636688.564 1403636704.364
2176 2497 1403636688.564 1403636704.614
1081 2500 1403636633.814 1403636704.764
2258 2500 1403636692.664 1403636704.764
988 2502 1403636629.164 1403636704.864
99 2503 1403636584.714 1403636704.914
920 2503 1403636625.764 1403636704.914
102 2504 1403636584.864 1403636704.964
2026 2504 1403636681.064 1403636704.964
1067 2514 1403636633.114 1403636705.464
2273 2514 1403636693.414 1403636705.464
2360 2515 1403636697.764 1403636705.514
2151 2515 1403636687.314 1403636705.514
1254 2516 1403636642.464 1403636705.564
2176 2516 1403636688.564 1403636705.564
2244 2516 1403636691.964 1403636705.564
109 2518 1403636585.214 1403636705.664
1218 2520 1403636640.664 1403636705.764
1121 2520 1403636635.814 1403636705.764
976 2521 1403636628.564 1403636705.814
1096 2525 1403636634.564 1403636706.014
2237 2526 1403636691.614 1403636706.064
2244 2527 1403636691.964 1403636706.114
1096 2530 1403636634.564 1403636706.264
1096 2531 1403636634.564 1403636706.314
2216 2537 1403636690.564 1403636706.614
2273 2537 1403636693.414 1403636706.614
1158 2537 1403636637.664 1403636706.614
976 2537 1403636628.564 1403636706.614
86 2537 1403636584.064 1403636706.614
1128 2537 1403636636.164 1403636706.614
2138 2540 1403636686.664 1403636706.764
2170 2545 1403636688.264 1403636707.014
2103 2545 1403636684.914 1403636707.014
983 2545 1403636628.914 1403636707.014
2176 2548 1403636688.564 1403636707.164
2015 2550 1403636680.514 1403636707.264
2237 2550 1403636691.614 1403636707.264
2244 2554 1403636691.964 1403636707.464
1004 2555 1403636629.964 1403636707.514
2344 2558 1403636696.964 1403636707.664
2198 2558 1403636689.664 1403636707.664
2135 2558 1403636686.514 1403636707.664
983 2561 1403636628.914 1403636707.814
983 2564 1403636628.914 1403636707.964
1996 2572 1403636679.564 1403636708.364
1089 2572 1403636634.214 1403636708.364
991 2573 1403636629.314 1403636708.414
2273 2573 1403636693.414 1403636708.414
1030 2573 1403636631.264 1403636708.414
99 2575 1403636584.714 1403636708.514
2078 2575 1403636683.664 1403636708.514
2216 2584 1403636690.564 1403636708.964
2306 2591 1403636695.064 1403636709.314
99 2635 1403636584.714 1403636711.514
983 2635 1403636628.914 1403636711.514
2023 2635 1403636680.914 1403636711.514
1724 2646 1403636665.964 1403636712.064
1720 2653 1403636665.764 1403636712.414
1331 2669 1403636646.314 1403636713.214
1096 2669 1403636634.564 1403636713.214
1060 2673 1403636632.764 1403636713.414
2135 2676 1403636686.514 1403636713.564
1060 2676 1403636632.764 1403636713.564
1057 2678 1403636632.614 1403636713.664
2164 2680 1403636687.964 1403636713.764
1736 2699 1403636666.564 1403636714.714
1820 2703 1403636670.764 1403636714.914
1736 2703 1403636666.564 1403636714.914
1503 2703 1403636654.914 1403636714.914
1803 2709 1403636669.914 1403636715.214
1754 2709 1403636667.464 1403636715.214
1042 2728 1403636631.864 1403636716.164
969 2738 1403636628.214 1403636716.664
1060 2740 1403636632.764 1403636716.764
988 2740 1403636629.164 1403636716.764
1060 2743 1403636632.764 1403636716.914
1135 2743 1403636636.514 1403636716.914
1142 2746 1403636636.864 1403636717.064
1335 2777 1403636646.514 1403636718.614
1129 2782 1403636636.214 1403636718.864
1018 2782 1403636630.664 1403636718.864
1805 2799 1403636670.014 1403636719.714
2599 2799 1403636709.714 1403636719.714
1550 2799 1403636657.264 1403636719.714
1135 2799 1403636636.514 1403636719.714
1514 2799 1403636655.464 1403636719.714
2554 2799 1403636707.464 1403636719.714
1755 2799 1403636667.514 1403636719.714
1030 2799 1403636631.264 1403636719.714
1962 2799 1403636677.864 1403636719.714
1914 2809 1403636675.464 1403636720.214
1709 2809 1403636665.214 1403636720.214
1362 2809 1403636647.864 1403636720.214
1803 2828 1403636669.914 1403636721.164
1132 2828 1403636636.364 1403636721.164
1803 2840 1403636669.914 1403636721.764
1042 2852 1403636631.864 1403636722.364
1746 2852 1403636667.064 1403636722.364
1106 2860 1403636635.064 1403636722.764
1785 2860 1403636669.014 1403636722.764
1054 2870 1403636632.464 1403636723.264
109 2878 1403636585.214 1403636723.664
1096 2878 1403636634.564 1403636723.664
1044 2878 1403636631.964 1403636723.664
1981 2882 1403636678.814 1403636723.864
1044 2887 1403636631.964 1403636724.114
1736 2887 1403636666.564 1403636724.114
1042 2889 1403636631.864 1403636724.214
1044 2894 1403636631.964 1403636724.464
1018 2897 1403636630.664 1403636724.614
67 2904 1403636583.114 1403636724.964
1060 2904 1403636632.764 1403636724.964
1331 2904 1403636646.314 1403636724.964
999 2904 1403636629.714 1403636724.964
1044 2929 1403636631.964 1403636726.214
105 2971 1403636585.014 1403636728.314
1214 2985 1403636640.464 1403636729.014
997 2985 1403636629.614 1403636729.014
99 2985 1403636584.714 1403636729.014
1067 2985 1403636633.114 1403636729.014
979 2989 1403636628.714 1403636729.214
1030 2993 1403636631.264 1403636729.414
995 2993 1403636629.514 1403636729.414
1054 2997 1403636632.464 1403636729.614
1343 3001 1403636646.914 1403636729.814
1343 3003 1403636646.914 1403636729.914
1805 3005 1403636670.014 1403636730.014
96 3005 1403636584.564 1403636730.014
2110 3005 1403636685.264 1403636730.014
1315 3005 1403636645.514 1403636730.014
1018 3005 1403636630.664 1403636730.014
1134 3005 1403636636.464 1403636730.014
1403 3017 1403636649.914 1403636730.614
2252 3017 1403636692.364 1403636730.614
1968 3017 1403636678.164 1403636730.614
1345 3017 1403636647.014 1403636730.614
109 3017 1403636585.214 1403636730.614
1134 3017 1403636636.464 1403636730.614
1340 3024 1403636646.764 1403636730.964
1142 3024 1403636636.864 1403636730.964
2597 3024 1403636709.614 1403636730.964
1366 3028 1403636648.064 1403636731.164
1138 3028 1403636636.664 1403636731.164
86 3028 1403636584.064 1403636731.164
1142 3034 1403636636.864 1403636731.464
979 3040 1403636628.714 1403636731.764
1117 3040 1403636635.614 1403636731.764
1307 3040 1403636645.114 1403636731.764
1142 3040 1403636636.864 1403636731.764
1142 3046 1403636636.864 1403636732.064
1757 3061 1403636667.614 1403636732.814
1744 3061 1403636666.964 1403636732.814
1337 3068 1403636646.614 1403636733.164
1521 3068 1403636655.814 1403636733.164
1817 3068 1403636670.614 1403636733.164
1754 3075 1403636667.464 1403636733.514
1744 3075 1403636666.964 1403636733.514
1936 3097 1403636676.564 1403636734.614
109 3104 1403636585.214 1403636734.964
1968 3124 1403636678.164 1403636735.964
109 3130 1403636585.214 1403636736.264
1306 3160 1403636645.064 1403636737.764
105 3169 1403636585.014 1403636738.214
105 3181 1403636585.014 1403636738.814
1218 3300 1403636640.664 1403636744.764
1362 3300 1403636647.864 1403636744.764
983 3300 1403636628.914 1403636744.764
2176 3300 1403636688.564 1403636744.764
1952 3300 1403636677.364 1403636744.764
2461 3300 1403636702.814 1403636744.764
1136 3304 1403636636.564 1403636744.964
1466 3304 1403636653.064 1403636744.964
1067 3306 1403636633.114 1403636745.064
2118 3306 1403636685.664 1403636745.064
1129 3309 1403636636.214 1403636745.214
99 3309 1403636584.714 1403636745.214
1183 3309 1403636638.914 1403636745.214
1492 3309 1403636654.364 1403636745.214
2646 3309 1403636712.064 1403636745.214
2078 3309 1403636683.664 1403636745.214
2127 3312 1403636686.114 1403636745.364
1917 3312 1403636675.614 1403636745.364
1322 3319 1403636645.864 1403636745.714
2344 3319 1403636696.964 1403636745.714
1345 3319 1403636647.014 1403636745.714
1158 3325 1403636637.664 1403636746.014
1820 3325 1403636670.764 1403636746.014
1054 3325 1403636632.464 1403636746.014
1709 3325 1403636665.214 1403636746.014
2216 3325 1403636690.564 1403636746.014
1423 3325 1403636650.914 1403636746.014
970 3325 1403636628.264 1403636746.014
1423 3332 1403636650.914 1403636746.364
1817 3332 1403636670.614 1403636746.364
2216 3332 1403636690.564 1403636746.364
2123 3336 1403636685.914 1403636746.564
2216 3336 1403636690.564 1403636746.564
105 3336 1403636585.014 1403636746.564
1936 3352 1403636676.564 1403636747.364
2123 3359 1403636685.914 1403636747.714
2449 3359 1403636702.214 1403636747.714
1820 3376 1403636670.764 1403636748.564
1952 3376 1403636677.364 1403636748.564
2443 3376 1403636701.914 1403636748.564
2605 3376 1403636710.014 1403636748.564
2015 3381 1403636680.514 1403636748.814
2164 3381 1403636687.964 1403636748.814
1492 3386 1403636654.364 1403636749.064
99 3392 1403636584.714 1403636749.364
105 3394 1403636585.014 1403636749.464
2443 3394 1403636701.914 1403636749.464
2605 3394 1403636710.014 1403636749.464
2540 3394 1403636706.764 1403636749.464
2426 3396 1403636701.064 1403636749.564
1753 3401 1403636667.414 1403636749.814
2537 3404 1403636706.614 1403636749.964
1128 3413 1403636636.164 1403636750.414
2216 3413 1403636690.564 1403636750.414
1668 3413 1403636663.164 1403636750.414
1775 3413 1403636668.514 1403636750.414
2591 3413 1403636709.314 1403636750.414
2006 3413 1403636680.064 1403636750.414
2426 3413 1403636701.064 1403636750.414
1565 3413 1403636658.014 1403636750.414
1089 3413 1403636634.214 1403636750.414
1529 3413 1403636656.214 1403636750.414
969 3413 1403636628.214 1403636750.414
1347 3418 1403636647.114 1403636750.664
2646 3418 1403636712.064 1403636750.664
2110 3418 1403636685.264 1403636750.664
2170 3423 1403636688.264 1403636750.914
2458 3423 1403636702.664 1403636750.914
2645 3423 1403636712.014 1403636750.914
2607 3423 1403636710.114 1403636750.914
1004 3423 1403636629.964 1403636750.914
1138 3423 1403636636.664 1403636750.914
1067 3432 1403636633.114 1403636751.364
1332 3432 1403636646.364 1403636751.364
2458 3432 1403636702.664 1403636751.364
2564 3432 1403636707.964 1403636751.364
2620 3432 1403636710.764 1403636751.364
2540 3432 1403636706.764 1403636751.364
1067 3440 1403636633.114 1403636751.764
2631 3446 1403636711.314 1403636752.064
1936 3446 1403636676.564 1403636752.064
2510 3446 1403636705.264 1403636752.064
976 3446 1403636628.564 1403636752.064
1067 3446 1403636633.114 1403636752.064
2344 3452 1403636696.964 1403636752.364
1956 3452 1403636677.564 1403636752.364
1081 3452 1403636633.814 1403636752.364
1827 3452 1403636671.114 1403636752.364
1135 3452 1403636636.514 1403636752.364
1668 3452 1403636663.164 1403636752.364
1297 3452 1403636644.614 1403636752.364
1753 3452 1403636667.414 1403636752.364
2443 3477 1403636701.914 1403636753.614
1366 3483 1403636648.064 1403636753.914
2121 3483 1403636685.814 1403636753.914
1150 3493 1403636637.264 1403636754.414
2216 3493 1403636690.564 1403636754.414
1358 3493 1403636647.664 1403636754.414
105 3493 1403636585.014 1403636754.414
1359 3498 1403636647.714 1403636754.664
1140 3502 1403636636.764 1403636754.864
979 3504 1403636628.714 1403636754.964
1305 3504 1403636645.014 1403636754.964
2620 3515 1403636710.764 1403636755.514
2635 3528 1403636711.514 1403636756.164
2605 3535 1403636710.014 1403636756.514
2273 3535 1403636693.414 1403636756.514
1761 3540 1403636667.814 1403636756.764
2395 3540 1403636699.514 1403636756.764
1803 3545 1403636669.914 1403636757.014
2580 3547 1403636708.764 1403636757.114
2558 3549 1403636707.664 1403636757.214
1138 3552 1403636636.664 1403636757.364
1319 3552 1403636645.714 1403636757.364
2760 3554 1403636717.764 1403636757.464
1307 3554 1403636645.114 1403636757.464
2561 3554 1403636707.814 1403636757.464
3312 3554 1403636745.364 1403636757.464
1146 3554 1403636637.064 1403636757.464
1720 3556 1403636665.764 1403636757.564
1313 3556 1403636645.414 1403636757.564
2591 3563 1403636709.314 1403636757.914
2026 3563 1403636681.064 1403636757.914
1325 3564 1403636646.014 1403636757.964
2426 3564 1403636701.064 1403636757.964
1158 3565 1403636637.664 1403636758.014
1131 3565 1403636636.314 1403636758.014
1249 3566 1403636642.214 1403636758.064
1331 3566 1403636646.314 1403636758.064
1158 3567 1403636637.664 1403636758.114
3352 3567 1403636747.364 1403636758.114
2889 3567 1403636724.214 1403636758.114
1158 3568 1403636637.664 1403636758.164
2176 3568 1403636688.564 1403636758.164
1906 3568 1403636675.064 1403636758.164
1106 3568 1403636635.064 1403636758.164
1192 3568 1403636639.364 1403636758.164
1991 3568 1403636679.314 1403636758.164
2561 3568 1403636707.814 1403636758.164
2591 3568 1403636709.314 1403636758.164
3309 3568 1403636745.214 1403636758.164
2573 3569 1403636708.414 1403636758.214
1824 3571 1403636670.964 1403636758.314
1744 3571 1403636666.964 1403636758.314
1817 3574 1403636670.614 1403636758.464
1803 3575 1403636669.914 1403636758.514
2456 3578 1403636702.564 1403636758.664
3290 3582 1403636744.264 1403636758.864
3249 3586 1403636742.214 1403636759.064
2615 3586 1403636710.514 1403636759.064
2523 3586 1403636705.914 1403636759.064
2121 3586 1403636685.814 1403636759.064
2887 3586 1403636724.114 1403636759.064
1089 3586 1403636634.214 1403636759.064
1297 3590 1403636644.614 1403636759.264
2081 3592 1403636683.814 1403636759.364
2572 3598 1403636708.364 1403636759.664
2738 3604 1403636716.664 1403636759.964
1128 3604 1403636636.164 1403636759.964
3057 3607 1403636732.614 1403636760.114
2646 3607 1403636712.064 1403636760.114
3432 3607 1403636751.364 1403636760.114
1753 3607 1403636667.414 1403636760.114
1132 3607 1403636636.364 1403636760.114
1150 3607 1403636637.264 1403636760.114
1187 3607 1403636639.114 1403636760.114
1138 3610 1403636636.664 1403636760.264
3052 3610 1403636732.364 1403636760.264
2782 3614 1403636718.864 1403636760.464
3005 3614 1403636730.014 1403636760.464
2575 3614 1403636708.514 1403636760.464
298 3614 1403636594.664 1403636760.464
2645 3615 1403636712.014 1403636760.514
2001 3616 1403636679.814 1403636760.564
2605 3616 1403636710.014 1403636760.564
1359 3617 1403636647.714 1403636760.614
1932 3617 1403636676.364 1403636760.614
1158 3618 1403636637.664 1403636760.664
1218 3618 1403636640.664 1403636760.664
1189 3619 1403636639.214 1403636760.714
1150 3622 1403636637.264 1403636760.864
2299 3625 1403636694.714 1403636761.014
2170 3625 1403636688.264 1403636761.014
2468 3628 1403636703.164 1403636761.164
1162 3628 1403636637.864 1403636761.164
3300 3630 1403636744.764 1403636761.264
161 3630 1403636587.814 1403636761.264
328 3636 1403636596.164 1403636761.564
2561 3637 1403636707.814 1403636761.614
1134 3637 1403636636.464 1403636761.614
266 3637 1403636593.064 1403636761.614
298 3637 1403636594.664 1403636761.614
320 3638 1403636595.764 1403636761.664
376 3650 1403636598.564 1403636762.264
2743 3651 1403636716.914 1403636762.314
320 3651 1403636595.764 1403636762.314
1165 3653 1403636638.014 1403636762.414
325 3653 1403636596.014 1403636762.414
1271 3655 1403636643.314 1403636762.514
1991 3655 1403636679.314 1403636762.514
266 3655 1403636593.064 1403636762.514
2657 3655 1403636712.614 1403636762.514
2703 3655 1403636714.914 1403636762.514
1305 3655 1403636645.014 1403636762.514
2929 3655 1403636726.214 1403636762.514
1466 3655 1403636653.064 1403636762.514
2021 3655 1403636680.814 1403636762.514
169 3655 1403636588.214 1403636762.514
1962 3656 1403636677.864 1403636762.564
1196 3656 1403636639.564 1403636762.564
269 3656 1403636593.214 1403636762.564
2082 3656 1403636683.864 1403636762.564
99 3662 1403636584.714 1403636762.864
2591 3664 1403636709.314 1403636762.964
2653 3664 1403636712.414 1403636762.964
86 3666 1403636584.064 1403636763.064
1140 3667 1403636636.764 1403636763.114
1331 3667 1403636646.314 1403636763.114
284 3667 1403636593.964 1403636763.114
