168 581 1403638526.478 1403638547.128
150 593 1403638525.578 1403638547.728
142 613 1403638525.178 1403638548.728
142 633 1403638525.178 1403638549.728
165 652 1403638526.328 1403638550.678
448 652 1403638540.478 1403638550.678
168 663 1403638526.478 1403638551.228
183 670 1403638527.228 1403638551.578
183 675 1403638527.228 1403638551.828
421 675 1403638539.128 1403638551.828
241 684 1403638530.128 1403638552.278
409 698 1403638538.528 1403638552.978
83 698 1403638522.228 1403638552.978
86 708 1403638522.378 1403638553.478
86 712 1403638522.378 1403638553.678
121 718 1403638524.128 1403638553.978
488 718 1403638542.478 1403638553.978
82 718 1403638522.178 1403638553.978
468 725 1403638541.478 1403638554.328
488 733 1403638542.478 1403638554.728
418 733 1403638538.978 1403638554.728
183 736 1403638527.228 1403638554.878
119 738 1403638524.028 1403638554.978
418 738 1403638538.978 1403638554.978
233 742 1403638529.728 1403638555.178
85 742 1403638522.328 1403638555.178
345 742 1403638535.328 1403638555.178
183 743 1403638527.228 1403638555.228
121 745 1403638524.128 1403638555.328
262 746 1403638531.178 1403638555.378
488 748 1403638542.478 1403638555.478
85 750 1403638522.328 1403638555.578
85 751 1403638522.328 1403638555.628
142 753 1403638525.178 1403638555.728
150 755 1403638525.578 1403638555.828
488 755 1403638542.478 1403638555.828
468 757 1403638541.478 1403638555.928
409 760 1403638538.528 1403638556.078
345 762 1403638535.328 1403638556.178
121 765 1403638524.128 1403638556.328
150 765 1403638525.578 1403638556.328
142 768 1403638525.178 1403638556.478
83 768 1403638522.228 1403638556.478
232 770 1403638529.678 1403638556.578
142 772 1403638525.178 1403638556.678
121 774 1403638524.128 1403638556.778
252 776 1403638530.678 1403638556.878
81 778 1403638522.128 1403638556.978
150 778 1403638525.578 1403638556.978
232 780 1403638529.678 1403638557.078
150 782 1403638525.578 1403638557.178
142 784 1403638525.178 1403638557.278
232 784 1403638529.678 1403638557.278
165 785 1403638526.328 1403638557.328
232 787 1403638529.678 1403638557.428
488 789 1403638542.478 1403638557.528
142 791 1403638525.178 1403638557.628
150 792 1403638525.578 1403638557.678
165 793 1403638526.328 1403638557.728
119 796 1403638524.028 1403638557.878
183 799 1403638527.228 1403638558.028
419 799 1403638539.028 1403638558.028
127 801 1403638524.428 1403638558.128
82 803 1403638522.178 1403638558.228
468 803 1403638541.478 1403638558.228
419 803 1403638539.028 1403638558.228
150 806 1403638525.578 1403638558.378
232 807 1403638529.678 1403638558.428
418 807 1403638538.978 1403638558.428
488 808 1403638542.478 1403638558.478
183 808 1403638527.228 1403638558.478
117 808 1403638523.928 1403638558.478
419 808 1403638539.028 1403638558.478
652 812 1403638550.678 1403638558.678
488 812 1403638542.478 1403638558.678
652 814 1403638550.678 1403638558.778
633 816 1403638549.728 1403638558.878
663 821 1403638551.228 1403638559.128
488 821 1403638542.478 1403638559.128
613 826 1403638548.728 1403638559.378
237 833 1403638529.928 1403638559.728
240 833 1403638530.078 1403638559.728
248 838 1403638530.478 1403638559.978
652 838 1403638550.678 1403638559.978
718 853 1403638553.978 1403638560.728
718 855 1403638553.978 1403638560.828
652 855 1403638550.678 1403638560.828
684 856 1403638552.278 1403638560.878
762 856 1403638556.178 1403638560.878
670 856 1403638551.578 1403638560.878
633 859 1403638549.728 1403638561.028
768 861 1403638556.478 1403638561.128
782 861 1403638557.178 1403638561.128
684 881 1403638552.278 1403638562.128
708 956 1403638553.478 1403638565.878
843 958 1403638560.228 1403638565.978
743 958 1403638555.228 1403638565.978
803 969 1403638558.228 1403638566.528
421 1655 1403638539.128 1403638600.828
232 1655 1403638529.678 1403638600.828
156 1656 1403638525.878 1403638600.878
418 1657 1403638538.978 1403638600.928
239 1657 1403638530.028 1403638600.928
279 1659 1403638532.028 1403638601.028
259 1660 1403638531.028 1403638601.078
251 1660 1403638530.628 1403638601.078
240 1661 1403638530.078 1403638601.128
419 1661 1403638539.028 1403638601.128
150 1666 1403638525.578 1403638601.378
806 1666 1403638558.378 1403638601.378
165 1674 1403638526.328 1403638601.778
757 1674 1403638555.928 1403638601.778
581 1674 1403638547.128 1403638601.778
753 1693 1403638555.728 1403638602.728
736 1693 1403638554.878 1403638602.728
675 1693 1403638551.828 1403638602.728
748 1696 1403638555.478 1403638602.878
684 1696 1403638552.278 1403638602.878
684 1697 1403638552.278 1403638602.928
755 1697 1403638555.828 1403638602.928
743 1698 1403638555.228 1403638602.978
712 1699 1403638553.678 1403638603.028
663 1701 1403638551.228 1403638603.128
712 1705 1403638553.678 1403638603.328
738 1715 1403638554.978 1403638603.828
670 1725 1403638551.578 1403638604.328
684 1733 1403638552.278 1403638604.728
738 1747 1403638554.978 1403638605.428
652 1754 1403638550.678 1403638605.778
738 1757 1403638554.978 1403638605.928
633 1759 1403638549.728 1403638606.028
742 1762 1403638555.178 1403638606.178
542 1762 1403638545.178 1403638606.178
232 1762 1403638529.678 1403638606.178
725 1764 1403638554.328 1403638606.278
652 1766 1403638550.678 1403638606.378
725 1770 1403638554.328 1403638606.578
861 1783 1403638561.128 1403638607.228
861 1790 1403638561.128 1403638607.578
1657 1796 1403638600.928 1403638607.878
1705 1800 1403638603.328 1403638608.078
1733 1803 1403638604.728 1403638608.228
881 1806 1403638562.128 1403638608.378
1705 1808 1403638603.328 1403638608.478
1655 1811 1403638600.828 1403638608.628
1705 1812 1403638603.328 1403638608.678
1696 1814 1403638602.878 1403638608.778
859 1815 1403638561.028 1403638608.828
1698 1817 1403638602.978 1403638608.928
1701 1819 1403638603.128 1403638609.028
1697 1820 1403638602.928 1403638609.078
1733 1826 1403638604.728 1403638609.378
847 1827 1403638560.428 1403638609.428
1701 1829 1403638603.128 1403638609.528
847 1830 1403638560.428 1403638609.578
850 1830 1403638560.578 1403638609.578
850 1831 1403638560.578 1403638609.628
1705 1832 1403638603.328 1403638609.678
581 1835 1403638547.128 1403638609.828
1696 1835 1403638602.878 1403638609.828
1759 1835 1403638606.028 1403638609.828
1701 1837 1403638603.128 1403638609.928
850 1838 1403638560.578 1403638609.978
1762 1838 1403638606.178 1403638609.978
1674 1838 1403638601.778 1403638609.978
861 1841 1403638561.128 1403638610.128
958 1843 1403638565.978 1403638610.228
1699 1843 1403638603.028 1403638610.228
861 1847 1403638561.128 1403638610.428
1674 1847 1403638601.778 1403638610.428
1766 1847 1403638606.378 1403638610.428
856 1851 1403638560.878 1403638610.628
1696 1859 1403638602.878 1403638611.028
931 1864 1403638564.628 1403638611.278
1701 1869 1403638603.128 1403638611.528
1652 1869 1403638600.678 1403638611.528
1705 1873 1403638603.328 1403638611.728
1762 1873 1403638606.178 1403638611.728
826 1873 1403638559.378 1403638611.728
861 1877 1403638561.128 1403638611.928
1699 1879 1403638603.028 1403638612.028
1762 1886 1403638606.178 1403638612.378
1653 1886 1403638600.728 1403638612.378
935 1906 1403638564.828 1403638613.378
1674 1906 1403638601.778 1403638613.378
1759 1906 1403638606.028 1403638613.378
843 1923 1403638560.228 1403638614.228
921 1923 1403638564.128 1403638614.228
969 1923 1403638566.528 1403638614.228
1674 1931 1403638601.778 1403638614.628
1698 1936 1403638602.978 1403638614.878
843 1936 1403638560.228 1403638614.878
684 1938 1403638552.278 1403638614.978
935 1938 1403638564.828 1403638614.978
1733 1940 1403638604.728 1403638615.078
252 1940 1403638530.678 1403638615.078
847 1941 1403638560.428 1403638615.128
772 1957 1403638556.678 1403638615.928
1699 1965 1403638603.028 1403638616.328
1832 1965 1403638609.678 1403638616.328
847 1965 1403638560.428 1403638616.328
1781 1965 1403638607.128 1403638616.328
1754 1969 1403638605.778 1403638616.528
774 1972 1403638556.778 1403638616.678
1754 1972 1403638605.778 1403638616.678
1886 1974 1403638612.378 1403638616.778
581 1974 1403638547.128 1403638616.778
1696 1975 1403638602.878 1403638616.828
561 1975 1403638546.128 1403638616.828
1815 1975 1403638608.828 1403638616.828
743 1977 1403638555.228 1403638616.928
861 1979 1403638561.128 1403638617.028
1715 1982 1403638603.828 1403638617.178
1762 1984 1403638606.178 1403638617.278
843 1984 1403638560.228 1403638617.278
1931 1988 1403638614.628 1403638617.478
1674 1993 1403638601.778 1403638617.728
1820 1996 1403638609.078 1403638617.878
850 1998 1403638560.578 1403638617.978
935 1998 1403638564.828 1403638617.978
1696 2001 1403638602.878 1403638618.128
1877 2003 1403638611.928 1403638618.228
859 2003 1403638561.028 1403638618.228
948 2003 1403638565.478 1403638618.228
856 2007 1403638560.878 1403638618.428
1655 2011 1403638600.828 1403638618.628
850 2020 1403638560.578 1403638619.078
1879 2033 1403638612.028 1403638619.728
1733 2053 1403638604.728 1403638620.728
663 2073 1403638551.228 1403638621.728
812 2093 1403638558.678 1403638622.728
1764 2093 1403638606.278 1403638622.728
751 2093 1403638555.628 1403638622.728
921 2119 1403638564.128 1403638624.028
861 2119 1403638561.128 1403638624.028
1655 2220 1403638600.828 1403638629.078
948 2220 1403638565.478 1403638629.078
1715 2223 1403638603.828 1403638629.228
1656 2227 1403638600.878 1403638629.428
1657 2228 1403638600.928 1403638629.478
1655 2230 1403638600.828 1403638629.578
1661 2232 1403638601.128 1403638629.678
1674 2239 1403638601.778 1403638630.028
856 2241 1403638560.878 1403638630.128
1733 2241 1403638604.728 1403638630.128
755 2242 1403638555.828 1403638630.178
1733 2242 1403638604.728 1403638630.178
958 2242 1403638565.978 1403638630.178
738 2244 1403638554.978 1403638630.278
850 2245 1403638560.578 1403638630.328
1653 2246 1403638600.728 1403638630.378
956 2246 1403638565.878 1403638630.378
1651 2247 1403638600.628 1403638630.428
1652 2248 1403638600.678 1403638630.478
861 2250 1403638561.128 1403638630.578
951 2250 1403638565.628 1403638630.578
1651 2251 1403638600.628 1403638630.628
