37 123 3.845 12.786
30 125 3.117 12.994
30 127 3.117 13.202
6 127 0.623 13.202
28 129 2.909 13.410
40 131 4.157 13.618
25 133 2.597 13.826
28 135 2.909 14.034
27 137 2.806 14.242
42 139 4.365 14.450
42 141 4.365 14.658
30 143 3.117 14.865
40 146 4.157 15.177
21 149 2.182 15.489
6 149 0.623 15.489
28 151 2.909 15.697
25 153 2.597 15.905
8 153 0.831 15.905
15 155 1.558 16.113
15 157 1.558 16.321
8 159 0.831 16.529
56 159 5.820 16.529
42 161 4.365 16.737
28 163 2.909 16.945
42 165 4.365 17.153
56 167 5.820 17.361
42 167 4.365 17.361
37 170 3.845 17.673
65 173 6.755 17.985
27 173 2.806 17.985
81 173 8.419 17.985
15 173 1.558 17.985
37 175 3.845 18.193
8 177 0.831 18.401
32 177 3.325 18.401
56 177 5.820 18.401
30 179 3.117 18.609
27 182 2.806 18.921
45 182 4.676 18.921
32 185 3.325 19.233
3 185 0.312 19.233
6 189 0.623 19.649
34 193 3.533 20.065
15 196 1.558 20.377
60 199 6.235 20.689
40 199 4.157 20.689
54 202 5.612 21.002
10 206 1.039 21.418
49 209 5.092 21.730
23 209 2.390 21.730
40 212 4.157 22.042
6 215 0.623 22.355
34 215 3.533 22.355
54 218 5.612 22.667
2 220 0.208 22.875
12 222 1.247 23.083
120 222 12.474 23.083
53 223 5.508 23.187
37 224 3.845 23.291
8 224 0.831 23.291
6 226 0.623 23.499
2 230 0.208 23.915
27 230 2.806 23.915
12 233 1.247 24.227
79 233 8.211 24.227
8 236 0.831 24.540
21 239 2.182 24.852
104 242 10.811 25.164
65 246 6.755 25.580
17 249 1.766 25.892
12 252 1.247 26.204
106 254 11.019 26.411
21 256 2.182 26.619
116 259 12.059 26.931
78 259 8.107 26.931
104 261 10.811 27.139
51 263 5.300 27.347
112 263 11.643 27.347
30 264 3.117 27.451
79 265 8.211 27.555
153 265 15.905 27.555
63 266 6.547 27.659
2 267 0.208 27.763
98 267 10.187 27.763
10 267 1.039 27.763
60 267 6.235 27.763
89 268 9.251 27.867
118 268 12.267 27.867
19 268 1.974 27.867
6 268 0.623 27.867
51 268 5.300 27.867
32 269 3.325 27.971
89 270 9.251 28.075
78 270 8.107 28.075
99 271 10.291 28.179
69 271 7.171 28.179
87 271 9.043 28.179
116 272 12.059 28.283
99 272 10.291 28.283
78 273 8.107 28.387
40 273 4.157 28.387
109 273 11.331 28.387
98 273 10.187 28.387
146 274 15.177 28.491
81 276 8.419 28.699
17 277 1.766 28.802
83 278 8.627 28.906
54 278 5.612 28.906
67 278 6.963 28.906
143 279 14.865 29.010
74 279 7.691 29.010
32 279 3.325 29.010
89 279 9.251 29.010
63 279 6.547 29.010
67 279 6.963 29.010
116 279 12.059 29.010
81 281 8.419 29.217
45 283 4.676 29.425
67 283 6.963 29.425
102 285 10.603 29.632
65 285 6.755 29.632
96 287 9.979 29.840
139 287 14.450 29.840
85 288 8.835 29.943
123 288 12.786 29.943
8 290 0.831 30.151
202 290 21.002 30.151
179 292 18.609 30.358
89 292 9.251 30.358
149 294 15.489 30.566
79 298 8.211 30.981
93 298 9.667 30.981
53 298 5.508 30.981
189 308 19.649 32.019
209 308 21.730 32.019
278 337 28.906 35.040
103 337 10.707 35.040
106 339 11.019 35.248
143 341 14.865 35.457
274 343 28.491 35.666
91 343 9.459 35.666
267 345 27.763 35.874
165 345 17.153 35.874
267 348 27.763 36.187
125 350 12.994 36.395
278 352 28.906 36.603
270 352 28.075 36.603
95 354 9.875 36.811
153 354 15.905 36.811
173 355 17.985 36.915
120 356 12.474 37.019
274 358 28.491 37.227
263 358 27.347 37.227
189 358 19.649 37.227
153 376 15.905 39.096
177 376 18.401 39.096
276 378 28.699 39.303
268 381 27.867 39.615
202 383 21.002 39.822
153 385 15.905 40.030
278 386 28.906 40.133
298 387 30.981 40.237
270 387 28.075 40.237
267 398 27.763 41.378
281 401 29.217 41.690
165 403 17.153 41.897
269 406 27.971 42.209
127 406 13.202 42.209
285 409 29.632 42.520
224 411 23.291 42.727
17 413 1.766 42.935
287 413 29.840 42.935
270 421 28.075 43.765
290 421 30.151 43.765
149 421 15.489 43.765
212 421 22.042 43.765
170 423 17.673 43.972
281 423 29.217 43.972
259 423 26.931 43.972
273 426 28.387 44.283
104 428 10.811 44.491
277 428 28.802 44.491
290 428 30.151 44.491
87 428 9.043 44.491
270 430 28.075 44.698
165 432 17.153 44.906
196 432 20.377 44.906
233 441 24.227 45.841
104 441 10.811 45.841
157 441 16.321 45.841
270 443 28.075 46.048
267 443 27.763 46.048
268 443 27.867 46.048
261 445 27.139 46.256
102 446 10.603 46.360
163 450 16.945 46.776
272 451 28.283 46.880
270 452 28.075 46.984
288 452 29.943 46.984
278 453 28.906 47.088
270 454 28.075 47.192
281 455 29.217 47.296
270 455 28.075 47.296
261 456 27.139 47.400
163 457 16.945 47.504
285 457 29.632 47.504
143 457 14.865 47.504
273 459 28.387 47.712
139 459 14.450 47.712
276 459 28.699 47.712
272 460 28.283 47.816
125 462 12.994 48.024
153 462 15.905 48.024
102 462 10.603 48.024
74 464 7.691 48.232
270 464 28.075 48.232
281 464 29.217 48.232
60 476 6.235 49.481
252 476 26.204 49.481
261 476 27.139 49.481
151 479 15.697 49.793
159 482 16.529 50.105
196 482 20.377 50.105
19 482 1.974 50.105
215 482 22.355 50.105
233 482 24.227 50.105
272 485 28.283 50.417
163 487 16.945 50.625
259 487 26.931 50.625
381 496 39.615 51.561
360 496 37.435 51.561
343 499 35.666 51.873
104 507 10.811 52.705
103 509 10.707 52.912
72 511 7.483 53.120
173 513 17.985 53.328
165 515 17.153 53.536
182 515 18.921 53.536
185 517 19.233 53.743
271 519 28.179 53.951
99 520 10.291 54.055
334 545 34.727 56.650
365 545 37.954 56.650
393 545 40.860 56.650
356 547 37.019 56.857
376 549 39.096 57.065
381 551 39.615 57.272
146 563 15.177 58.518
56 565 5.820 58.725
163 565 16.945 58.725
112 565 11.643 58.725
287 565 29.840 58.725
226 567 23.499 58.933
104 567 10.811 58.933
153 569 15.905 59.140
212 571 22.042 59.348
278 573 28.906 59.556
287 575 29.840 59.763
268 575 27.867 59.763
96 584 9.979 60.697
281 586 29.217 60.905
103 586 10.707 60.905
170 588 17.673 61.112
76 589 7.899 61.216
177 591 18.401 61.424
76 593 7.899 61.631
146 593 15.177 61.631
233 595 24.227 61.839
292 597 30.358 62.046
116 621 12.059 64.538
278 623 28.906 64.745
271 633 28.179 65.783
224 635 23.291 65.991
279 637 29.010 66.198
393 643 40.860 66.821
326 651 33.894 67.652
533 653 55.404 67.859
334 663 34.727 68.897
360 665 37.435 69.105
348 665 36.187 69.105
519 667 53.951 69.313
362 668 37.643 69.417
547 670 56.857 69.625
383 672 39.822 69.832
416 672 43.246 69.832
553 672 57.480 69.832
459 674 47.712 70.040
421 676 43.765 70.248
376 677 39.096 70.351
334 677 34.727 70.351
386 677 40.133 70.351
345 677 35.874 70.351
559 678 58.102 70.455
453 678 47.088 70.455
462 678 48.024 70.455
520 679 54.055 70.559
398 684 41.378 71.077
413 685 42.935 71.180
409 685 42.520 71.180
526 685 54.678 71.180
513 685 53.328 71.180
551 686 57.272 71.284
398 687 41.378 71.388
401 687 41.690 71.388
547 688 56.857 71.491
558 689 57.999 71.595
556 690 57.791 71.699
411 692 42.727 71.906
432 692 44.906 71.906
637 693 66.198 72.010
629 693 65.368 72.010
559 694 58.102 72.114
12 722 1.247 75.025
12 726 1.247 75.443
112 729 11.643 75.756
151 731 15.697 75.965
281 731 29.217 75.965
538 737 55.923 76.591
479 737 49.793 76.591
362 737 37.643 76.591
612 737 63.603 76.591
438 737 45.529 76.591
607 739 63.084 76.799
667 739 69.313 76.799
12 752 1.247 78.152
17 769 1.766 79.918
6 771 0.623 80.125
17 773 1.766 80.333
120 774 12.474 80.437
81 783 8.419 81.371
15 791 1.558 82.201
12 808 1.247 83.966
462 813 48.024 84.485
27 815 2.806 84.693
688 815 71.491 84.693
556 815 57.791 84.693
689 817 71.595 84.901
438 817 45.529 84.901
139 817 14.450 84.901
629 819 65.368 85.109
2 819 0.208 85.109
614 819 63.811 85.109
199 819 20.689 85.109
389 820 40.445 85.212
104 820 10.811 85.212
686 821 71.284 85.316
360 821 37.435 85.316
2 821 0.208 85.316
196 821 20.377 85.316
233 821 24.227 85.316
593 822 61.631 85.420
687 824 71.388 85.628
418 826 43.454 85.835
8 841 0.831 87.392
454 991 47.192 102.965
614 1010 63.811 104.937
676 1014 70.248 105.352
470 1037 48.856 107.743
493 1037 51.249 107.743
507 1037 52.705 107.743
620 1037 64.434 107.743
637 1039 66.198 107.951
722 1043 75.025 108.367
844 1043 87.703 108.367
793 1068 82.409 110.967
761 1072 79.087 111.383
801 1072 83.239 111.383
785 1072 81.578 111.383
12 1072 1.247 111.383
838 1078 87.081 112.007
757 1081 78.671 112.319
456 1083 47.400 112.527
430 1083 44.698 112.527
453 1083 47.088 112.527
363 1084 37.747 112.631
493 1084 51.249 112.631
610 1085 63.396 112.735
683 1090 70.973 113.255
350 1090 36.395 113.255
460 1090 47.816 113.255
