593 861 1403715553.562 1403715566.962
593 865 1403715553.562 1403715567.162
582 875 1403715553.012 1403715567.662
809 932 1403715564.362 1403715570.512
817 941 1403715564.762 1403715570.962
832 962 1403715565.512 1403715572.012
838 982 1403715565.812 1403715573.012
838 998 1403715565.812 1403715573.812
843 1010 1403715566.062 1403715574.412
683 1056 1403715558.062 1403715576.712
683 1069 1403715558.062 1403715577.362
832 1347 1403715565.512 1403715591.262
843 1367 1403715566.062 1403715592.262
744 1422 1403715561.112 1403715595.012
342 1431 1403715541.012 1403715595.462
744 1431 1403715561.112 1403715595.462
