411 593 1403637151.088 1403637160.188
107 593 1403637135.888 1403637160.188
411 594 1403637151.088 1403637160.238
411 595 1403637151.088 1403637160.288
453 614 1403637153.188 1403637161.238
428 614 1403637151.938 1403637161.238
497 616 1403637155.388 1403637161.338
134 618 1403637137.238 1403637161.438
497 618 1403637155.388 1403637161.438
458 618 1403637153.438 1403637161.438
393 622 1403637150.188 1403637161.638
485 623 1403637154.788 1403637161.688
400 623 1403637150.538 1403637161.688
458 623 1403637153.438 1403637161.688
425 623 1403637151.788 1403637161.688
404 625 1403637150.738 1403637161.788
482 628 1403637154.638 1403637161.938
398 628 1403637150.438 1403637161.938
169 631 1403637138.988 1403637162.088
399 631 1403637150.488 1403637162.088
135 632 1403637137.288 1403637162.138
411 632 1403637151.088 1403637162.138
492 638 1403637155.138 1403637162.438
465 640 1403637153.788 1403637162.538
135 642 1403637137.288 1403637162.638
499 642 1403637155.488 1403637162.638
463 642 1403637153.688 1403637162.638
449 645 1403637152.988 1403637162.788
134 649 1403637137.238 1403637162.988
148 653 1403637137.938 1403637163.188
399 653 1403637150.488 1403637163.188
580 653 1403637159.538 1403637163.188
416 656 1403637151.338 1403637163.338
509 660 1403637155.988 1403637163.538
576 663 1403637159.338 1403637163.688
597 669 1403637160.388 1403637163.988
475 669 1403637154.288 1403637163.988
394 669 1403637150.238 1403637163.988
602 676 1403637160.638 1403637164.338
600 680 1403637160.538 1403637164.538
411 680 1403637151.088 1403637164.538
449 684 1403637152.988 1403637164.738
590 686 1403637160.038 1403637164.838
597 688 1403637160.388 1403637164.938
134 689 1403637137.238 1403637164.988
601 689 1403637160.588 1403637164.988
508 689 1403637155.938 1403637164.988
593 690 1403637160.188 1403637165.038
594 692 1403637160.238 1403637165.138
602 695 1403637160.638 1403637165.288
588 695 1403637159.938 1403637165.288
642 695 1403637162.638 1403637165.288
497 695 1403637155.388 1403637165.288
638 698 1403637162.438 1403637165.438
595 701 1403637160.288 1403637165.588
642 701 1403637162.638 1403637165.588
602 701 1403637160.638 1403637165.588
596 704 1403637160.338 1403637165.738
601 706 1403637160.588 1403637165.838
597 707 1403637160.388 1403637165.888
600 708 1403637160.538 1403637165.938
598 708 1403637160.438 1403637165.938
594 709 1403637160.238 1403637165.988
594 710 1403637160.238 1403637166.038
640 712 1403637162.538 1403637166.138
600 712 1403637160.538 1403637166.138
595 715 1403637160.288 1403637166.288
595 716 1403637160.288 1403637166.338
509 718 1403637155.988 1403637166.438
597 721 1403637160.388 1403637166.588
598 722 1403637160.438 1403637166.638
616 722 1403637161.338 1403637166.638
631 723 1403637162.088 1403637166.688
597 723 1403637160.388 1403637166.688
625 723 1403637161.788 1403637166.688
596 726 1403637160.338 1403637166.838
602 730 1403637160.638 1403637167.038
599 733 1403637160.488 1403637167.188
625 737 1403637161.788 1403637167.388
597 738 1403637160.388 1403637167.438
642 739 1403637162.638 1403637167.488
404 739 1403637150.738 1403637167.488
612 740 1403637161.138 1403637167.538
602 740 1403637160.638 1403637167.538
642 741 1403637162.638 1403637167.588
599 741 1403637160.488 1403637167.588
640 742 1403637162.538 1403637167.638
549 744 1403637157.988 1403637167.738
623 744 1403637161.688 1403637167.738
602 751 1403637160.638 1403637168.088
642 758 1403637162.638 1403637168.438
549 768 1403637157.988 1403637168.938
601 768 1403637160.588 1403637168.938
411 779 1403637151.088 1403637169.488
162 785 1403637138.638 1403637169.788
392 785 1403637150.138 1403637169.788
730 796 1403637167.038 1403637170.338
701 798 1403637165.588 1403637170.438
742 798 1403637167.638 1403637170.438
740 799 1403637167.538 1403637170.488
704 800 1403637165.738 1403637170.538
692 801 1403637165.138 1403637170.588
723 802 1403637166.688 1403637170.638
698 803 1403637165.438 1403637170.688
723 805 1403637166.688 1403637170.788
710 808 1403637166.038 1403637170.938
730 809 1403637167.038 1403637170.988
715 810 1403637166.288 1403637171.038
723 816 1403637166.688 1403637171.338
741 825 1403637167.588 1403637171.788
649 838 1403637162.988 1403637172.438
738 845 1403637167.438 1403637172.788
649 845 1403637162.988 1403637172.788
742 848 1403637167.638 1403637172.938
723 853 1403637166.688 1403637173.188
751 910 1403637168.088 1403637176.038
131 936 1403637137.088 1403637177.338
555 936 1403637158.288 1403637177.338
509 939 1403637155.988 1403637177.488
509 941 1403637155.988 1403637177.588
121 946 1403637136.588 1403637177.838
555 956 1403637158.288 1403637178.338
810 957 1403637171.038 1403637178.388
107 957 1403637135.888 1403637178.388
602 957 1403637160.638 1403637178.388
580 957 1403637159.538 1403637178.388
588 958 1403637159.938 1403637178.438
458 958 1403637153.438 1403637178.438
404 958 1403637150.738 1403637178.438
845 958 1403637172.788 1403637178.438
156 962 1403637138.338 1403637178.638
588 962 1403637159.938 1403637178.638
162 962 1403637138.638 1403637178.638
594 964 1403637160.238 1403637178.738
411 965 1403637151.088 1403637178.788
816 965 1403637171.338 1403637178.788
107 967 1403637135.888 1403637178.888
594 969 1403637160.238 1403637178.988
580 973 1403637159.538 1403637179.188
614 993 1403637161.238 1403637180.188
581 1011 1403637159.588 1403637181.088
599 1011 1403637160.488 1403637181.088
430 1044 1403637152.038 1403637182.738
393 1050 1403637150.188 1403637183.038
134 1050 1403637137.238 1403637183.038
92 1052 1403637135.138 1403637183.138
549 1052 1403637157.988 1403637183.138
404 1052 1403637150.738 1403637183.138
398 1054 1403637150.438 1403637183.238
135 1074 1403637137.288 1403637184.238
475 1078 1403637154.288 1403637184.438
421 1078 1403637151.588 1403637184.438
421 1079 1403637151.588 1403637184.488
709 1095 1403637165.988 1403637185.288
718 1108 1403637166.438 1403637185.938
497 1137 1403637155.388 1403637187.388
465 1139 1403637153.788 1403637187.488
134 1159 1403637137.238 1403637188.488
605 1170 1403637160.788 1403637189.038
809 1184 1403637170.988 1403637189.738
595 1204 1403637160.288 1403637190.738
135 1222 1403637137.288 1403637191.638
580 1222 1403637159.538 1403637191.638
594 1222 1403637160.238 1403637191.638
580 1224 1403637159.538 1403637191.738
159 1224 1403637138.488 1403637191.738
509 1224 1403637155.988 1403637191.738
601 1230 1403637160.588 1403637192.038
597 1231 1403637160.388 1403637192.088
602 1233 1403637160.638 1403637192.188
588 1233 1403637159.938 1403637192.188
597 1236 1403637160.388 1403637192.338
594 1237 1403637160.238 1403637192.388
593 1238 1403637160.188 1403637192.438
598 1238 1403637160.438 1403637192.438
593 1240 1403637160.188 1403637192.538
159 1240 1403637138.488 1403637192.538
660 1240 1403637163.538 1403637192.538
599 1247 1403637160.488 1403637192.888
135 1249 1403637137.288 1403637192.988
799 1249 1403637170.488 1403637192.988
586 1250 1403637159.838 1403637193.038
642 1253 1403637162.638 1403637193.188
596 1253 1403637160.338 1403637193.188
600 1257 1403637160.538 1403637193.388
642 1257 1403637162.638 1403637193.388
568 1259 1403637158.938 1403637193.488
808 1259 1403637170.938 1403637193.488
601 1261 1403637160.588 1403637193.588
597 1262 1403637160.388 1403637193.638
798 1263 1403637170.438 1403637193.688
591 1263 1403637160.088 1403637193.688
596 1264 1403637160.338 1403637193.738
848 1264 1403637172.938 1403637193.738
509 1264 1403637155.988 1403637193.738
135 1266 1403637137.288 1403637193.838
599 1268 1403637160.488 1403637193.938
810 1269 1403637171.038 1403637193.988
599 1269 1403637160.488 1403637193.988
594 1270 1403637160.238 1403637194.038
798 1271 1403637170.438 1403637194.088
803 1273 1403637170.688 1403637194.188
596 1284 1403637160.338 1403637194.738
599 1286 1403637160.488 1403637194.838
1011 1287 1403637181.088 1403637194.888
428 1287 1403637151.938 1403637194.888
625 1287 1403637161.788 1403637194.888
594 1288 1403637160.238 1403637194.938
595 1288 1403637160.288 1403637194.938
1011 1289 1403637181.088 1403637194.988
598 1291 1403637160.438 1403637195.088
1011 1292 1403637181.088 1403637195.138
596 1293 1403637160.338 1403637195.188
596 1312 1403637160.338 1403637196.138
803 1312 1403637170.688 1403637196.138
816 1314 1403637171.338 1403637196.238
162 1342 1403637138.638 1403637197.638
107 1344 1403637135.888 1403637197.738
411 1344 1403637151.088 1403637197.738
576 1344 1403637159.338 1403637197.738
1291 1374 1403637195.088 1403637199.238
1329 1376 1403637196.988 1403637199.338
718 1376 1403637166.438 1403637199.338
1304 1378 1403637195.738 1403637199.438
698 1378 1403637165.438 1403637199.438
706 1380 1403637165.838 1403637199.538
1301 1380 1403637195.588 1403637199.538
1282 1380 1403637194.638 1403637199.538
686 1380 1403637164.838 1403637199.538
1224 1380 1403637191.738 1403637199.538
692 1381 1403637165.138 1403637199.588
1282 1381 1403637194.638 1403637199.588
1261 1381 1403637193.588 1403637199.588
690 1384 1403637165.038 1403637199.738
1224 1384 1403637191.738 1403637199.738
1273 1387 1403637194.188 1403637199.888
798 1392 1403637170.438 1403637200.138
1270 1395 1403637194.038 1403637200.288
805 1395 1403637170.788 1403637200.288
601 1395 1403637160.588 1403637200.288
738 1395 1403637167.438 1403637200.288
973 1398 1403637179.188 1403637200.438
1081 1398 1403637184.588 1403637200.438
686 1401 1403637164.838 1403637200.588
616 1401 1403637161.338 1403637200.588
602 1404 1403637160.638 1403637200.738
936 1404 1403637177.338 1403637200.738
1083 1406 1403637184.688 1403637200.838
600 1406 1403637160.538 1403637200.838
1263 1406 1403637193.688 1403637200.838
1118 1406 1403637186.438 1403637200.838
597 1408 1403637160.388 1403637200.938
973 1410 1403637179.188 1403637201.038
598 1410 1403637160.438 1403637201.038
939 1410 1403637177.488 1403637201.038
1078 1410 1403637184.438 1403637201.038
597 1413 1403637160.388 1403637201.188
936 1415 1403637177.338 1403637201.288
1381 1415 1403637199.588 1403637201.288
808 1416 1403637170.938 1403637201.338
993 1416 1403637180.188 1403637201.338
695 1422 1403637165.288 1403637201.638
751 1422 1403637168.088 1403637201.638
1286 1422 1403637194.838 1403637201.638
1282 1422 1403637194.638 1403637201.638
1293 1442 1403637195.188 1403637202.638
935 1468 1403637177.288 1403637203.938
1257 1468 1403637193.388 1403637203.938
1237 1468 1403637192.388 1403637203.938
1081 1573 1403637184.588 1403637209.188
1222 1593 1403637191.638 1403637210.188
695 1593 1403637165.288 1403637210.188
935 1608 1403637177.288 1403637210.938
805 1608 1403637170.788 1403637210.938
1287 1612 1403637194.888 1403637211.138
1263 1615 1403637193.688 1403637211.288
1282 1616 1403637194.638 1403637211.338
1266 1619 1403637193.838 1403637211.488
1011 1622 1403637181.088 1403637211.638
1337 1622 1403637197.388 1403637211.638
946 1622 1403637177.838 1403637211.638
805 1625 1403637170.788 1403637211.788
1250 1630 1403637193.038 1403637212.038
799 1630 1403637170.488 1403637212.038
964 1632 1403637178.738 1403637212.138
810 1632 1403637171.038 1403637212.138
1271 1638 1403637194.088 1403637212.438
1204 1638 1403637190.738 1403637212.438
911 1638 1403637176.088 1403637212.438
600 1642 1403637160.538 1403637212.638
597 1645 1403637160.388 1403637212.788
1284 1645 1403637194.738 1403637212.788
1270 1647 1403637194.038 1403637212.888
800 1647 1403637170.538 1403637212.888
1253 1648 1403637193.188 1403637212.938
704 1652 1403637165.738 1403637213.138
1314 1652 1403637196.238 1403637213.138
1324 1672 1403637196.738 1403637214.138
1247 1679 1403637192.888 1403637214.488
1137 1679 1403637187.388 1403637214.488
1266 1699 1403637193.838 1403637215.488
809 1699 1403637170.988 1403637215.488
939 1699 1403637177.488 1403637215.488
602 1712 1403637160.638 1403637216.138
916 1716 1403637176.338 1403637216.338
1293 1723 1403637195.188 1403637216.688
1340 1727 1403637197.538 1403637216.888
808 1727 1403637170.938 1403637216.888
1074 1727 1403637184.238 1403637216.888
1257 1727 1403637193.388 1403637216.888
1159 1727 1403637188.488 1403637216.888
964 1727 1403637178.738 1403637216.888
1286 1727 1403637194.838 1403637216.888
1240 1727 1403637192.538 1403637216.888
581 1727 1403637159.588 1403637216.888
1291 1730 1403637195.088 1403637217.038
911 1730 1403637176.088 1403637217.038
1236 1734 1403637192.338 1403637217.238
684 1734 1403637164.738 1403637217.238
1204 1737 1403637190.738 1403637217.388
1293 1738 1403637195.188 1403637217.438
597 1738 1403637160.388 1403637217.438
689 1739 1403637164.988 1403637217.488
1268 1739 1403637193.938 1403637217.488
905 1739 1403637175.788 1403637217.488
964 1739 1403637178.738 1403637217.488
595 1742 1403637160.288 1403637217.638
690 1745 1403637165.038 1403637217.788
809 1753 1403637170.988 1403637218.188
1250 1753 1403637193.038 1403637218.188
695 1757 1403637165.288 1403637218.388
798 1757 1403637170.438 1403637218.388
809 1757 1403637170.988 1403637218.388
600 1757 1403637160.538 1403637218.388
967 1757 1403637178.888 1403637218.388
1269 1757 1403637193.988 1403637218.388
1170 1757 1403637189.038 1403637218.388
1273 1759 1403637194.188 1403637218.488
816 1761 1403637171.338 1403637218.588
816 1765 1403637171.338 1403637218.788
1298 1765 1403637195.438 1403637218.788
1282 1765 1403637194.638 1403637218.788
905 1765 1403637175.788 1403637218.788
993 1765 1403637180.188 1403637218.788
1263 1765 1403637193.688 1403637218.788
605 1767 1403637160.788 1403637218.888
1080 1768 1403637184.538 1403637218.938
1108 1768 1403637185.938 1403637218.938
689 1770 1403637164.988 1403637219.038
614 1770 1403637161.238 1403637219.038
600 1770 1403637160.538 1403637219.038
1011 1770 1403637181.088 1403637219.038
582 1771 1403637159.638 1403637219.088
1311 1771 1403637196.088 1403637219.088
1288 1771 1403637194.938 1403637219.088
710 1771 1403637166.038 1403637219.088
789 1771 1403637169.988 1403637219.088
1170 1779 1403637189.038 1403637219.488
740 1781 1403637167.538 1403637219.588
601 1781 1403637160.588 1403637219.588
1139 1783 1403637187.488 1403637219.688
946 1783 1403637177.838 1403637219.688
608 1783 1403637160.938 1403637219.688
964 1785 1403637178.738 1403637219.788
596 1788 1403637160.338 1403637219.938
1233 1788 1403637192.188 1403637219.938
939 1788 1403637177.488 1403637219.938
596 1790 1403637160.338 1403637220.038
1139 1790 1403637187.488 1403637220.038
800 1792 1403637170.538 1403637220.138
1266 1793 1403637193.838 1403637220.188
597 1793 1403637160.388 1403637220.188
1292 1799 1403637195.138 1403637220.488
957 1799 1403637178.388 1403637220.488
801 1799 1403637170.588 1403637220.488
935 1808 1403637177.288 1403637220.938
582 1808 1403637159.638 1403637220.938
638 1808 1403637162.438 1403637220.938
1337 1811 1403637197.388 1403637221.088
1078 1811 1403637184.438 1403637221.088
602 1811 1403637160.638 1403637221.088
640 1811 1403637162.538 1403637221.088
785 1811 1403637169.788 1403637221.088
1332 1814 1403637197.138 1403637221.238
958 1814 1403637178.438 1403637221.238
649 1817 1403637162.988 1403637221.388
684 1817 1403637164.738 1403637221.388
1137 1817 1403637187.388 1403637221.388
1224 1820 1403637191.738 1403637221.538
1295 1823 1403637195.288 1403637221.688
1250 1832 1403637193.038 1403637222.138
993 1833 1403637180.188 1403637222.188
1253 1833 1403637193.188 1403637222.188
935 1833 1403637177.288 1403637222.188
779 1833 1403637169.488 1403637222.188
795 1835 1403637170.288 1403637222.288
1380 1835 1403637199.538 1403637222.288
595 1835 1403637160.288 1403637222.288
958 1835 1403637178.438 1403637222.288
602 1836 1403637160.638 1403637222.338
993 1836 1403637180.188 1403637222.338
1312 1836 1403637196.138 1403637222.338
1332 1836 1403637197.138 1403637222.338
1392 1836 1403637200.138 1403637222.338
623 1836 1403637161.688 1403637222.338
692 1836 1403637165.138 1403637222.338
1288 1839 1403637194.938 1403637222.488
1304 1839 1403637195.738 1403637222.488
614 1839 1403637161.238 1403637222.488
1381 1839 1403637199.588 1403637222.488
688 1839 1403637164.938 1403637222.488
598 1842 1403637160.438 1403637222.638
594 1842 1403637160.238 1403637222.638
597 1844 1403637160.388 1403637222.738
932 1844 1403637177.138 1403637222.738
1332 1844 1403637197.138 1403637222.738
1288 1844 1403637194.938 1403637222.738
1078 1844 1403637184.438 1403637222.738
602 1846 1403637160.638 1403637222.838
1271 1847 1403637194.088 1403637222.888
1078 1850 1403637184.438 1403637223.038
1262 1850 1403637193.638 1403637223.038
602 1856 1403637160.638 1403637223.338
799 1859 1403637170.488 1403637223.488
1083 1859 1403637184.688 1403637223.488
601 1859 1403637160.588 1403637223.488
779 1859 1403637169.488 1403637223.488
810 1859 1403637171.038 1403637223.488
1240 1859 1403637192.538 1403637223.488
1301 1859 1403637195.588 1403637223.488
594 1862 1403637160.238 1403637223.638
1083 1865 1403637184.688 1403637223.788
669 1865 1403637163.988 1403637223.788
1237 1869 1403637192.388 1403637223.988
805 1869 1403637170.788 1403637223.988
1268 1869 1403637193.938 1403637223.988
1384 1895 1403637199.738 1403637225.288
601 1904 1403637160.588 1403637225.738
1233 1907 1403637192.188 1403637225.888
993 1907 1403637180.188 1403637225.888
779 1910 1403637169.488 1403637226.038
1081 1910 1403637184.588 1403637226.038
1287 1910 1403637194.888 1403637226.038
1308 1910 1403637195.938 1403637226.038
1261 1910 1403637193.588 1403637226.038
710 1910 1403637166.038 1403637226.038
905 1913 1403637175.788 1403637226.188
598 1913 1403637160.438 1403637226.188
1392 1913 1403637200.138 1403637226.188
838 1913 1403637172.438 1403637226.188
1384 1917 1403637199.738 1403637226.388
594 1919 1403637160.238 1403637226.488
816 1920 1403637171.338 1403637226.538
602 1920 1403637160.638 1403637226.538
594 1921 1403637160.238 1403637226.588
596 1924 1403637160.338 1403637226.738
973 1926 1403637179.188 1403637226.838
715 1928 1403637166.288 1403637226.938
1247 1933 1403637192.888 1403637227.188
810 1934 1403637171.038 1403637227.238
1257 1934 1403637193.388 1403637227.238
993 1934 1403637180.188 1403637227.238
599 1934 1403637160.488 1403637227.238
1270 1940 1403637194.038 1403637227.538
706 1945 1403637165.838 1403637227.788
1284 1945 1403637194.738 1403637227.788
1170 1945 1403637189.038 1403637227.788
808 1949 1403637170.938 1403637227.988
1268 1955 1403637193.938 1403637228.288
912 1955 1403637176.138 1403637228.288
594 1964 1403637160.238 1403637228.738
595 1968 1403637160.288 1403637228.938
912 1974 1403637176.138 1403637229.238
1317 1974 1403637196.388 1403637229.238
816 1977 1403637171.338 1403637229.388
1184 1977 1403637189.738 1403637229.388
1139 1977 1403637187.488 1403637229.388
1288 1979 1403637194.938 1403637229.488
690 1979 1403637165.038 1403637229.488
910 1980 1403637176.038 1403637229.538
932 1980 1403637177.138 1403637229.538
1380 1980 1403637199.538 1403637229.538
1282 1980 1403637194.638 1403637229.538
599 1983 1403637160.488 1403637229.688
1204 1983 1403637190.738 1403637229.688
597 1985 1403637160.388 1403637229.788
600 1988 1403637160.538 1403637229.938
793 1992 1403637170.188 1403637230.138
967 1992 1403637178.888 1403637230.138
676 1992 1403637164.338 1403637230.138
1292 1992 1403637195.138 1403637230.138
1074 1992 1403637184.238 1403637230.138
1271 1992 1403637194.088 1403637230.138
1184 2012 1403637189.738 1403637231.138
1292 2032 1403637195.138 1403637232.138
594 2080 1403637160.238 1403637234.538
1679 2080 1403637214.488 1403637234.538
1788 2080 1403637219.938 1403637234.538
1619 2080 1403637211.488 1403637234.538
1765 2080 1403637218.788 1403637234.538
1608 2083 1403637210.938 1403637234.688
1781 2090 1403637219.588 1403637235.038
602 2090 1403637160.638 1403637235.038
421 2090 1403637151.588 1403637235.038
1392 2090 1403637200.138 1403637235.038
810 2090 1403637171.038 1403637235.038
421 2092 1403637151.588 1403637235.138
1790 2093 1403637220.038 1403637235.188
1679 2093 1403637214.488 1403637235.188
1468 2093 1403637203.938 1403637235.188
1792 2102 1403637220.138 1403637235.638
1672 2111 1403637214.138 1403637236.088
1775 2118 1403637219.288 1403637236.438
1790 2118 1403637220.038 1403637236.438
1647 2118 1403637212.888 1403637236.438
509 2118 1403637155.988 1403637236.438
1753 2122 1403637218.188 1403637236.638
1712 2125 1403637216.138 1403637236.788
1608 2125 1403637210.938 1403637236.788
1263 2137 1403637193.688 1403637237.388
1283 2137 1403637194.688 1403637237.388
1240 2139 1403637192.538 1403637237.488
1308 2142 1403637195.938 1403637237.638
1224 2145 1403637191.738 1403637237.788
1292 2150 1403637195.138 1403637238.038
1262 2155 1403637193.638 1403637238.288
1273 2159 1403637194.188 1403637238.488
1332 2162 1403637197.138 1403637238.638
740 2164 1403637167.538 1403637238.738
1271 2167 1403637194.088 1403637238.888
1771 2226 1403637219.088 1403637241.838
1781 2226 1403637219.588 1403637241.838
1625 2231 1403637211.788 1403637242.088
1645 2251 1403637212.788 1403637243.088
863 2251 1403637173.688 1403637243.088
1291 2337 1403637195.088 1403637247.388
1312 2339 1403637196.138 1403637247.488
1269 2358 1403637193.988 1403637248.438
2060 2366 1403637233.538 1403637248.838
1264 2375 1403637193.738 1403637249.288
1224 2380 1403637191.738 1403637249.538
2266 2384 1403637243.838 1403637249.738
1250 2384 1403637193.038 1403637249.738
799 2384 1403637170.488 1403637249.738
1301 2384 1403637195.588 1403637249.738
993 2384 1403637180.188 1403637249.738
1286 2384 1403637194.838 1403637249.738
1273 2386 1403637194.188 1403637249.838
1262 2386 1403637193.638 1403637249.838
941 2389 1403637177.588 1403637249.988
1273 2391 1403637194.188 1403637250.088
1261 2391 1403637193.588 1403637250.088
2183 2393 1403637239.688 1403637250.188
1231 2393 1403637192.088 1403637250.188
1108 2397 1403637185.938 1403637250.388
1292 2397 1403637195.138 1403637250.388
803 2403 1403637170.688 1403637250.688
1270 2403 1403637194.038 1403637250.688
602 2412 1403637160.638 1403637251.138
1296 2417 1403637195.338 1403637251.388
1282 2423 1403637194.638 1403637251.688
706 2423 1403637165.838 1403637251.688
808 2440 1403637170.938 1403637252.538
1381 2440 1403637199.588 1403637252.538
599 2496 1403637160.488 1403637255.338
2219 2496 1403637241.488 1403637255.338
2102 2496 1403637235.638 1403637255.338
2251 2505 1403637243.088 1403637255.788
595 2509 1403637160.288 1403637255.988
601 2512 1403637160.588 1403637256.138
1139 2512 1403637187.488 1403637256.138
1170 2519 1403637189.038 1403637256.488
605 2532 1403637160.788 1403637257.138
2090 2535 1403637235.038 1403637257.288
602 2535 1403637160.638 1403637257.288
599 2541 1403637160.488 1403637257.588
1224 2543 1403637191.738 1403637257.688
1253 2543 1403637193.188 1403637257.688
2093 2545 1403637235.188 1403637257.788
2183 2547 1403637239.688 1403637257.888
695 2547 1403637165.288 1403637257.888
596 2549 1403637160.338 1403637257.988
2060 2551 1403637233.538 1403637258.088
1387 2554 1403637199.888 1403637258.238
1398 2560 1403637200.438 1403637258.538
1652 2561 1403637213.138 1403637258.588
2386 2564 1403637249.838 1403637258.738
581 2564 1403637159.588 1403637258.738
1079 2601 1403637184.488 1403637260.588
993 2602 1403637180.188 1403637260.638
1348 2604 1403637197.938 1403637260.738
1253 2607 1403637193.188 1403637260.888
1095 2610 1403637185.288 1403637261.038
1347 2610 1403637197.888 1403637261.038
2162 2611 1403637238.638 1403637261.088
649 2611 1403637162.988 1403637261.088
1329 2611 1403637196.988 1403637261.088
889 2612 1403637174.988 1403637261.138
1262 2613 1403637193.638 1403637261.188
1238 2614 1403637192.438 1403637261.238
600 2614 1403637160.538 1403637261.238
1299 2615 1403637195.488 1403637261.288
741 2616 1403637167.588 1403637261.338
1314 2617 1403637196.238 1403637261.388
1298 2617 1403637195.438 1403637261.388
935 2619 1403637177.288 1403637261.488
1273 2619 1403637194.188 1403637261.488
2164 2619 1403637238.738 1403637261.488
1298 2619 1403637195.438 1403637261.488
631 2622 1403637162.088 1403637261.638
2306 2622 1403637245.838 1403637261.638
1287 2627 1403637194.888 1403637261.888
908 2636 1403637175.938 1403637262.338
1204 2636 1403637190.738 1403637262.338
1376 2638 1403637199.338 1403637262.438
957 2638 1403637178.388 1403637262.438
