7 42 0.726 4.356
1 43 0.104 4.460
9 45 0.934 4.667
11 46 1.141 4.771
9 47 0.934 4.874
11 48 1.141 4.978
7 50 0.726 5.185
6 51 0.623 5.289
15 53 1.556 5.496
7 55 0.726 5.704
2 57 0.208 5.911
9 58 0.934 6.015
7 59 0.726 6.118
7 61 0.726 6.326
5 63 0.519 6.533
6 64 0.623 6.637
13 66 1.349 6.844
2 68 0.208 7.051
4 70 0.415 7.259
6 72 0.623 7.466
11 73 1.141 7.570
6 74 0.623 7.674
9 76 0.934 7.881
15 77 1.556 7.985
6 77 0.623 7.985
6 78 0.623 8.088
4 78 0.415 8.088
11 79 1.141 8.192
6 80 0.623 8.296
7 81 0.726 8.400
17 82 1.764 8.503
9 83 0.934 8.607
7 84 0.726 8.711
13 85 1.349 8.814
13 86 1.349 8.918
13 87 1.349 9.022
17 88 1.764 9.126
11 88 1.141 9.126
11 89 1.141 9.229
5 90 0.519 9.333
4 91 0.415 9.437
4 92 0.415 9.540
25 94 2.593 9.748
6 96 0.623 9.955
1 98 0.104 10.162
17 99 1.764 10.266
7 100 0.726 10.370
13 101 1.349 10.473
17 102 1.764 10.577
6 103 0.623 10.681
29 103 3.008 10.681
13 104 1.349 10.784
22 105 2.282 10.888
13 107 1.349 11.096
17 109 1.764 11.303
57 110 5.911 11.407
2 111 0.208 11.511
7 112 0.726 11.614
13 113 1.349 11.718
55 113 5.704 11.718
9 114 0.934 11.821
1 114 0.104 11.821
24 115 2.490 11.925
8 116 0.830 12.029
6 117 0.623 12.132
8 118 0.830 12.236
9 119 0.934 12.340
15 120 1.556 12.443
64 120 6.637 12.443
6 120 0.623 12.443
34 121 3.527 12.547
8 121 0.830 12.547
20 122 2.075 12.651
8 122 0.830 12.651
5 123 0.519 12.754
6 124 0.623 12.858
8 125 0.830 12.961
11 126 1.141 13.065
34 126 3.527 13.065
11 127 1.141 13.169
30 128 3.112 13.272
33 129 3.423 13.376
11 129 1.141 13.376
15 130 1.556 13.480
38 131 3.941 13.583
13 132 1.349 13.687
25 132 2.593 13.687
11 133 1.141 13.791
22 134 2.282 13.894
50 134 5.185 13.894
32 134 3.319 13.894
6 135 0.623 13.998
25 135 2.593 13.998
27 136 2.801 14.102
53 136 5.496 14.102
20 137 2.075 14.206
11 139 1.141 14.413
22 140 2.282 14.517
11 140 1.141 14.517
53 141 5.496 14.620
8 142 0.830 14.724
48 142 4.978 14.724
42 144 4.356 14.932
13 145 1.349 15.035
28 146 2.904 15.139
24 147 2.490 15.242
26 149 2.697 15.450
8 149 0.830 15.450
34 150 3.527 15.553
30 150 3.112 15.553
6 150 0.623 15.553
25 151 2.593 15.657
22 152 2.282 15.760
51 152 5.289 15.760
25 154 2.593 15.968
22 154 2.282 15.968
24 155 2.490 16.071
31 156 3.215 16.175
24 156 2.490 16.175
22 156 2.282 16.175
24 157 2.490 16.279
30 157 3.112 16.279
24 158 2.490 16.382
6 159 0.623 16.486
25 159 2.593 16.486
34 159 3.527 16.486
9 160 0.934 16.590
30 160 3.112 16.590
26 161 2.697 16.693
8 162 0.830 16.797
85 162 8.814 16.797
45 163 4.667 16.901
17 163 1.764 16.901
7 164 0.726 17.004
4 165 0.415 17.108
20 165 2.075 17.108
7 166 0.726 17.212
119 167 12.340 17.315
32 167 3.319 17.315
33 168 3.423 17.419
26 168 2.697 17.419
42 169 4.356 17.523
22 170 2.282 17.626
27 171 2.801 17.730
46 172 4.771 17.834
115 173 11.925 17.938
27 174 2.801 18.041
123 175 12.754 18.145
47 175 4.874 18.145
91 176 9.437 18.248
99 176 10.266 18.248
118 176 12.236 18.248
53 176 5.496 18.248
122 177 12.651 18.352
61 177 6.326 18.352
46 177 4.771 18.352
4 177 0.415 18.352
132 177 13.687 18.352
22 177 2.282 18.352
112 177 11.614 18.352
126 185 13.065 19.181
121 186 12.547 19.285
15 190 1.556 19.699
17 191 1.764 19.803
13 192 1.349 19.906
90 192 9.333 19.906
7 193 0.726 20.010
11 206 1.141 21.357
152 206 15.760 21.357
7 207 0.726 21.461
13 209 1.349 21.668
6 210 0.623 21.772
2 212 0.208 21.979
7 213 0.726 22.083
156 215 16.175 22.290
9 219 0.934 22.704
22 219 2.282 22.704
152 227 15.760 23.534
17 228 1.764 23.637
166 228 17.212 23.637
165 246 17.108 25.503
169 247 17.523 25.606
168 249 17.419 25.814
168 267 17.419 27.679
165 268 17.108 27.783
195 268 20.217 27.783
167 269 17.315 27.887
227 312 23.534 32.343
228 312 23.637 32.343
255 313 26.435 32.447
218 314 22.601 32.551
254 324 26.332 33.588
257 325 26.643 33.691
252 326 26.124 33.795
223 326 23.119 33.795
235 326 24.363 33.795
254 327 26.332 33.899
265 332 27.472 34.417
253 332 26.228 34.417
269 333 27.887 34.521
265 334 27.472 34.624
268 334 27.783 34.624
235 334 24.363 34.624
255 334 26.435 34.624
231 334 23.948 34.624
235 335 24.363 34.728
219 335 22.704 34.728
265 335 27.472 34.728
265 336 27.472 34.832
268 337 27.783 34.935
253 337 26.228 34.935
279 337 28.923 34.935
270 338 27.990 35.039
235 339 24.363 35.143
233 339 24.156 35.143
270 340 27.990 35.247
259 341 26.850 35.350
254 342 26.332 35.454
229 342 23.741 35.454
268 343 27.783 35.557
276 343 28.612 35.557
267 344 27.679 35.661
259 345 26.850 35.765
255 345 26.435 35.765
231 346 23.948 35.868
268 346 27.783 35.868
265 347 27.472 35.972
269 348 27.887 36.076
295 348 30.581 36.076
268 349 27.783 36.180
265 349 27.472 36.180
245 349 25.399 36.180
269 350 27.887 36.283
228 350 23.637 36.283
227 359 23.534 37.216
298 360 30.892 37.320
303 360 31.410 37.320
267 361 27.679 37.424
293 362 30.374 37.527
305 363 31.617 37.631
226 364 23.430 37.735
233 364 24.156 37.735
290 364 30.063 37.735
268 365 27.783 37.838
275 366 28.508 37.942
290 366 30.063 37.942
308 367 31.929 38.046
301 368 31.203 38.149
295 368 30.581 38.149
270 369 27.990 38.253
295 369 30.581 38.253
268 371 27.783 38.460
270 372 27.990 38.564
263 372 27.265 38.564
276 372 28.612 38.564
293 377 30.374 39.082
304 377 31.514 39.082
301 378 31.203 39.186
308 378 31.929 39.186
269 378 27.887 39.186
300 378 31.099 39.186
302 379 31.307 39.289
300 385 31.099 39.911
301 386 31.203 40.015
302 386 31.307 40.015
286 387 29.648 40.119
231 387 23.948 40.119
300 387 31.099 40.119
268 387 27.783 40.119
298 388 30.892 40.222
308 389 31.929 40.326
315 389 32.654 40.326
306 389 31.721 40.326
228 390 23.637 40.430
301 390 31.203 40.430
296 391 30.684 40.533
309 391 32.032 40.533
315 392 32.654 40.637
314 392 32.551 40.637
308 393 31.929 40.741
328 394 34.002 40.844
310 394 32.136 40.844
305 394 31.617 40.844
338 395 35.039 40.948
302 395 31.307 40.948
312 396 32.343 41.052
316 396 32.758 41.052
317 397 32.862 41.155
299 398 30.996 41.259
319 398 33.071 41.259
308 398 31.929 41.259
334 398 34.624 41.259
321 399 33.276 41.363
315 400 32.654 41.466
288 400 29.856 41.466
306 400 31.721 41.466
296 401 30.684 41.570
306 401 31.721 41.570
319 402 33.071 41.674
332 402 34.417 41.674
336 403 34.832 41.777
330 403 34.210 41.777
336 417 34.832 43.228
343 417 35.557 43.228
337 422 34.935 43.746
343 422 35.557 43.746
344 423 35.661 43.850
339 423 35.143 43.850
378 424 39.186 43.954
337 425 34.935 44.057
331 425 34.314 44.057
354 425 36.698 44.057
341 426 35.350 44.161
328 426 34.002 44.161
378 427 39.186 44.265
341 428 35.350 44.368
337 428 34.935 44.368
338 429 35.039 44.472
332 429 34.417 44.472
338 430 35.039 44.576
341 431 35.350 44.679
338 431 35.039 44.679
376 432 38.978 44.783
338 433 35.039 44.886
339 435 35.143 45.094
378 441 39.186 45.716
338 442 35.039 45.819
375 442 38.875 45.819
373 444 38.667 46.027
379 444 39.289 46.027
338 445 35.039 46.130
374 446 38.771 46.234
378 447 39.186 46.337
308 448 31.929 46.441
373 448 38.667 46.441
343 448 35.557 46.441
301 449 31.203 46.545
329 449 34.106 46.545
375 450 38.875 46.648
275 450 28.508 46.648
336 451 34.832 46.752
376 451 38.978 46.752
381 452 39.496 46.856
375 453 38.875 46.959
378 454 39.186 47.063
381 455 39.496 47.167
338 456 35.039 47.270
371 456 38.460 47.270
348 456 36.076 47.270
385 457 39.911 47.374
329 457 34.106 47.374
341 458 35.350 47.477
331 458 34.314 47.477
286 458 29.648 47.477
381 458 39.496 47.477
375 459 38.875 47.581
316 460 32.758 47.685
378 460 39.186 47.685
317 461 32.862 47.789
381 461 39.496 47.789
374 462 38.771 47.892
374 463 38.771 47.996
346 463 35.868 47.996
353 463 36.594 47.996
381 463 39.496 47.996
378 464 39.186 48.099
381 465 39.496 48.203
378 466 39.186 48.307
376 467 38.978 48.410
389 468 40.326 48.514
338 468 35.039 48.514
377 468 39.082 48.514
397 468 41.155 48.514
381 469 39.496 48.618
374 469 38.771 48.618
374 470 38.771 48.722
378 470 39.186 48.722
381 470 39.496 48.722
378 471 39.186 48.825
375 472 38.875 48.929
378 472 39.186 48.929
374 473 38.771 49.032
374 474 38.771 49.136
391 474 40.533 49.136
381 475 39.496 49.239
413 475 42.814 49.239
374 476 38.771 49.343
377 476 39.082 49.343
391 477 40.533 49.447
338 477 35.039 49.447
377 477 39.082 49.447
377 478 39.082 49.551
374 479 38.771 49.654
376 479 38.978 49.654
377 480 39.082 49.758
417 481 43.228 49.861
377 481 39.082 49.861
374 482 38.771 49.965
374 483 38.771 50.069
414 484 42.917 50.172
376 485 38.978 50.276
383 485 39.704 50.276
409 485 42.399 50.276
385 485 39.911 50.276
412 487 42.710 50.483
348 487 36.076 50.483
374 487 38.771 50.483
377 488 39.082 50.587
408 488 42.296 50.587
415 489 43.021 50.690
377 490 39.082 50.794
384 490 39.808 50.794
436 490 45.197 50.794
388 490 40.222 50.794
391 490 40.533 50.794
414 491 42.917 50.898
396 491 41.052 50.898
374 491 38.771 50.898
227 491 23.534 50.898
224 491 23.223 50.898
409 491 42.399 50.898
432 491 44.783 50.898
373 492 38.667 51.001
421 492 43.643 51.001
412 492 42.710 51.001
392 492 40.637 51.001
421 493 43.643 51.105
409 493 42.399 51.105
346 494 35.868 51.209
374 494 38.771 51.209
413 494 42.814 51.209
415 494 43.021 51.209
432 495 44.783 51.312
446 496 46.234 51.416
433 497 44.886 51.520
421 497 43.643 51.520
446 498 46.234 51.623
418 499 43.332 51.727
385 499 39.911 51.727
394 499 40.844 51.727
397 499 41.155 51.727
415 499 43.021 51.727
433 499 44.886 51.727
387 500 40.119 51.831
397 500 41.155 51.831
413 500 42.814 51.831
455 501 47.167 51.934
440 501 45.612 51.934
421 502 43.643 52.038
453 503 46.959 52.142
417 503 43.228 52.142
437 503 45.301 52.142
413 504 42.814 52.245
411 505 42.607 52.349
375 505 38.875 52.349
383 505 39.704 52.349
436 505 45.197 52.349
405 505 41.985 52.349
392 505 40.637 52.349
385 505 39.911 52.349
432 505 44.783 52.349
418 506 43.332 52.453
409 507 42.399 52.557
417 507 43.228 52.557
379 507 39.289 52.557
375 507 38.875 52.557
399 507 41.363 52.557
396 507 41.052 52.557
390 508 40.430 52.660
455 508 47.167 52.660
420 508 43.539 52.660
435 508 45.094 52.660
377 508 39.082 52.660
423 508 43.850 52.660
338 509 35.039 52.764
433 509 44.886 52.764
375 510 38.875 52.868
437 510 45.301 52.868
447 510 46.337 52.868
374 511 38.771 52.971
404 511 41.881 52.971
420 511 43.539 52.971
377 513 39.082 53.178
412 513 42.710 53.178
397 513 41.155 53.178
417 513 43.228 53.178
379 514 39.289 53.282
435 514 45.094 53.282
418 514 43.332 53.282
446 514 46.234 53.282
455 514 47.167 53.282
432 515 44.783 53.386
444 515 46.027 53.386
453 516 46.959 53.489
388 516 40.222 53.489
356 517 36.905 53.593
436 517 45.197 53.593
388 517 40.222 53.593
351 517 36.387 53.593
405 518 41.985 53.697
435 518 45.094 53.697
436 518 45.197 53.697
386 518 40.015 53.697
379 519 39.289 53.800
440 519 45.612 53.800
290 519 30.063 53.800
407 520 42.192 53.904
414 520 42.917 53.904
310 521 32.136 54.008
347 521 35.972 54.008
373 521 38.667 54.008
302 521 31.307 54.008
378 522 39.186 54.111
269 522 27.887 54.111
403 522 41.777 54.111
415 522 43.021 54.111
335 522 34.728 54.111
423 522 43.850 54.111
321 522 33.276 54.111
317 523 32.862 54.215
374 523 38.771 54.215
305 523 31.617 54.215
320 523 33.173 54.215
374 524 38.771 54.319
345 524 35.765 54.319
318 525 32.966 54.422
371 525 38.460 54.422
411 525 42.607 54.422
383 525 39.704 54.422
319 526 33.071 54.526
376 526 38.978 54.526
313 527 32.447 54.630
322 527 33.380 54.630
330 527 34.210 54.630
371 527 38.460 54.630
377 527 39.082 54.630
378 528 39.186 54.733
316 529 32.758 54.837
426 529 44.161 54.837
331 529 34.314 54.837
302 530 31.307 54.941
365 530 37.838 54.941
351 530 36.387 54.941
298 531 30.892 55.044
306 532 31.721 55.148
278 533 28.819 55.252
325 533 33.691 55.252
317 534 32.862 55.355
288 534 29.856 55.355
410 534 42.503 55.355
309 535 32.032 55.459
318 535 32.966 55.459
317 535 32.862 55.459
283 535 29.337 55.459
293 536 30.374 55.563
269 536 27.887 55.563
284 537 29.441 55.666
288 537 29.856 55.666
276 538 28.612 55.770
269 538 27.887 55.770
263 538 27.265 55.770
268 539 27.783 55.874
371 539 38.460 55.874
410 539 42.503 55.874
348 540 36.076 55.977
309 540 32.032 55.977
371 540 38.460 55.977
348 541 36.076 56.081
398 541 41.259 56.081
290 541 30.063 56.081
375 542 38.875 56.184
310 543 32.136 56.288
400 543 41.466 56.288
405 543 41.985 56.288
306 543 31.721 56.288
375 544 38.875 56.392
334 544 34.624 56.392
361 544 37.424 56.392
268 545 27.783 56.495
297 545 30.788 56.495
309 546 32.032 56.599
335 546 34.728 56.599
265 546 27.472 56.599
319 546 33.071 56.599
325 546 33.691 56.599
373 548 38.667 56.806
278 549 28.819 56.910
455 549 47.167 56.910
282 549 29.234 56.910
449 549 46.545 56.910
375 549 38.875 56.910
277 550 28.716 57.013
366 551 37.942 57.117
377 551 39.082 57.117
293 552 30.374 57.221
322 553 33.380 57.324
384 553 39.808 57.324
396 553 41.052 57.324
404 555 41.881 57.531
335 556 34.728 57.635
346 556 35.868 57.635
283 556 29.337 57.635
374 557 38.771 57.739
392 557 40.637 57.739
400 557 41.466 57.739
316 557 32.758 57.739
415 557 43.021 57.739
378 558 39.186 57.842
437 558 45.301 57.842
399 559 41.363 57.946
397 559 41.155 57.946
386 559 40.015 57.946
459 560 47.581 58.050
365 560 37.838 58.050
380 560 39.393 58.050
468 560 48.514 58.050
396 560 41.052 58.050
375 560 38.875 58.050
386 560 40.015 58.050
414 560 42.917 58.050
350 561 36.283 58.153
424 561 43.954 58.153
343 561 35.557 58.153
458 561 47.477 58.153
436 561 45.197 58.153
399 561 41.363 58.153
317 562 32.862 58.257
365 562 37.838 58.257
375 562 38.875 58.257
388 563 40.222 58.360
374 564 38.771 58.464
414 564 42.917 58.464
365 564 37.838 58.464
436 565 45.197 58.568
431 566 44.679 58.671
320 567 33.173 58.775
441 568 45.716 58.879
466 569 48.307 58.982
429 569 44.472 58.982
435 569 45.094 58.982
455 569 47.167 58.982
440 569 45.612 58.982
336 569 34.832 58.982
437 570 45.301 59.086
478 571 49.551 59.190
438 571 45.405 59.190
380 572 39.393 59.294
462 573 47.892 59.397
430 573 44.576 59.397
440 574 45.612 59.501
436 575 45.197 59.605
381 576 39.496 59.708
456 576 47.270 59.708
448 577 46.441 59.812
415 577 43.021 59.812
458 577 47.477 59.812
497 577 51.520 59.812
433 578 44.886 59.916
309 579 32.032 60.019
456 579 47.270 60.019
435 579 45.094 60.019
385 583 39.911 60.434
493 583 51.105 60.434
488 584 50.587 60.538
487 585 50.483 60.641
436 585 45.197 60.641
487 586 50.483 60.745
484 587 50.172 60.849
492 587 51.001 60.849
425 588 44.057 60.952
492 588 51.001 60.952
479 588 49.654 60.952
423 588 43.850 60.952
440 588 45.612 60.952
489 589 50.690 61.056
487 590 50.483 61.160
487 591 50.483 61.263
477 591 49.447 61.263
506 592 52.453 61.367
496 592 51.416 61.367
505 594 52.349 61.574
476 594 49.343 61.574
433 595 44.886 61.678
373 595 38.667 61.678
494 596 51.209 61.784
405 597 41.985 61.885
410 597 42.503 61.885
440 597 45.612 61.885
375 598 38.875 61.989
298 598 30.892 61.989
500 599 51.831 62.092
487 599 50.483 62.092
505 599 52.349 62.092
437 600 45.301 62.197
508 600 52.660 62.197
432 601 44.783 62.300
323 601 33.484 62.300
319 601 33.071 62.300
497 602 51.520 62.403
436 603 45.197 62.507
462 603 47.892 62.507
413 603 42.814 62.507
400 604 41.466 62.611
431 604 44.679 62.611
485 604 50.276 62.611
508 604 52.660 62.611
503 605 52.142 62.714
312 605 32.343 62.714
423 605 43.850 62.714
515 607 53.386 62.922
435 607 45.094 62.922
508 608 52.660 63.025
374 608 38.771 63.025
493 609 51.105 63.129
508 609 52.660 63.129
506 610 52.453 63.232
388 611 40.222 63.336
455 612 47.167 63.439
393 612 40.741 63.439
436 612 45.197 63.439
501 612 51.934 63.439
385 612 39.911 63.439
493 612 51.105 63.439
374 612 38.771 63.439
447 613 46.337 63.543
396 614 41.052 63.647
305 615 31.617 63.750
385 615 39.911 63.750
287 616 29.752 63.854
374 616 38.771 63.854
319 616 33.071 63.854
311 616 32.240 63.854
510 621 52.868 64.372
492 622 51.001 64.475
417 622 43.228 64.475
435 623 45.094 64.579
421 623 43.643 64.579
440 623 45.612 64.579
374 623 38.771 64.579
450 624 46.648 64.683
420 624 43.539 64.683
312 624 32.343 64.683
415 628 43.021 65.097
373 628 38.667 65.097
313 629 32.447 65.200
480 629 49.758 65.200
488 629 50.587 65.200
503 629 52.142 65.200
375 629 38.875 65.200
438 629 45.405 65.200
336 630 34.832 65.304
311 630 32.240 65.304
437 630 45.301 65.304
316 630 32.758 65.304
297 630 30.788 65.304
325 631 33.691 65.408
435 631 45.094 65.408
423 631 43.850 65.408
318 632 32.966 65.511
227 632 23.534 65.511
321 632 33.276 65.511
421 632 43.643 65.511
301 637 31.203 66.030
313 637 32.447 66.030
402 637 41.674 66.030
316 637 32.758 66.030
309 644 32.032 66.755
351 644 36.387 66.755
296 645 30.684 66.859
307 645 31.825 66.859
315 645 32.654 66.859
344 645 35.661 66.859
306 645 31.721 66.859
342 645 35.454 66.859
313 646 32.447 66.963
367 646 38.046 66.963
387 646 40.119 66.963
312 647 32.343 67.066
255 647 26.435 67.066
224 649 23.223 67.274
223 649 23.119 67.274
307 650 31.825 67.377
315 650 32.654 67.377
505 654 52.349 67.792
514 654 53.282 67.792
438 656 45.405 67.999
374 656 38.771 67.999
315 662 32.654 68.620
247 663 25.606 68.724
274 663 28.405 68.724
306 663 31.721 68.724
277 663 28.716 68.724
317 663 32.862 68.724
294 664 30.477 68.827
311 664 32.240 68.827
217 664 22.497 68.827
362 664 37.527 68.827
396 665 41.052 68.931
577 669 59.812 69.345
609 671 63.129 69.553
270 673 27.990 69.760
358 673 37.113 69.760
474 673 49.136 69.760
484 673 50.172 69.760
576 673 59.708 69.760
393 673 40.741 69.760
379 673 39.289 69.760
626 673 64.890 69.760
306 674 31.721 69.863
625 678 64.786 70.278
459 679 47.581 70.381
605 679 62.714 70.381
625 680 64.786 70.485
578 681 59.916 70.589
618 682 64.061 70.692
605 682 62.714 70.692
625 682 64.786 70.692
605 683 62.714 70.796
605 684 62.714 70.900
627 684 64.993 70.900
618 684 64.061 70.900
276 689 28.612 71.418
304 689 31.514 71.418
633 692 65.615 71.729
630 692 65.304 71.729
625 692 64.786 71.729
638 693 66.133 71.833
629 693 65.200 71.833
626 694 64.890 71.937
506 694 52.453 71.937
628 695 65.097 72.040
616 695 63.854 72.040
616 696 63.854 72.144
629 697 65.200 72.248
633 698 65.615 72.351
618 698 64.061 72.351
626 699 64.890 72.455
506 700 52.453 72.559
627 700 64.993 72.559
624 701 64.683 72.662
618 701 64.061 72.662
627 702 64.993 72.766
618 702 64.061 72.766
618 703 64.061 72.870
615 704 63.750 72.973
573 705 59.397 73.077
578 705 59.916 73.077
587 705 60.849 73.077
625 705 64.786 73.077
618 705 64.061 73.077
612 706 63.439 73.181
506 706 52.453 73.181
614 711 63.647 73.699
639 718 66.237 74.425
632 718 65.511 74.425
626 718 64.890 74.425
300 719 31.099 74.528
623 719 64.579 74.528
633 719 65.615 74.528
290 720 30.063 74.632
306 720 31.721 74.632
311 720 32.240 74.632
310 720 32.136 74.632
293 720 30.374 74.632
310 726 32.136 75.254
303 726 31.410 75.254
290 727 30.063 75.358
306 727 31.721 75.358
288 728 29.856 75.461
632 729 65.511 75.565
615 729 63.750 75.565
623 729 64.579 75.565
628 736 65.097 76.290
635 738 65.822 76.498
662 738 68.620 76.498
431 738 44.679 76.498
412 739 42.710 76.601
626 739 64.890 76.601
374 739 38.771 76.601
272 740 28.197 76.705
325 740 33.691 76.705
610 740 63.232 76.705
639 740 66.237 76.705
655 740 67.895 76.705
374 740 38.771 76.705
378 740 39.186 76.705
305 740 31.617 76.705
288 741 29.856 76.808
324 741 33.588 76.808
414 741 42.917 76.808
423 741 43.850 76.808
658 747 68.206 77.430
638 748 66.133 77.534
652 748 67.584 77.534
652 755 67.584 78.259
627 755 64.993 78.259
627 756 64.993 78.363
376 756 38.978 78.363
655 756 67.895 78.363
634 756 65.719 78.363
313 756 32.447 78.363
315 757 32.654 78.466
683 757 70.796 78.466
655 757 67.895 78.466
290 758 30.063 78.570
683 758 70.796 78.570
679 759 70.381 78.674
634 760 65.719 78.777
651 761 67.481 78.881
633 761 65.615 78.881
653 762 67.688 78.985
680 762 70.485 78.985
634 762 65.719 78.985
633 762 65.615 78.985
683 763 70.796 79.088
624 764 64.683 79.192
634 764 65.719 79.192
683 764 70.796 79.192
686 764 71.107 79.192
628 766 65.097 79.399
678 767 70.278 79.503
682 768 70.692 79.606
683 768 70.796 79.606
677 769 70.174 79.710
655 769 67.895 79.710
682 769 70.692 79.710
681 769 70.589 79.710
625 771 64.786 79.917
678 772 70.278 80.021
638 772 66.133 80.021
626 773 64.890 80.125
681 773 70.589 80.125
633 774 65.615 80.228
624 774 64.683 80.228
627 774 64.993 80.228
678 775 70.278 80.332
626 775 64.890 80.332
627 775 64.993 80.332
625 776 64.786 80.436
692 776 71.729 80.436
649 777 67.274 80.539
680 777 70.485 80.539
688 777 71.314 80.539
652 778 67.584 80.643
680 778 70.485 80.643
645 779 66.859 80.747
654 779 67.792 80.747
678 781 70.278 80.954
651 781 67.481 80.954
681 782 70.589 81.058
677 783 70.174 81.161
680 783 70.485 81.161
681 783 70.589 81.161
683 787 70.796 81.576
678 788 70.278 81.680
683 788 70.796 81.680
691 789 71.625 81.783
610 790 63.232 81.887
685 790 71.003 81.887
624 790 64.683 81.887
693 792 71.833 82.094
686 792 71.107 82.094
680 792 70.485 82.094
307 800 31.825 82.923
375 800 38.875 82.923
364 800 37.735 82.923
377 800 39.082 82.923
334 801 34.624 83.027
310 802 32.136 83.130
305 802 31.617 83.130
311 802 32.240 83.130
341 803 35.350 83.234
375 803 38.875 83.234
381 804 39.496 83.338
386 804 40.015 83.338
316 805 32.758 83.442
393 805 40.741 83.442
418 805 43.332 83.442
385 805 39.911 83.442
377 805 39.082 83.442
229 806 23.741 83.545
330 806 34.210 83.545
375 807 38.875 83.649
307 807 31.825 83.649
383 807 39.704 83.649
310 808 32.136 83.753
307 808 31.825 83.753
377 809 39.082 83.856
309 809 32.032 83.856
305 810 31.617 83.960
312 810 32.343 83.960
394 811 40.844 84.064
282 811 29.234 84.064
396 812 41.052 84.167
491 812 50.898 84.167
684 814 70.900 84.375
310 817 32.136 84.686
374 817 38.771 84.686
317 818 32.862 84.789
329 818 34.106 84.789
381 818 39.496 84.789
236 818 24.467 84.789
375 818 38.875 84.789
683 819 70.796 84.893
678 819 70.278 84.893
665 820 68.931 84.997
656 820 67.999 84.997
678 821 70.278 85.100
675 821 69.967 85.100
683 822 70.796 85.204
703 822 72.870 85.204
688 822 71.314 85.204
702 822 72.766 85.204
343 824 35.557 85.411
352 824 36.491 85.411
397 824 41.155 85.411
373 824 38.667 85.411
350 824 36.283 85.411
348 824 36.076 85.411
270 825 27.990 85.515
298 825 30.892 85.515
287 825 29.752 85.515
307 826 31.825 85.619
321 826 33.276 85.619
329 826 34.106 85.619
375 827 38.875 85.723
360 827 37.320 85.723
301 827 31.203 85.723
330 828 34.210 85.826
680 831 70.485 86.137
625 832 64.786 86.241
684 832 70.900 86.241
674 832 69.863 86.241
674 833 69.863 86.344
684 833 70.900 86.344
656 833 67.999 86.344
685 834 71.003 86.448
684 834 70.900 86.448
684 835 70.900 86.552
695 835 72.040 86.552
685 836 71.003 86.656
684 836 70.900 86.656
685 837 71.003 86.759
684 837 70.900 86.759
685 838 71.003 86.863
699 843 72.455 87.382
685 844 71.003 87.485
671 844 69.553 87.485
645 844 66.859 87.485
626 844 64.890 87.485
678 845 70.278 87.589
684 845 70.900 87.589
684 846 70.900 87.693
684 847 70.900 87.796
704 848 72.973 87.900
656 849 67.999 88.004
685 849 71.003 88.004
653 850 67.688 88.107
662 850 68.620 88.107
684 850 70.900 88.107
634 851 65.719 88.212
655 851 67.895 88.212
644 852 66.755 88.315
625 852 64.786 88.315
651 852 67.481 88.315
630 852 65.304 88.315
651 853 67.481 88.419
669 853 69.345 88.419
634 853 65.719 88.419
691 854 71.625 88.522
682 854 70.692 88.522
705 855 73.077 88.626
699 855 72.455 88.626
681 855 70.589 88.626
688 855 71.314 88.626
676 856 70.070 88.730
655 856 67.895 88.730
654 857 67.792 88.833
668 857 69.242 88.833
685 858 71.003 88.937
649 859 67.274 89.041
680 860 70.485 89.145
684 860 70.900 89.145
681 861 70.589 89.248
627 861 64.993 89.248
705 861 73.077 89.248
678 862 70.278 89.352
698 862 72.351 89.352
671 863 69.553 89.456
679 863 70.381 89.456
625 864 64.786 89.559
680 864 70.485 89.559
633 865 65.615 89.663
690 865 71.522 89.663
734 865 76.083 89.663
653 866 67.688 89.767
649 866 67.274 89.767
678 867 70.278 89.870
690 868 71.522 89.974
682 868 70.692 89.974
692 869 71.729 90.078
696 869 72.144 90.078
688 870 71.314 90.181
699 871 72.455 90.285
624 872 64.683 90.389
690 873 71.522 90.492
678 873 70.278 90.492
291 877 30.166 90.907
397 878 41.155 91.011
375 879 38.875 91.115
381 879 39.496 91.115
317 880 32.862 91.218
375 880 38.875 91.218
397 880 41.155 91.218
259 881 26.850 91.322
371 881 38.460 91.322
330 882 34.210 91.426
301 882 31.203 91.426
318 882 32.966 91.426
385 882 39.911 91.426
258 883 26.746 91.530
314 883 32.551 91.530
415 884 43.021 91.633
627 885 64.993 91.737
365 885 37.838 91.737
719 890 74.528 92.256
610 895 63.232 92.774
668 895 69.242 92.774
694 895 71.937 92.774
607 896 62.922 92.878
492 897 51.001 92.982
617 897 63.957 92.982
693 897 71.833 92.982
391 898 40.533 93.085
401 898 41.570 93.085
305 899 31.617 93.189
374 900 38.771 93.293
253 901 26.228 93.397
265 901 27.472 93.397
255 901 26.435 93.397
390 902 40.430 93.500
345 903 35.765 93.604
430 903 44.576 93.604
489 903 50.690 93.604
349 903 36.180 93.604
328 904 34.002 93.708
340 904 35.247 93.708
383 905 39.704 93.811
387 910 40.119 94.330
350 910 36.283 94.330
352 910 36.491 94.330
381 910 39.496 94.330
388 911 40.222 94.434
383 912 39.704 94.537
330 912 34.210 94.537
374 912 38.771 94.537
420 912 43.539 94.537
421 913 43.643 94.641
375 913 38.875 94.641
325 916 33.691 94.952
377 916 39.082 94.952
381 916 39.496 94.952
305 917 31.617 95.056
377 917 39.082 95.056
424 917 43.954 95.056
350 917 36.283 95.056
339 917 35.143 95.056
312 918 32.343 95.159
299 918 30.996 95.159
274 919 28.405 95.263
328 919 34.002 95.263
396 920 41.052 95.367
376 921 38.978 95.470
404 921 41.881 95.470
436 921 45.197 95.470
388 922 40.222 95.574
413 922 42.814 95.574
315 923 32.654 95.678
379 924 39.289 95.782
396 924 41.052 95.782
387 924 40.119 95.782
505 925 52.349 95.885
337 925 34.935 95.885
417 925 43.228 95.885
376 926 38.978 95.989
367 927 38.046 96.093
506 930 52.453 96.403
635 930 65.822 96.403
676 930 70.070 96.403
377 931 39.082 96.507
343 932 35.557 96.611
383 932 39.704 96.611
505 932 52.349 96.611
329 932 34.106 96.611
369 933 38.253 96.715
600 936 62.197 97.026
607 936 62.922 97.026
513 937 53.178 97.129
510 938 52.868 97.233
755 942 78.259 97.648
375 960 38.875 99.514
380 960 39.393 99.514
288 961 29.856 99.618
245 961 25.399 99.618
237 962 24.570 99.721
385 962 39.911 99.721
318 963 32.966 99.825
369 963 38.253 99.825
317 964 32.862 99.929
373 965 38.667 100.032
245 965 25.399 100.032
372 966 38.564 100.136
462 966 47.892 100.136
433 966 44.886 100.136
362 967 37.527 100.240
315 968 32.654 100.344
412 968 42.710 100.344
317 969 32.862 100.447
315 969 32.654 100.447
303 969 31.410 100.447
283 969 29.337 100.447
271 969 28.094 100.447
377 970 39.082 100.551
240 970 24.881 100.551
335 970 34.728 100.551
367 970 38.046 100.551
315 971 32.654 100.654
372 971 38.564 100.654
359 971 37.216 100.654
318 972 32.966 100.758
372 972 38.564 100.758
315 973 32.654 100.862
377 973 39.082 100.862
376 974 38.978 100.965
403 974 41.777 100.965
379 975 39.289 101.069
288 975 29.856 101.069
276 975 28.612 101.069
322 976 33.380 101.172
374 976 38.771 101.172
428 977 44.368 101.276
348 977 36.076 101.276
378 977 39.186 101.276
293 977 30.374 101.276
316 978 32.758 101.380
309 978 32.032 101.380
415 978 43.021 101.380
324 978 33.588 101.380
263 979 27.265 101.483
369 980 38.253 101.587
353 980 36.594 101.587
373 980 38.667 101.587
412 980 42.710 101.587
255 980 26.435 101.587
325 980 33.691 101.587
381 981 39.496 101.691
353 982 36.594 101.794
373 983 38.667 101.898
374 984 38.771 102.002
379 985 39.289 102.105
374 985 38.771 102.105
321 986 33.276 102.209
319 986 33.071 102.209
375 986 38.875 102.209
255 987 26.435 102.313
273 987 28.301 102.313
360 988 37.320 102.416
375 988 38.875 102.416
376 989 38.978 102.520
377 990 39.082 102.624
376 991 38.978 102.727
381 991 39.496 102.727
378 992 39.186 102.831
436 993 45.197 102.935
375 994 38.875 103.038
383 994 39.704 103.038
301 995 31.203 103.142
355 996 36.801 103.246
275 997 28.508 103.349
317 997 32.862 103.349
329 997 34.106 103.349
330 998 34.210 103.453
367 998 38.046 103.453
413 998 42.814 103.453
305 999 31.617 103.557
407 999 42.192 103.557
264 1001 27.368 103.764
279 1001 28.923 103.764
327 1002 33.899 103.868
363 1002 37.631 103.868
381 1002 39.496 103.868
351 1002 36.387 103.868
353 1002 36.594 103.868
401 1003 41.570 103.971
319 1003 33.071 103.971
270 1003 27.990 103.971
424 1003 43.954 103.971
267 1004 27.679 104.075
353 1004 36.594 104.075
371 1004 38.460 104.075
396 1004 41.052 104.075
389 1004 40.326 104.075
342 1004 35.454 104.075
327 1005 33.899 104.179
322 1005 33.380 104.179
359 1005 37.216 104.179
374 1006 38.771 104.282
339 1006 35.143 104.282
336 1008 34.832 104.490
374 1008 38.771 104.490
397 1014 41.155 105.112
389 1014 40.326 105.112
366 1015 37.942 105.216
379 1015 39.289 105.216
343 1016 35.557 105.319
352 1016 36.491 105.319
374 1016 38.771 105.319
339 1017 35.143 105.423
339 1018 35.143 105.527
322 1018 33.380 105.527
381 1019 39.496 105.631
388 1019 40.222 105.631
353 1020 36.594 105.734
361 1020 37.424 105.734
377 1020 39.082 105.734
356 1021 36.905 105.838
410 1023 42.503 106.046
386 1023 40.015 106.046
379 1025 39.289 106.253
399 1025 41.363 106.253
361 1026 37.424 106.357
375 1027 38.875 106.461
482 1028 49.965 106.564
371 1028 38.460 106.564
487 1028 50.483 106.564
484 1033 50.172 107.083
377 1034 39.082 107.187
369 1035 38.253 107.290
359 1035 37.216 107.290
374 1037 38.771 107.498
375 1038 38.875 107.602
379 1038 39.289 107.602
364 1038 37.735 107.602
433 1039 44.886 107.705
359 1039 37.216 107.705
425 1040 44.057 107.809
375 1041 38.875 107.913
375 1042 38.875 108.016
373 1044 38.667 108.224
377 1045 39.082 108.328
433 1045 44.886 108.328
224 1045 23.223 108.328
385 1046 39.911 108.431
390 1046 40.430 108.431
377 1046 39.082 108.431
487 1047 50.483 108.535
488 1048 50.587 108.639
377 1048 39.082 108.639
397 1049 41.155 108.743
428 1049 44.368 108.743
436 1049 45.197 108.743
488 1050 50.587 108.846
388 1050 40.222 108.846
367 1055 38.046 109.364
360 1055 37.320 109.364
376 1056 38.978 109.468
328 1057 34.002 109.572
627 1072 64.993 111.127
753 1072 78.052 111.127
683 1072 70.796 111.127
759 1072 78.674 111.127
630 1073 65.304 111.231
625 1073 64.786 111.231
687 1073 71.211 111.231
757 1074 78.466 111.335
743 1074 77.016 111.335
764 1075 79.192 111.438
756 1075 78.363 111.438
758 1076 78.570 111.542
753 1076 78.052 111.542
743 1077 77.016 111.646
743 1078 77.016 111.749
638 1078 66.133 111.749
679 1079 70.381 111.853
753 1079 78.052 111.853
690 1079 71.522 111.853
760 1079 78.777 111.853
742 1080 76.912 111.957
748 1080 77.534 111.957
743 1080 77.016 111.957
720 1081 74.632 112.060
782 1081 81.058 112.060
742 1081 76.912 112.060
687 1082 71.211 112.164
691 1082 71.625 112.164
679 1082 70.381 112.164
678 1083 70.278 112.268
686 1083 71.107 112.268
745 1084 77.223 112.371
803 1084 83.234 112.371
815 1084 84.478 112.371
678 1084 70.278 112.371
688 1084 71.314 112.371
819 1084 84.893 112.371
741 1085 76.808 112.475
745 1086 77.223 112.578
760 1086 78.777 112.578
637 1086 66.030 112.578
633 1087 65.615 112.682
623 1087 64.579 112.682
745 1088 77.223 112.786
772 1089 80.021 112.890
757 1089 78.466 112.890
760 1089 78.777 112.890
753 1089 78.052 112.890
745 1090 77.223 112.992
753 1090 78.052 112.992
674 1090 69.863 112.992
742 1091 76.912 113.096
742 1092 76.912 113.200
745 1093 77.223 113.303
678 1093 70.278 113.303
755 1095 78.259 113.510
