5 142 0.521 14.803
68 142 7.087 14.803
52 142 5.420 14.803
41 149 4.274 15.532
5 154 0.521 16.052
29 158 3.023 16.467
77 177 8.025 18.444
71 177 7.400 18.444
52 177 5.420 18.444
56 182 5.837 18.965
33 187 3.440 19.486
80 191 8.337 19.903
66 191 6.879 19.903
6 194 0.625 20.216
52 194 5.420 20.216
87 194 9.066 20.216
82 194 8.545 20.216
84 199 8.754 20.737
71 204 7.400 21.258
74 207 7.712 21.571
66 212 6.879 22.093
84 217 8.754 22.614
63 217 6.566 22.614
95 217 9.899 22.614
37 223 3.857 23.240
68 228 7.087 23.761
37 232 3.857 24.178
41 232 4.274 24.178
37 235 3.857 24.490
74 235 7.712 24.490
5 238 0.521 24.803
80 238 8.337 24.803
56 239 5.837 24.907
37 240 3.857 25.012
102 240 10.628 25.012
63 241 6.566 25.116
12 241 1.251 25.116
52 244 5.420 25.429
56 247 5.837 25.741
87 247 9.066 25.741
37 252 3.857 26.263
18 256 1.877 26.680
60 259 6.253 26.992
77 262 8.025 27.305
56 262 5.837 27.305
95 264 9.899 27.514
18 266 1.877 27.722
29 268 3.023 27.931
74 268 7.712 27.931
44 268 4.586 27.931
106 271 11.045 28.243
5 274 0.521 28.556
77 278 8.025 28.973
29 278 3.023 28.973
33 283 3.440 29.495
95 283 9.899 29.495
102 283 10.628 29.495
56 307 5.837 31.997
134 311 13.969 32.414
56 315 5.837 32.832
173 315 18.027 32.832
52 315 5.420 32.832
77 320 8.025 33.353
158 324 16.467 33.769
170 328 17.715 34.186
167 331 17.403 34.498
165 334 17.195 34.811
262 337 27.305 35.123
238 337 24.803 35.123
187 341 19.486 35.540
271 348 28.243 36.269
191 355 19.903 36.998
266 360 27.722 37.521
259 363 26.992 37.834
204 363 21.258 37.834
266 365 27.722 38.043
158 365 16.467 38.043
199 365 20.737 38.043
240 368 25.012 38.356
142 368 14.803 38.356
161 370 16.779 38.564
247 370 25.741 38.564
102 372 10.628 38.773
256 389 26.680 40.545
232 392 24.178 40.858
182 392 18.965 40.858
240 395 25.012 41.170
207 395 21.571 41.170
232 398 24.178 41.483
256 408 26.680 42.525
293 419 30.537 43.669
266 448 27.722 46.689
44 464 4.586 48.359
98 464 10.212 48.359
18 466 1.877 48.568
29 468 3.023 48.776
106 470 11.045 48.985
149 472 15.532 49.193
274 474 28.556 49.408
311 476 32.414 49.610
311 479 32.414 49.923
149 479 15.532 49.923
379 479 39.502 49.923
161 481 16.779 50.131
173 484 18.027 50.444
238 488 24.803 50.860
161 488 16.779 50.860
288 491 30.016 51.173
297 494 30.954 51.485
360 498 37.521 51.902
320 538 33.353 56.066
370 538 38.564 56.066
311 559 32.414 58.258
154 559 16.052 58.258
177 563 18.444 58.676
154 578 16.052 60.242
161 581 16.779 60.555
187 585 19.486 60.971
207 603 21.571 62.850
488 610 50.860 63.577
474 610 49.408 63.577
472 612 49.193 63.785
134 621 13.969 64.723
149 625 15.532 65.140
252 625 26.263 65.140
154 629 16.052 65.557
149 633 15.532 65.974
154 637 16.052 66.391
247 640 25.741 66.704
232 640 24.178 66.704
302 642 31.475 66.912
154 642 16.052 66.912
474 647 49.408 67.433
476 650 49.610 67.746
470 653 48.985 68.059
149 660 15.532 68.788
149 664 15.532 69.205
207 667 21.571 69.517
256 667 26.680 69.517
142 670 14.803 69.830
302 673 31.475 70.142
288 676 30.016 70.455
170 679 17.715 70.768
297 682 30.954 71.082
274 701 28.556 73.060
240 701 25.012 73.060
161 701 16.779 73.060
293 705 30.537 73.476
154 709 16.052 73.893
268 712 27.931 74.206
149 715 15.532 74.518
288 715 30.016 74.518
288 718 30.016 74.831
167 721 17.403 75.143
315 721 32.832 75.143
247 738 25.741 76.914
370 738 38.564 76.914
158 741 16.467 77.227
302 745 31.475 77.643
297 749 30.954 78.060
324 768 33.769 80.041
382 768 39.815 80.041
307 770 31.997 80.250
256 773 26.680 80.563
154 773 16.052 80.563
278 808 28.973 84.215
74 854 7.712 89.003
56 857 5.837 89.316
6 857 0.625 89.316
615 866 64.098 90.254
777 866 80.980 90.254
749 869 78.060 90.566
682 873 71.082 90.983
256 887 26.680 92.445
688 920 71.705 95.886
843 947 87.857 98.693
608 947 63.368 98.693
625 969 65.140 100.985
724 985 75.456 102.651
754 985 78.581 102.651
768 990 80.041 103.172
170 1030 17.715 107.341
262 1030 27.305 107.341
650 1095 67.746 114.110
692 1095 72.122 114.110
625 1098 65.140 114.424
633 1102 65.974 114.839
673 1107 70.142 115.360
629 1111 65.557 115.776
615 1111 64.098 115.776
653 1115 68.059 116.192
766 1119 79.833 116.608
656 1123 68.371 117.025
283 1142 29.495 119.005
334 1142 34.811 119.005
182 1165 18.965 121.401
566 1320 58.989 137.556
569 1325 59.303 138.076
1243 1551 129.533 161.619
177 1587 18.444 165.371
154 1589 16.052 165.579
640 1627 66.704 169.538
679 1660 70.768 172.975
585 1660 60.971 172.975
1299 1663 135.369 173.287
621 1663 64.723 173.287
705 1663 73.476 173.287
688 1665 71.705 173.496
670 1665 69.830 173.496
650 1665 67.746 173.496
1313 1668 136.828 173.808
617 1698 64.306 176.932
653 1698 68.059 176.932
1373 1702 143.075 177.349
660 1706 68.788 177.765
629 1706 65.557 177.765
1373 1709 143.075 178.077
705 1709 73.476 178.077
738 1712 76.914 178.390
1382 1715 144.013 178.702
770 1718 80.250 179.014
754 1718 78.581 179.014
633 1718 65.974 179.014
688 1722 71.705 179.431
1551 1726 161.619 179.847
1623 1753 169.122 182.658
1491 1755 155.365 182.866
1464 1758 152.554 183.179
612 1758 63.785 183.179
1434 1762 149.430 183.596
712 1766 74.206 184.013
682 1769 71.082 184.326
606 1771 63.160 184.535
640 1773 66.704 184.743
1382 1775 144.013 184.952
1484 1777 154.637 185.160
1382 1779 144.013 185.369
629 1782 65.557 185.682
759 1782 79.103 185.682
1589 1861 165.579 193.909
629 1865 65.557 194.326
752 1865 78.373 194.326
656 1865 68.371 194.326
1382 1869 144.013 194.744
612 1869 63.785 194.744
1687 1872 175.787 195.056
752 1874 78.373 195.265
633 1887 65.974 196.619
1409 1887 146.826 196.619
1394 1889 145.263 196.828
721 1889 75.143 196.828
640 1914 66.704 199.432
759 1916 79.103 199.640
656 1918 68.371 199.848
621 1921 64.723 200.161
1373 1923 143.075 200.369
610 1925 63.577 200.577
929 1938 96.821 201.931
673 1974 70.142 205.682
770 1976 80.250 205.890
701 1976 73.060 205.890
650 1976 67.746 205.890
1173 2018 122.239 210.261
1142 2020 119.005 210.469
1217 2022 126.825 210.678
1208 2034 125.887 211.928
1208 2048 125.887 213.385
1972 2051 205.474 213.697
1872 2051 195.056 213.697
1952 2062 203.390 214.841
1914 2064 199.432 215.053
1972 2066 205.474 215.258
1256 2167 130.885 225.778
1236 2167 128.804 225.778
149 2174 15.532 226.506
302 2177 31.475 226.818
863 2188 89.941 227.963
1519 2218 158.284 231.087
730 2221 76.081 231.399
1583 2243 164.954 233.689
2074 2246 216.090 234.001
2088 2249 217.547 234.313
2016 2249 210.052 234.313
1260 2292 131.303 238.787
1228 2294 127.971 238.996
1268 2294 132.134 238.996
1232 2297 128.388 239.309
1208 2302 125.887 239.829
1181 2308 123.069 240.455
33 2436 3.440 253.786
1409 2674 146.826 278.580
644 2674 67.120 278.580
1373 2676 143.075 278.788
650 2676 67.746 278.788
629 2676 65.557 278.788
664 2676 69.205 278.788
615 2678 64.098 278.996
642 2678 66.912 278.996
653 2678 68.059 278.996
617 2680 64.306 279.204
701 2680 73.060 279.204
701 2683 73.060 279.517
1689 2687 175.995 279.933
1698 2691 176.932 280.350
1400 2691 145.888 280.350
763 2694 79.521 280.663
715 2694 74.518 280.663
1437 2694 149.743 280.663
1519 2697 158.284 280.976
1623 2697 169.122 280.976
644 2697 67.120 280.976
756 2697 78.790 280.976
1530 2717 159.430 283.060
600 2717 62.534 283.060
752 2720 78.373 283.372
831 2720 86.609 283.372
603 2722 62.850 283.581
1382 2724 144.013 283.789
