448 563 1403638540.478 1403638546.228
128 576 1403638524.478 1403638546.878
128 596 1403638524.478 1403638547.878
468 616 1403638541.478 1403638548.878
233 636 1403638529.728 1403638549.878
232 656 1403638529.678 1403638550.878
165 669 1403638526.328 1403638551.528
418 669 1403638538.978 1403638551.528
183 675 1403638527.228 1403638551.828
85 675 1403638522.328 1403638551.828
232 683 1403638529.678 1403638552.228
83 698 1403638522.228 1403638552.978
119 707 1403638524.028 1403638553.428
155 712 1403638525.828 1403638553.678
125 715 1403638524.328 1403638553.828
156 720 1403638525.878 1403638554.078
468 725 1403638541.478 1403638554.328
488 733 1403638542.478 1403638554.728
418 733 1403638538.978 1403638554.728
150 737 1403638525.578 1403638554.928
418 737 1403638538.978 1403638554.928
183 740 1403638527.228 1403638555.078
233 742 1403638529.728 1403638555.178
78 742 1403638521.978 1403638555.178
183 743 1403638527.228 1403638555.228
150 744 1403638525.578 1403638555.278
502 744 1403638543.178 1403638555.278
125 745 1403638524.328 1403638555.328
448 746 1403638540.478 1403638555.378
418 746 1403638538.978 1403638555.378
239 747 1403638530.028 1403638555.428
85 750 1403638522.328 1403638555.578
125 751 1403638524.328 1403638555.628
85 751 1403638522.328 1403638555.628
150 753 1403638525.578 1403638555.728
150 755 1403638525.578 1403638555.828
488 755 1403638542.478 1403638555.828
150 756 1403638525.578 1403638555.878
279 756 1403638532.028 1403638555.878
120 756 1403638524.078 1403638555.878
239 756 1403638530.028 1403638555.878
156 758 1403638525.878 1403638555.978
231 762 1403638529.628 1403638556.178
150 765 1403638525.578 1403638556.328
85 766 1403638522.328 1403638556.378
240 766 1403638530.078 1403638556.378
83 768 1403638522.228 1403638556.478
232 770 1403638529.678 1403638556.578
83 770 1403638522.228 1403638556.578
233 774 1403638529.728 1403638556.778
119 774 1403638524.028 1403638556.778
150 775 1403638525.578 1403638556.828
81 778 1403638522.128 1403638556.978
150 778 1403638525.578 1403638556.978
242 778 1403638530.178 1403638556.978
150 779 1403638525.578 1403638557.028
232 780 1403638529.678 1403638557.078
150 781 1403638525.578 1403638557.128
488 781 1403638542.478 1403638557.128
150 782 1403638525.578 1403638557.178
488 790 1403638542.478 1403638557.578
669 790 1403638551.528 1403638557.578
488 791 1403638542.478 1403638557.628
488 792 1403638542.478 1403638557.678
150 792 1403638525.578 1403638557.678
522 793 1403638544.178 1403638557.728
119 796 1403638524.028 1403638557.878
231 798 1403638529.628 1403638557.978
502 799 1403638543.178 1403638558.028
183 799 1403638527.228 1403638558.028
488 800 1403638542.478 1403638558.078
675 801 1403638551.828 1403638558.128
596 801 1403638547.878 1403638558.128
169 802 1403638526.528 1403638558.178
636 804 1403638549.878 1403638558.278
502 804 1403638543.178 1403638558.278
488 807 1403638542.478 1403638558.428
720 809 1403638554.078 1403638558.528
488 812 1403638542.478 1403638558.678
683 812 1403638552.228 1403638558.678
669 814 1403638551.528 1403638558.778
675 817 1403638551.828 1403638558.928
656 817 1403638550.878 1403638558.928
502 817 1403638543.178 1403638558.928
675 823 1403638551.828 1403638559.228
563 827 1403638546.228 1403638559.428
675 827 1403638551.828 1403638559.428
669 833 1403638551.528 1403638559.728
720 838 1403638554.078 1403638559.978
683 843 1403638552.228 1403638560.228
756 843 1403638555.878 1403638560.228
698 847 1403638552.978 1403638560.428
712 850 1403638553.678 1403638560.578
750 853 1403638555.578 1403638560.728
737 855 1403638554.928 1403638560.828
522 856 1403638544.178 1403638560.878
766 856 1403638556.378 1403638560.878
707 856 1403638553.428 1403638560.878
742 857 1403638555.178 1403638560.928
715 857 1403638553.828 1403638560.928
775 860 1403638556.828 1403638561.078
183 860 1403638527.228 1403638561.078
740 861 1403638555.078 1403638561.128
720 881 1403638554.078 1403638562.128
737 901 1403638554.928 1403638563.128
683 921 1403638552.228 1403638564.128
183 921 1403638527.228 1403638564.128
817 931 1403638558.928 1403638564.628
707 931 1403638553.428 1403638564.628
707 933 1403638553.428 1403638564.728
698 946 1403638552.978 1403638565.378
860 1073 1403638561.078 1403638571.728
675 1073 1403638551.828 1403638571.728
576 1073 1403638546.878 1403638571.728
183 1116 1403638527.228 1403638573.878
165 1116 1403638526.328 1403638573.878
169 1129 1403638526.528 1403638574.528
1225 1560 1403638579.328 1403638596.078
1138 1580 1403638574.978 1403638597.078
1214 1596 1403638578.778 1403638597.878
241 1656 1403638530.128 1403638600.878
156 1656 1403638525.878 1403638600.878
418 1657 1403638538.978 1403638600.928
231 1658 1403638529.628 1403638600.978
418 1658 1403638538.978 1403638600.978
279 1659 1403638532.028 1403638601.028
231 1660 1403638529.628 1403638601.078
417 1660 1403638538.928 1403638601.078
240 1661 1403638530.078 1403638601.128
1202 1666 1403638578.178 1403638601.378
1165 1666 1403638576.328 1403638601.378
1117 1676 1403638573.928 1403638601.878
1424 1690 1403638589.278 1403638602.578
1210 1692 1403638578.578 1403638602.678
720 1700 1403638554.078 1403638603.078
756 1751 1403638555.878 1403638605.628
742 1751 1403638555.178 1403638605.628
742 1755 1403638555.178 1403638605.828
856 1788 1403638560.878 1403638607.478
1696 1788 1403638602.878 1403638607.478
1696 1793 1403638602.878 1403638607.728
931 1799 1403638564.628 1403638608.028
853 1803 1403638560.728 1403638608.228
857 1806 1403638560.928 1403638608.378
881 1806 1403638562.128 1403638608.378
1701 1808 1403638603.128 1403638608.478
857 1808 1403638560.928 1403638608.478
951 1810 1403638565.628 1403638608.578
1704 1810 1403638603.278 1403638608.578
857 1810 1403638560.928 1403638608.578
656 1820 1403638550.878 1403638609.078
1697 1820 1403638602.928 1403638609.078
1755 1821 1403638605.828 1403638609.128
683 1821 1403638552.228 1403638609.128
1701 1822 1403638603.128 1403638609.178
656 1822 1403638550.878 1403638609.178
542 1822 1403638545.178 1403638609.178
1698 1825 1403638602.978 1403638609.328
1751 1826 1403638605.628 1403638609.378
847 1827 1403638560.428 1403638609.428
1701 1829 1403638603.128 1403638609.528
847 1830 1403638560.428 1403638609.578
847 1831 1403638560.428 1403638609.628
847 1833 1403638560.428 1403638609.728
596 1835 1403638547.878 1403638609.828
596 1837 1403638547.878 1403638609.928
596 1838 1403638547.878 1403638609.978
616 1853 1403638548.878 1403638610.728
1755 1859 1403638605.828 1403638611.028
1202 1877 1403638578.178 1403638611.928
1704 1936 1403638603.278 1403638614.878
1766 1936 1403638606.378 1403638614.878
823 1938 1403638559.228 1403638614.978
1763 1938 1403638606.228 1403638614.978
683 1938 1403638552.228 1403638614.978
1755 1940 1403638605.828 1403638615.078
901 1940 1403638563.128 1403638615.078
683 1940 1403638552.228 1403638615.078
1697 1940 1403638602.928 1403638615.078
1716 1941 1403638603.878 1403638615.128
946 1941 1403638565.378 1403638615.128
1656 1941 1403638600.878 1403638615.128
881 1962 1403638562.128 1403638616.178
850 1962 1403638560.578 1403638616.178
1652 1962 1403638600.678 1403638616.178
1751 1962 1403638605.628 1403638616.178
1788 1967 1403638607.478 1403638616.428
737 1967 1403638554.928 1403638616.428
843 1967 1403638560.228 1403638616.428
857 1970 1403638560.928 1403638616.578
1850 1972 1403638610.578 1403638616.678
150 1995 1403638525.578 1403638617.828
1751 2011 1403638605.628 1403638618.628
1073 2058 1403638571.728 1403638620.978
1073 2078 1403638571.728 1403638621.978
1082 2098 1403638572.178 1403638622.978
1091 2119 1403638572.628 1403638624.028
1112 2139 1403638573.678 1403638625.028
1112 2159 1403638573.678 1403638626.028
1127 2159 1403638574.428 1403638626.028
1117 2179 1403638573.928 1403638627.028
183 2206 1403638527.228 1403638628.378
128 2206 1403638524.478 1403638628.378
