8 99
10 100
6 102
31 104
36 115
26 117
52 119
26 119
19 121
36 121
31 124
52 126
26 128
31 130
33 132
36 134
31 136
36 138
24 140
24 143
24 146
6 149
67 151
2 151
19 153
41 155
24 157
29 159
26 161
36 163
36 165
36 167
36 170
6 170
36 172
29 174
36 176
3 178
26 178
3 180
54 184
3 184
83 184
60 188
50 192
52 195
70 199
46 199
54 202
10 206
50 209
97 212
6 215
12 218
15 219
2 220
33 222
12 222
10 223
8 224
6 226
10 229
67 232
43 232
12 235
2 238
24 241
3 241
70 244
124 247
83 250
33 250
3 252
105 254
21 256
65 259
107 259
78 259
15 259
104 261
54 263
76 263
153 264
79 265
63 266
104 266
29 267
89 268
24 268
163 269
89 270
78 270
97 271
153 272
38 272
161 272
78 273
91 273
153 273
83 273
17 275
126 275
81 276
2 276
100 277
17 277
81 277
83 278
153 278
67 278
140 279
63 280
130 282
81 284
78 284
3 286
110 287
117 287
63 289
157 289
63 291
76 291
79 293
212 293
134 296
250 306
273 332
163 332
273 335
267 335
263 338
261 338
275 338
241 347
128 347
76 347
119 349
149 349
261 351
136 351
153 351
195 354
121 354
126 356
67 356
267 356
165 357
115 357
153 359
176 359
279 359
222 359
117 361
3 361
146 361
74 361
275 362
81 362
161 363
276 363
279 364
192 364
115 364
70 366
280 366
264 366
167 366
110 368
161 368
10 370
238 370
113 370
21 370
138 372
159 374
178 374
99 374
138 376
161 376
276 378
270 381
268 381
202 383
124 383
218 383
289 383
65 385
143 385
128 385
113 391
153 391
276 391
286 391
278 393
206 395
271 395
153 397
19 398
284 398
12 400
165 402
178 402
289 404
165 404
268 404
72 404
247 404
146 404
254 407
272 409
293 411
224 411
199 411
215 413
266 414
271 414
282 414
270 416
267 419
276 419
267 421
104 424
261 427
286 427
176 427
270 430
235 432
241 432
261 445
163 445
41 449
278 449
130 449
223 449
163 450
167 450
272 451
282 451
270 452
130 453
270 453
278 453
270 454
263 455
261 456
269 456
275 458
276 459
296 460
140 476
105 479
261 479
151 479
155 482
351 489
340 491
332 491
359 493
361 496
366 499
340 501
85 509
72 511
3 511
99 520
72 522
402 535
366 535
335 535
291 537
368 537
272 538
357 545
153 569
218 571
278 573
188 575
21 577
269 577
411 586
421 599
421 601
462 603
366 604
374 604
421 606
363 607
421 607
404 607
545 607
527 607
378 608
354 611
212 619
153 620
218 622
192 622
400 631
385 631
450 641
359 643
344 643
332 651
505 652
391 654
338 656
263 669
278 672
119 672
224 672
264 672
119 674
448 676
326 676
361 676
421 676
462 676
223 679
278 679
17 679
224 680
551 686
411 687
398 687
597 693
637 693
559 694
124 737
134 740
29 740
97 740
104 742
121 742
12 752
3 755
95 757
12 759
17 773
12 808
462 813
684 813
27 815
686 821
351 821
593 822
687 824
522 826
6 840
454 985
677 1004
427 1009
676 1014
637 1039
553 1041
694 1041
387 1041
722 1043
608 1043
2 1043
844 1043
765 1043
683 1043
828 1043
637 1043
748 1045
791 1045
686 1045
15 1050
803 1050
824 1055
791 1060
806 1060
12 1060
726 1064
793 1068
744 1071
