127 811 1413393218.606 1413393252.806
301 842 1413393227.306 1413393254.356
361 842 1413393230.306 1413393254.356
123 863 1413393218.406 1413393255.406
182 891 1413393221.356 1413393256.806
140 911 1413393219.256 1413393257.806
440 911 1413393234.256 1413393257.806
276 934 1413393226.056 1413393258.956
158 954 1413393220.156 1413393259.956
182 986 1413393221.356 1413393261.556
431 1006 1413393233.806 1413393262.556
431 1051 1413393233.806 1413393264.806
431 1086 1413393233.806 1413393266.556
421 1160 1413393233.306 1413393270.256
421 1219 1413393233.306 1413393273.206
381 1327 1413393231.306 1413393278.606
127 1347 1413393218.606 1413393279.606
123 1515 1413393218.406 1413393288.006
401 1515 1413393232.306 1413393288.006
421 1795 1413393233.306 1413393302.006
123 1795 1413393218.406 1413393302.006
276 1813 1413393226.056 1413393302.906
381 1832 1413393231.306 1413393303.856
276 1853 1413393226.056 1413393304.906
182 1862 1413393221.356 1413393305.356
140 1870 1413393219.256 1413393305.756
182 1875 1413393221.356 1413393306.006
182 1882 1413393221.356 1413393306.356
321 1933 1413393228.306 1413393308.906
321 1946 1413393228.306 1413393309.556
321 1979 1413393228.306 1413393311.206
301 2001 1413393227.306 1413393312.306
276 2024 1413393226.056 1413393313.456
276 2067 1413393226.056 1413393315.606
361 2082 1413393230.306 1413393316.356
321 2094 1413393228.306 1413393316.956
