372 1007 1403636598.364 1403636630.114
278 1019 1403636593.664 1403636630.714
281 1027 1403636593.814 1403636631.114
281 1031 1403636593.814 1403636631.314
380 1036 1403636598.764 1403636631.564
198 1044 1403636589.664 1403636631.964
161 1047 1403636587.814 1403636632.114
283 1055 1403636593.914 1403636632.514
281 1059 1403636593.814 1403636632.714
204 1066 1403636589.964 1403636633.064
291 1078 1403636594.314 1403636633.664
283 1078 1403636593.914 1403636633.664
269 1078 1403636593.214 1403636633.664
198 1085 1403636589.664 1403636634.014
322 1093 1403636595.864 1403636634.414
281 1103 1403636593.814 1403636634.914
380 1116 1403636598.764 1403636635.564
317 1122 1403636595.614 1403636635.864
339 1125 1403636596.714 1403636636.014
322 1128 1403636595.864 1403636636.164
317 1129 1403636595.614 1403636636.214
322 1130 1403636595.864 1403636636.264
161 1130 1403636587.814 1403636636.264
278 1131 1403636593.664 1403636636.314
386 1131 1403636599.064 1403636636.314
286 1131 1403636594.064 1403636636.314
386 1132 1403636599.064 1403636636.364
278 1132 1403636593.664 1403636636.364
161 1133 1403636587.814 1403636636.414
291 1134 1403636594.314 1403636636.464
281 1134 1403636593.814 1403636636.464
161 1135 1403636587.814 1403636636.514
322 1136 1403636595.864 1403636636.564
161 1137 1403636587.814 1403636636.614
307 1138 1403636595.114 1403636636.664
172 1139 1403636588.364 1403636636.714
265 1140 1403636593.014 1403636636.764
286 1140 1403636594.064 1403636636.764
291 1141 1403636594.314 1403636636.814
330 1141 1403636596.264 1403636636.814
311 1142 1403636595.314 1403636636.864
281 1142 1403636593.814 1403636636.864
291 1142 1403636594.314 1403636636.864
291 1143 1403636594.314 1403636636.914
380 1145 1403636598.764 1403636637.014
307 1145 1403636595.114 1403636637.014
255 1154 1403636592.514 1403636637.464
248 1154 1403636592.164 1403636637.464
161 1157 1403636587.814 1403636637.614
303 1160 1403636594.914 1403636637.764
386 1162 1403636599.064 1403636637.864
291 1163 1403636594.314 1403636637.914
161 1165 1403636587.814 1403636638.014
161 1168 1403636587.814 1403636638.164
303 1172 1403636594.914 1403636638.364
283 1177 1403636593.914 1403636638.614
283 1181 1403636593.914 1403636638.814
283 1184 1403636593.914 1403636638.964
386 1184 1403636599.064 1403636638.964
903 1184 1403636624.914 1403636638.964
303 1188 1403636594.914 1403636639.164
278 1191 1403636593.664 1403636639.314
274 1192 1403636593.464 1403636639.364
903 1194 1403636624.914 1403636639.464
299 1194 1403636594.714 1403636639.464
278 1195 1403636593.664 1403636639.514
283 1195 1403636593.914 1403636639.514
380 1196 1403636598.764 1403636639.564
161 1196 1403636587.814 1403636639.564
283 1197 1403636593.914 1403636639.614
299 1198 1403636594.714 1403636639.664
283 1198 1403636593.914 1403636639.664
283 1199 1403636593.914 1403636639.714
283 1200 1403636593.914 1403636639.764
386 1202 1403636599.064 1403636639.864
303 1202 1403636594.914 1403636639.864
380 1203 1403636598.764 1403636639.914
339 1203 1403636596.714 1403636639.914
255 1203 1403636592.514 1403636639.914
957 1203 1403636627.614 1403636639.914
950 1206 1403636627.264 1403636640.064
303 1206 1403636594.914 1403636640.064
204 1206 1403636589.964 1403636640.064
330 1206 1403636596.264 1403636640.064
380 1213 1403636598.764 1403636640.414
991 1215 1403636629.314 1403636640.514
303 1215 1403636594.914 1403636640.514
303 1218 1403636594.914 1403636640.664
990 1218 1403636629.264 1403636640.664
108 1222 1403636585.164 1403636640.864
87 1225 1403636584.114 1403636641.014
108 1231 1403636585.164 1403636641.314
990 1234 1403636629.264 1403636641.464
990 1236 1403636629.264 1403636641.564
372 1238 1403636598.364 1403636641.664
950 1238 1403636627.264 1403636641.664
161 1238 1403636587.814 1403636641.664
204 1243 1403636589.964 1403636641.914
991 1245 1403636629.314 1403636642.014
102 1245 1403636584.864 1403636642.014
918 1245 1403636625.664 1403636642.014
991 1246 1403636629.314 1403636642.064
283 1246 1403636593.914 1403636642.064
108 1249 1403636585.164 1403636642.214
998 1254 1403636629.664 1403636642.464
286 1254 1403636594.064 1403636642.464
991 1254 1403636629.314 1403636642.464
998 1259 1403636629.664 1403636642.714
908 1266 1403636625.164 1403636643.064
322 1268 1403636595.864 1403636643.164
102 1277 1403636584.864 1403636643.614
271 1282 1403636593.314 1403636643.864
912 1286 1403636625.364 1403636644.064
910 1293 1403636625.264 1403636644.414
260 1295 1403636592.764 1403636644.514
1007 1295 1403636630.114 1403636644.514
303 1300 1403636594.914 1403636644.764
1036 1300 1403636631.564 1403636644.764
991 1305 1403636629.314 1403636645.014
102 1306 1403636584.864 1403636645.064
91 1306 1403636584.314 1403636645.064
260 1306 1403636592.764 1403636645.064
1047 1306 1403636632.114 1403636645.064
1059 1307 1403636632.714 1403636645.114
1031 1309 1403636631.314 1403636645.214
1093 1309 1403636634.414 1403636645.214
1093 1313 1403636634.414 1403636645.414
1027 1317 1403636631.114 1403636645.614
1027 1319 1403636631.114 1403636645.714
1031 1323 1403636631.314 1403636645.914
108 1323 1403636585.164 1403636645.914
1002 1325 1403636629.864 1403636646.014
908 1328 1403636625.164 1403636646.164
1031 1328 1403636631.314 1403636646.164
1027 1329 1403636631.114 1403636646.214
1059 1330 1403636632.714 1403636646.264
1031 1331 1403636631.314 1403636646.314
991 1331 1403636629.314 1403636646.314
1002 1332 1403636629.864 1403636646.364
1093 1333 1403636634.414 1403636646.414
102 1334 1403636584.864 1403636646.464
1002 1335 1403636629.864 1403636646.514
1036 1336 1403636631.564 1403636646.564
1036 1337 1403636631.564 1403636646.614
999 1338 1403636629.714 1403636646.664
975 1338 1403636628.514 1403636646.664
81 1339 1403636583.814 1403636646.714
1031 1341 1403636631.314 1403636646.814
102 1341 1403636584.864 1403636646.814
1002 1343 1403636629.864 1403636646.914
102 1344 1403636584.864 1403636646.964
1093 1344 1403636634.414 1403636646.964
311 1344 1403636595.314 1403636646.964
1019 1346 1403636630.714 1403636647.064
81 1346 1403636583.814 1403636647.064
925 1346 1403636626.014 1403636647.064
255 1346 1403636592.514 1403636647.064
1078 1348 1403636633.664 1403636647.164
1002 1348 1403636629.864 1403636647.164
1019 1350 1403636630.714 1403636647.264
1139 1350 1403636636.714 1403636647.264
1103 1350 1403636634.914 1403636647.264
1103 1351 1403636634.914 1403636647.314
68 1351 1403636583.164 1403636647.314
1141 1352 1403636636.814 1403636647.364
1103 1352 1403636634.914 1403636647.364
307 1352 1403636595.114 1403636647.364
979 1352 1403636628.714 1403636647.364
102 1353 1403636584.864 1403636647.414
1031 1355 1403636631.314 1403636647.514
975 1355 1403636628.514 1403636647.514
1141 1355 1403636636.814 1403636647.514
1036 1357 1403636631.564 1403636647.614
975 1357 1403636628.514 1403636647.614
161 1357 1403636587.814 1403636647.614
975 1362 1403636628.514 1403636647.864
924 1363 1403636625.964 1403636647.914
1103 1364 1403636634.914 1403636647.964
108 1364 1403636585.164 1403636647.964
1163 1364 1403636637.914 1403636647.964
1027 1364 1403636631.114 1403636647.964
957 1365 1403636627.614 1403636648.014
1103 1365 1403636634.914 1403636648.014
1163 1365 1403636637.914 1403636648.014
303 1365 1403636594.914 1403636648.014
87 1365 1403636584.114 1403636648.014
1141 1366 1403636636.814 1403636648.064
283 1366 1403636593.914 1403636648.064
1027 1386 1403636631.114 1403636649.064
1036 1394 1403636631.564 1403636649.464
1163 1403 1403636637.914 1403636649.914
946 1423 1403636627.064 1403636650.914
1234 1443 1403636641.464 1403636651.914
1286 1451 1403636644.064 1403636652.314
1309 1451 1403636645.214 1403636652.314
102 1471 1403636584.864 1403636653.314
1047 1471 1403636632.114 1403636653.314
1059 1491 1403636632.714 1403636654.314
1333 1503 1403636646.414 1403636654.914
1165 1508 1403636638.014 1403636655.164
1027 1508 1403636631.114 1403636655.164
1163 1508 1403636637.914 1403636655.164
1338 1514 1403636646.664 1403636655.464
1133 1514 1403636636.414 1403636655.464
1333 1520 1403636646.414 1403636655.764
1329 1523 1403636646.214 1403636655.914
1122 1523 1403636635.864 1403636655.914
1346 1525 1403636647.064 1403636656.014
108 1526 1403636585.164 1403636656.064
1125 1527 1403636636.014 1403636656.114
1344 1527 1403636646.964 1403636656.114
1055 1528 1403636632.514 1403636656.164
1047 1530 1403636632.114 1403636656.264
1129 1530 1403636636.214 1403636656.264
1344 1532 1403636646.964 1403636656.364
372 1536 1403636598.364 1403636656.564
1122 1538 1403636635.864 1403636656.664
1129 1540 1403636636.214 1403636656.764
975 1540 1403636628.514 1403636656.764
108 1542 1403636585.164 1403636656.864
1309 1542 1403636645.214 1403636656.864
383 1542 1403636598.914 1403636656.864
198 1547 1403636589.664 1403636657.114
1305 1547 1403636645.014 1403636657.114
1317 1551 1403636645.614 1403636657.314
1007 1557 1403636630.114 1403636657.614
409 1557 1403636600.214 1403636657.614
988 1557 1403636629.164 1403636657.614
1334 1557 1403636646.464 1403636657.614
979 1562 1403636628.714 1403636657.864
975 1572 1403636628.514 1403636658.364
1137 1572 1403636636.614 1403636658.364
1133 1585 1403636636.414 1403636659.014
1140 1585 1403636636.764 1403636659.014
1044 1606 1403636631.964 1403636660.064
990 1606 1403636629.264 1403636660.064
1036 1629 1403636631.564 1403636661.214
1163 1666 1403636637.914 1403636663.064
1323 1666 1403636645.914 1403636663.064
1177 1698 1403636638.614 1403636664.664
339 1698 1403636596.714 1403636664.664
1443 1698 1403636651.914 1403636664.664
1346 1698 1403636647.064 1403636664.664
1027 1698 1403636631.114 1403636664.664
1138 1698 1403636636.664 1403636664.664
1328 1714 1403636646.164 1403636665.464
1059 1722 1403636632.714 1403636665.864
102 1727 1403636584.864 1403636666.114
303 1733 1403636594.914 1403636666.414
1386 1733 1403636649.064 1403636666.414
161 1737 1403636587.814 1403636666.614
975 1740 1403636628.514 1403636666.764
1334 1740 1403636646.464 1403636666.764
108 1740 1403636585.164 1403636666.764
1323 1742 1403636645.914 1403636666.864
1343 1743 1403636646.914 1403636666.914
1133 1743 1403636636.414 1403636666.914
1125 1744 1403636636.014 1403636666.964
1333 1745 1403636646.414 1403636667.014
1333 1746 1403636646.414 1403636667.064
1132 1747 1403636636.364 1403636667.114
1066 1747 1403636633.064 1403636667.114
1350 1748 1403636647.264 1403636667.164
1443 1749 1403636651.914 1403636667.214
1125 1749 1403636636.014 1403636667.214
1141 1749 1403636636.814 1403636667.214
1451 1751 1403636652.314 1403636667.314
1044 1755 1403636631.964 1403636667.514
1295 1757 1403636644.514 1403636667.614
1305 1757 1403636645.014 1403636667.614
979 1759 1403636628.714 1403636667.714
1177 1762 1403636638.614 1403636667.864
1295 1762 1403636644.514 1403636667.864
108 1762 1403636585.164 1403636667.864
1122 1762 1403636635.864 1403636667.864
1133 1766 1403636636.414 1403636668.064
1317 1766 1403636645.614 1403636668.064
1259 1767 1403636642.714 1403636668.114
1306 1768 1403636645.064 1403636668.164
1329 1768 1403636646.214 1403636668.164
1078 1768 1403636633.664 1403636668.164
1266 1768 1403636643.064 1403636668.164
1222 1771 1403636640.864 1403636668.314
999 1782 1403636629.714 1403636668.864
1184 1782 1403636638.964 1403636668.864
1386 1782 1403636649.064 1403636668.864
979 1787 1403636628.714 1403636669.114
998 1787 1403636629.664 1403636669.114
1137 1794 1403636636.614 1403636669.464
1333 1794 1403636646.414 1403636669.464
1047 1794 1403636632.114 1403636669.464
991 1794 1403636629.314 1403636669.464
1116 1798 1403636635.564 1403636669.664
108 1798 1403636585.164 1403636669.664
1307 1801 1403636645.114 1403636669.814
1339 1805 1403636646.714 1403636670.014
1136 1805 1403636636.564 1403636670.014
1116 1808 1403636635.564 1403636670.164
1019 1811 1403636630.714 1403636670.314
984 1811 1403636628.964 1403636670.314
1330 1812 1403636646.264 1403636670.364
994 1812 1403636629.464 1403636670.364
984 1813 1403636628.964 1403636670.414
1132 1814 1403636636.364 1403636670.464
1027 1814 1403636631.114 1403636670.464
1339 1815 1403636646.714 1403636670.514
1165 1815 1403636638.014 1403636670.514
990 1817 1403636629.264 1403636670.614
1319 1817 1403636645.714 1403636670.614
1366 1817 1403636648.064 1403636670.614
1335 1817 1403636646.514 1403636670.614
1203 1817 1403636639.914 1403636670.614
102 1826 1403636584.864 1403636671.064
988 1826 1403636629.164 1403636671.064
1323 1846 1403636645.914 1403636672.064
1139 1866 1403636636.714 1403636673.064
1136 1866 1403636636.564 1403636673.064
1002 1906 1403636629.864 1403636675.064
1309 1913 1403636645.214 1403636675.414
1002 1916 1403636629.864 1403636675.564
979 1923 1403636628.714 1403636675.914
1319 1932 1403636645.714 1403636676.364
984 1936 1403636628.964 1403636676.564
1002 1939 1403636629.864 1403636676.714
1249 1943 1403636642.214 1403636676.914
1698 1956 1403636664.664 1403636677.564
1755 1960 1403636667.514 1403636677.764
1745 1961 1403636667.014 1403636677.814
1782 1961 1403636668.864 1403636677.814
1525 1965 1403636656.014 1403636678.014
1508 1966 1403636655.164 1403636678.064
1527 1971 1403636656.114 1403636678.314
1532 1978 1403636656.364 1403636678.664
1846 1980 1403636672.064 1403636678.764
1811 1980 1403636670.314 1403636678.764
1817 1990 1403636670.614 1403636679.264
1811 2007 1403636670.314 1403636680.114
1698 2011 1403636664.664 1403636680.314
1755 2013 1403636667.514 1403636680.414
1801 2015 1403636669.814 1403636680.514
1755 2019 1403636667.514 1403636680.714
1443 2019 1403636651.914 1403636680.714
1722 2019 1403636665.864 1403636680.714
1737 2021 1403636666.614 1403636680.814
1787 2023 1403636669.114 1403636680.914
1916 2023 1403636675.564 1403636680.914
1585 2023 1403636659.014 1403636680.914
1808 2026 1403636670.164 1403636681.064
1744 2028 1403636666.964 1403636681.164
1471 2032 1403636653.314 1403636681.364
1812 2032 1403636670.364 1403636681.364
1746 2032 1403636667.064 1403636681.364
1746 2082 1403636667.064 1403636683.864
1403 2089 1403636649.914 1403636684.214
1939 2089 1403636676.714 1403636684.214
1055 2098 1403636632.514 1403636684.664
1906 2103 1403636675.064 1403636684.914
1103 2103 1403636634.914 1403636684.914
1047 2103 1403636632.114 1403636684.914
1132 2107 1403636636.364 1403636685.114
1163 2107 1403636637.914 1403636685.114
1133 2109 1403636636.414 1403636685.214
1116 2109 1403636635.564 1403636685.214
1103 2113 1403636634.914 1403636685.414
1771 2142 1403636668.314 1403636686.864
1966 2146 1403636678.064 1403636687.064
1961 2148 1403636677.814 1403636687.164
1423 2151 1403636650.914 1403636687.314
990 2151 1403636629.264 1403636687.314
1078 2157 1403636633.664 1403636687.614
1745 2157 1403636667.014 1403636687.614
1782 2157 1403636668.864 1403636687.614
1116 2181 1403636635.564 1403636688.814
102 2181 1403636584.864 1403636688.814
1826 2219 1403636671.064 1403636690.714
1335 2227 1403636646.514 1403636691.114
1745 2227 1403636667.014 1403636691.114
1812 2227 1403636670.364 1403636691.114
1403 2233 1403636649.914 1403636691.414
1333 2238 1403636646.414 1403636691.664
1826 2238 1403636671.064 1403636691.664
1745 2238 1403636667.014 1403636691.664
1141 2238 1403636636.814 1403636691.664
1047 2238 1403636632.114 1403636691.664
1808 2244 1403636670.164 1403636691.964
1168 2300 1403636638.164 1403636694.764
1066 2303 1403636633.064 1403636694.914
1131 2303 1403636636.314 1403636694.914
102 2303 1403636584.864 1403636694.914
1923 2312 1403636675.914 1403636695.364
1131 2312 1403636636.314 1403636695.364
1125 2315 1403636636.014 1403636695.514
1530 2315 1403636656.264 1403636695.514
1168 2324 1403636638.164 1403636695.964
1751 2342 1403636667.314 1403636696.864
1727 2353 1403636666.114 1403636697.414
1815 2360 1403636670.514 1403636697.764
1722 2362 1403636665.864 1403636697.864
1740 2369 1403636666.764 1403636698.214
1762 2382 1403636667.864 1403636698.864
1757 2386 1403636667.614 1403636699.064
1295 2454 1403636644.514 1403636702.464
2062 2456 1403636682.864 1403636702.564
2238 2456 1403636691.664 1403636702.564
2071 2458 1403636683.314 1403636702.664
2163 2458 1403636687.914 1403636702.664
994 2458 1403636629.464 1403636702.664
994 2460 1403636629.464 1403636702.764
2353 2460 1403636697.414 1403636702.764
994 2462 1403636629.464 1403636702.864
2219 2462 1403636690.714 1403636702.864
979 2466 1403636628.714 1403636703.064
2244 2471 1403636691.964 1403636703.314
2148 2471 1403636687.164 1403636703.314
2118 2482 1403636685.664 1403636703.864
2019 2488 1403636680.714 1403636704.164
1125 2490 1403636636.014 1403636704.264
2131 2490 1403636686.314 1403636704.264
1514 2499 1403636655.464 1403636704.714
1629 2499 1403636661.214 1403636704.714
2005 2504 1403636680.014 1403636704.964
2353 2505 1403636697.414 1403636705.014
1295 2505 1403636644.514 1403636705.014
2157 2505 1403636687.614 1403636705.014
2244 2506 1403636691.964 1403636705.064
1996 2506 1403636679.564 1403636705.064
1295 2506 1403636644.514 1403636705.064
161 2506 1403636587.814 1403636705.064
1698 2509 1403636664.664 1403636705.214
1698 2511 1403636664.664 1403636705.314
2037 2525 1403636681.614 1403636706.014
2159 2525 1403636687.714 1403636706.014
2082 2525 1403636683.864 1403636706.014
2227 2527 1403636691.114 1403636706.114
2098 2530 1403636684.664 1403636706.264
108 2530 1403636585.164 1403636706.264
1036 2531 1403636631.564 1403636706.314
999 2531 1403636629.714 1403636706.314
2079 2531 1403636683.714 1403636706.314
2238 2531 1403636691.664 1403636706.314
2300 2535 1403636694.764 1403636706.514
1125 2535 1403636636.014 1403636706.514
2071 2537 1403636683.314 1403636706.614
108 2537 1403636585.164 1403636706.614
1078 2537 1403636633.664 1403636706.614
86 2537 1403636584.064 1403636706.614
1128 2537 1403636636.164 1403636706.614
2113 2539 1403636685.414 1403636706.714
1007 2539 1403636630.114 1403636706.714
1163 2539 1403636637.914 1403636706.714
68 2545 1403636583.164 1403636707.014
2342 2546 1403636696.864 1403636707.064
1129 2546 1403636636.214 1403636707.064
2132 2546 1403636686.364 1403636707.064
2148 2550 1403636687.164 1403636707.264
2015 2550 1403636680.514 1403636707.264
975 2550 1403636628.514 1403636707.264
2151 2552 1403636687.314 1403636707.364
2019 2555 1403636680.714 1403636707.514
1066 2555 1403636633.064 1403636707.514
1351 2555 1403636647.314 1403636707.514
2181 2557 1403636688.814 1403636707.614
2019 2559 1403636680.714 1403636707.714
1002 2559 1403636629.864 1403636707.714
1047 2561 1403636632.114 1403636707.814
1138 2561 1403636636.664 1403636707.814
68 2561 1403636583.164 1403636707.814
1036 2563 1403636631.564 1403636707.914
1036 2565 1403636631.564 1403636708.014
1168 2568 1403636638.164 1403636708.164
1002 2569 1403636629.864 1403636708.214
2190 2569 1403636689.264 1403636708.214
2019 2571 1403636680.714 1403636708.314
2219 2571 1403636690.714 1403636708.314
2148 2571 1403636687.164 1403636708.314
2362 2571 1403636697.864 1403636708.314
1036 2574 1403636631.564 1403636708.464
2244 2577 1403636691.964 1403636708.614
2023 2577 1403636680.914 1403636708.614
1027 2580 1403636631.114 1403636708.764
2172 2581 1403636688.364 1403636708.814
2333 2581 1403636696.414 1403636708.814
1027 2581 1403636631.114 1403636708.814
991 2581 1403636629.314 1403636708.814
2282 2583 1403636693.864 1403636708.914
1323 2583 1403636645.914 1403636708.914
1059 2585 1403636632.714 1403636709.014
1031 2588 1403636631.314 1403636709.164
1066 2590 1403636633.064 1403636709.264
984 2590 1403636628.964 1403636709.264
2282 2590 1403636693.864 1403636709.264
2181 2593 1403636688.814 1403636709.414
2148 2595 1403636687.164 1403636709.514
2157 2599 1403636687.614 1403636709.714
2190 2599 1403636689.264 1403636709.714
1047 2599 1403636632.114 1403636709.714
1218 2615 1403636640.664 1403636710.514
1122 2619 1403636635.864 1403636710.714
1093 2623 1403636634.414 1403636710.914
1059 2623 1403636632.714 1403636710.914
1093 2627 1403636634.414 1403636711.114
1722 2634 1403636665.864 1403636711.464
1503 2639 1403636654.914 1403636711.714
1745 2639 1403636667.014 1403636711.714
1181 2644 1403636638.814 1403636711.964
2203 2644 1403636689.914 1403636711.964
2109 2646 1403636685.214 1403636712.064
1184 2646 1403636638.964 1403636712.064
2151 2646 1403636687.314 1403636712.064
1319 2646 1403636645.714 1403636712.064
2233 2646 1403636691.414 1403636712.064
2181 2646 1403636688.814 1403636712.064
999 2646 1403636629.714 1403636712.064
1234 2650 1403636641.464 1403636712.264
2033 2654 1403636681.414 1403636712.464
1184 2658 1403636638.964 1403636712.664
1787 2658 1403636669.114 1403636712.664
1031 2658 1403636631.314 1403636712.664
1066 2661 1403636633.064 1403636712.814
1319 2661 1403636645.714 1403636712.814
2360 2671 1403636697.764 1403636713.314
1140 2671 1403636636.764 1403636713.314
1103 2675 1403636634.914 1403636713.514
1335 2678 1403636646.514 1403636713.664
2454 2678 1403636702.464 1403636713.664
1059 2680 1403636632.714 1403636713.764
102 2683 1403636584.864 1403636713.914
1293 2683 1403636644.414 1403636713.914
1093 2683 1403636634.414 1403636713.914
1047 2686 1403636632.114 1403636714.064
1103 2686 1403636634.914 1403636714.064
2360 2688 1403636697.764 1403636714.164
2454 2688 1403636702.464 1403636714.164
2244 2688 1403636691.964 1403636714.164
1007 2692 1403636630.114 1403636714.364
1055 2694 1403636632.514 1403636714.464
1055 2697 1403636632.514 1403636714.614
1137 2699 1403636636.614 1403636714.714
1989 2700 1403636679.214 1403636714.764
1031 2700 1403636631.314 1403636714.764
1956 2703 1403636677.564 1403636714.914
1137 2707 1403636636.614 1403636715.114
1989 2707 1403636679.214 1403636715.114
1313 2707 1403636645.414 1403636715.114
1138 2713 1403636636.664 1403636715.414
1129 2713 1403636636.214 1403636715.414
1093 2715 1403636634.414 1403636715.514
1122 2715 1403636635.864 1403636715.514
1036 2728 1403636631.564 1403636716.164
1066 2734 1403636633.064 1403636716.464
81 2740 1403636583.814 1403636716.764
2449 2740 1403636702.214 1403636716.764
979 2740 1403636628.714 1403636716.764
1066 2740 1403636633.064 1403636716.764
1131 2743 1403636636.314 1403636716.914
1031 2744 1403636631.314 1403636716.964
1956 2744 1403636677.564 1403636716.964
1403 2746 1403636649.914 1403636717.064
1128 2751 1403636636.164 1403636717.314
1103 2754 1403636634.914 1403636717.464
68 2754 1403636583.164 1403636717.464
1059 2758 1403636632.714 1403636717.664
1103 2762 1403636634.914 1403636717.864
2456 2762 1403636702.564 1403636717.864
1168 2765 1403636638.164 1403636718.014
68 2765 1403636583.164 1403636718.014
1122 2765 1403636635.864 1403636718.014
1132 2767 1403636636.364 1403636718.114
1116 2769 1403636635.564 1403636718.214
1746 2782 1403636667.064 1403636718.864
2552 2782 1403636707.364 1403636718.864
2449 2782 1403636702.214 1403636718.864
1339 2788 1403636646.714 1403636719.164
2449 2788 1403636702.214 1403636719.164
2577 2793 1403636708.614 1403636719.414
1047 2797 1403636632.114 1403636719.614
1737 2797 1403636666.614 1403636719.614
2426 2797 1403636701.064 1403636719.614
1811 2842 1403636670.314 1403636721.864
1956 2854 1403636677.564 1403636722.464
2574 2861 1403636708.464 1403636722.814
1991 2861 1403636679.314 1403636722.814
1093 2861 1403636634.414 1403636722.814
1139 2861 1403636636.714 1403636722.814
2595 2861 1403636709.514 1403636722.814
1737 2871 1403636666.614 1403636723.314
1943 2877 1403636676.914 1403636723.614
1218 2879 1403636640.664 1403636723.714
1978 2881 1403636678.664 1403636723.814
1394 2885 1403636649.464 1403636724.014
1966 2888 1403636678.064 1403636724.164
1943 2889 1403636676.914 1403636724.214
1134 2891 1403636636.464 1403636724.314
1987 2891 1403636679.114 1403636724.314
1394 2896 1403636649.464 1403636724.564
1939 2901 1403636676.714 1403636724.814
1923 2904 1403636675.914 1403636724.964
1132 2904 1403636636.364 1403636724.964
994 2907 1403636629.464 1403636725.114
1520 2907 1403636655.764 1403636725.114
1066 2936 1403636633.064 1403636726.564
1141 2936 1403636636.814 1403636726.564
1943 2991 1403636676.914 1403636729.314
1363 2991 1403636647.914 1403636729.314
2571 2991 1403636708.314 1403636729.314
1181 2996 1403636638.814 1403636729.564
1047 2996 1403636632.114 1403636729.564
1139 2996 1403636636.714 1403636729.564
108 2996 1403636585.164 1403636729.564
1319 3013 1403636645.714 1403636730.414
984 3015 1403636628.964 1403636730.514
1078 3017 1403636633.664 1403636730.614
1131 3024 1403636636.314 1403636730.964
2079 3024 1403636683.714 1403636730.964
68 3030 1403636583.164 1403636731.264
1943 3040 1403636676.914 1403636731.764
1394 3046 1403636649.464 1403636732.064
1751 3046 1403636667.314 1403636732.064
1812 3052 1403636670.364 1403636732.364
1745 3058 1403636667.014 1403636732.664
1787 3058 1403636669.114 1403636732.664
1698 3063 1403636664.664 1403636732.914
1808 3063 1403636670.164 1403636732.914
1939 3063 1403636676.714 1403636732.914
2005 3063 1403636680.014 1403636732.914
1740 3068 1403636666.764 1403636733.164
1817 3068 1403636670.614 1403636733.164
1722 3071 1403636665.864 1403636733.314
1031 3078 1403636631.314 1403636733.664
2081 3078 1403636683.814 1403636733.664
1366 3078 1403636648.064 1403636733.664
1562 3078 1403636657.864 1403636733.664
1805 3081 1403636670.014 1403636733.814
1812 3089 1403636670.364 1403636734.214
1798 3092 1403636669.664 1403636734.364
1745 3092 1403636667.014 1403636734.364
1815 3127 1403636670.514 1403636736.114
1982 3130 1403636678.864 1403636736.264
1965 3135 1403636678.014 1403636736.514
2456 3135 1403636702.564 1403636736.514
1815 3143 1403636670.514 1403636736.914
1751 3153 1403636667.314 1403636737.414
1965 3153 1403636678.014 1403636737.414
1745 3153 1403636667.014 1403636737.414
1811 3159 1403636670.314 1403636737.714
1801 3166 1403636669.814 1403636738.064
2537 3181 1403636706.614 1403636738.814
1846 3181 1403636672.064 1403636738.814
2658 3181 1403636712.664 1403636738.814
1530 3201 1403636656.264 1403636739.814
1403 3201 1403636649.914 1403636739.814
1403 3227 1403636649.914 1403636741.114
1714 3247 1403636665.464 1403636742.114
1826 3300 1403636671.064 1403636744.764
1036 3300 1403636631.564 1403636744.764
2449 3300 1403636702.214 1403636744.764
1787 3300 1403636669.114 1403636744.764
2426 3304 1403636701.064 1403636744.964
2449 3306 1403636702.214 1403636745.064
1956 3306 1403636677.564 1403636745.064
1744 3310 1403636666.964 1403636745.264
2471 3312 1403636703.314 1403636745.364
2023 3316 1403636680.914 1403636745.564
1714 3316 1403636665.464 1403636745.564
2456 3322 1403636702.564 1403636745.864
2524 3323 1403636705.964 1403636745.914
1055 3323 1403636632.514 1403636745.914
108 3323 1403636585.164 1403636745.914
1939 3323 1403636676.714 1403636745.914
1745 3323 1403636667.014 1403636745.914
1423 3325 1403636650.914 1403636746.014
1798 3325 1403636669.664 1403636746.014
1745 3330 1403636667.014 1403636746.264
2456 3333 1403636702.564 1403636746.414
1939 3349 1403636676.714 1403636747.214
1047 3349 1403636632.114 1403636747.214
2454 3353 1403636702.464 1403636747.414
1745 3353 1403636667.014 1403636747.414
1965 3353 1403636678.014 1403636747.414
2449 3359 1403636702.214 1403636747.714
1745 3364 1403636667.014 1403636747.964
2449 3364 1403636702.214 1403636747.964
2449 3370 1403636702.214 1403636748.264
2449 3378 1403636702.214 1403636748.664
1956 3378 1403636677.564 1403636748.664
2449 3381 1403636702.214 1403636748.814
1982 3381 1403636678.864 1403636748.814
2426 3386 1403636701.064 1403636749.064
1939 3390 1403636676.714 1403636749.264
1762 3390 1403636667.864 1403636749.264
2599 3390 1403636709.714 1403636749.264
2107 3390 1403636685.114 1403636749.264
1047 3390 1403636632.114 1403636749.264
2683 3390 1403636713.914 1403636749.264
2454 3390 1403636702.464 1403636749.264
2471 3392 1403636703.314 1403636749.364
2449 3395 1403636702.214 1403636749.514
1031 3397 1403636631.314 1403636749.614
2460 3397 1403636702.764 1403636749.614
2454 3401 1403636702.464 1403636749.814
2449 3404 1403636702.214 1403636749.964
1740 3411 1403636666.764 1403636750.314
1766 3418 1403636668.064 1403636750.664
2454 3418 1403636702.464 1403636750.664
2561 3418 1403636707.814 1403636750.664
2449 3421 1403636702.214 1403636750.814
2394 3427 1403636699.464 1403636751.114
1047 3435 1403636632.114 1403636751.514
1085 3441 1403636634.014 1403636751.814
2449 3447 1403636702.214 1403636752.114
2449 3451 1403636702.214 1403636752.314
1787 3454 1403636669.114 1403636752.464
68 3454 1403636583.164 1403636752.464
1817 3461 1403636670.614 1403636752.814
2471 3461 1403636703.314 1403636752.814
2456 3469 1403636702.564 1403636753.214
1031 3471 1403636631.314 1403636753.314
1956 3471 1403636677.564 1403636753.314
2471 3471 1403636703.314 1403636753.314
1137 3471 1403636636.614 1403636753.314
1047 3478 1403636632.114 1403636753.664
2394 3478 1403636699.464 1403636753.664
1019 3489 1403636630.714 1403636754.214
2382 3497 1403636698.864 1403636754.614
1131 3497 1403636636.314 1403636754.614
1122 3499 1403636635.864 1403636754.714
2471 3499 1403636703.314 1403636754.714
1129 3503 1403636636.214 1403636754.914
1128 3504 1403636636.164 1403636754.964
1137 3509 1403636636.614 1403636755.214
1122 3509 1403636635.864 1403636755.214
1160 3539 1403636637.764 1403636756.714
1132 3539 1403636636.364 1403636756.714
1131 3544 1403636636.314 1403636756.964
1047 3546 1403636632.114 1403636757.064
1136 3548 1403636636.564 1403636757.164
1122 3548 1403636635.864 1403636757.164
2700 3550 1403636714.764 1403636757.264
1137 3550 1403636636.614 1403636757.264
1066 3552 1403636633.064 1403636757.364
1007 3554 1403636630.114 1403636757.464
2238 3557 1403636691.664 1403636757.614
1923 3557 1403636675.914 1403636757.614
1353 3557 1403636647.414 1403636757.614
1139 3559 1403636636.714 1403636757.714
1007 3561 1403636630.114 1403636757.814
1007 3562 1403636630.114 1403636757.864
994 3571 1403636629.464 1403636758.314
3349 3586 1403636747.214 1403636759.064
3323 3587 1403636745.914 1403636759.114
2590 3588 1403636709.264 1403636759.164
1203 3590 1403636639.914 1403636759.264
1286 3590 1403636644.064 1403636759.264
3353 3590 1403636747.414 1403636759.264
1122 3590 1403636635.864 1403636759.264
1027 3590 1403636631.114 1403636759.264
2907 3590 1403636725.114 1403636759.264
1335 3590 1403636646.514 1403636759.264
1132 3592 1403636636.364 1403636759.364
3323 3592 1403636745.914 1403636759.364
2782 3595 1403636718.864 1403636759.514
1423 3595 1403636650.914 1403636759.514
3323 3595 1403636745.914 1403636759.514
2699 3595 1403636714.714 1403636759.514
1939 3595 1403636676.714 1403636759.514
2098 3599 1403636684.664 1403636759.714
1047 3599 1403636632.114 1403636759.714
1132 3599 1403636636.364 1403636759.714
1801 3599 1403636669.814 1403636759.714
3364 3603 1403636747.964 1403636759.914
3063 3603 1403636732.914 1403636759.914
265 3608 1403636593.014 1403636760.164
311 3612 1403636595.314 1403636760.364
303 3612 1403636594.914 1403636760.364
91 3614 1403636584.314 1403636760.464
322 3616 1403636595.864 1403636760.564
322 3619 1403636595.864 1403636760.714
383 3619 1403636598.914 1403636760.714
380 3622 1403636598.764 1403636760.864
383 3625 1403636598.914 1403636761.014
87 3628 1403636584.114 1403636761.164
86 3630 1403636584.064 1403636761.264
386 3633 1403636599.064 1403636761.414
86 3635 1403636584.064 1403636761.514
86 3637 1403636584.064 1403636761.614
1157 3640 1403636637.614 1403636761.764
1362 3640 1403636647.864 1403636761.764
286 3640 1403636594.064 1403636761.764
2001 3642 1403636679.814 1403636761.864
1122 3642 1403636635.864 1403636761.864
339 3642 1403636596.714 1403636761.864
87 3642 1403636584.114 1403636761.864
