146 446 1403715280.562 1403715295.562
146 812 1403715280.562 1403715313.862
604 885 1403715303.462 1403715317.512
779 926 1403715312.212 1403715319.562
147 959 1403715280.612 1403715321.212
466 959 1403715296.562 1403715321.212
779 992 1403715312.212 1403715322.862
194 1010 1403715282.962 1403715323.762
502 1105 1403715298.362 1403715328.512
466 1140 1403715296.562 1403715330.262
178 1202 1403715282.162 1403715333.362
604 1245 1403715303.462 1403715335.512
699 1285 1403715308.212 1403715337.512
779 1332 1403715312.212 1403715339.862
146 1392 1403715280.562 1403715342.862
1010 1439 1403715323.762 1403715345.212
604 1470 1403715303.462 1403715346.762
992 1490 1403715322.862 1403715347.762
992 1511 1403715322.862 1403715348.812
1439 1511 1403715345.212 1403715348.812
885 1606 1403715317.512 1403715353.562
1202 1652 1403715333.362 1403715355.862
885 1652 1403715317.512 1403715355.862
1470 1689 1403715346.762 1403715357.712
1010 1689 1403715323.762 1403715357.712
1490 1719 1403715347.762 1403715359.212
812 1746 1403715313.862 1403715360.562
276 1766 1403715287.062 1403715361.562
418 1800 1403715294.162 1403715363.262
398 1820 1403715293.162 1403715364.262
1689 1914 1403715357.712 1403715368.962
1800 1962 1403715363.262 1403715371.362
160 1998 1403715281.262 1403715373.162
1746 1998 1403715360.562 1403715373.162
349 2037 1403715290.712 1403715375.112
1719 2037 1403715359.212 1403715375.112
959 2037 1403715321.212 1403715375.112
779 2489 1403715312.212 1403715397.712
779 2509 1403715312.212 1403715398.712
2077 2549 1403715377.112 1403715400.712
1285 2549 1403715337.512 1403715400.712
2077 2564 1403715377.112 1403715401.462
2077 2573 1403715377.112 1403715401.912
2057 2581 1403715376.112 1403715402.312
2077 2588 1403715377.112 1403715402.662
812 2597 1403715313.862 1403715403.112
1470 2609 1403715346.762 1403715403.712
1010 2620 1403715323.762 1403715404.262
812 2627 1403715313.862 1403715404.612
398 2627 1403715293.162 1403715404.612
2057 2637 1403715376.112 1403715405.112
2057 2646 1403715376.112 1403715405.562
2509 2655 1403715398.712 1403715406.012
1689 2668 1403715357.712 1403715406.662
2597 2682 1403715403.112 1403715407.362
2597 2689 1403715403.112 1403715407.712
2597 2693 1403715403.112 1403715407.912
2509 2695 1403715398.712 1403715408.012
2581 2697 1403715402.312 1403715408.112
2448 2698 1403715395.662 1403715408.162
2509 2700 1403715398.712 1403715408.262
2581 2702 1403715402.312 1403715408.362
604 2703 1403715303.462 1403715408.412
1689 2703 1403715357.712 1403715408.412
2549 2704 1403715400.712 1403715408.462
1689 2704 1403715357.712 1403715408.462
1800 2707 1403715363.262 1403715408.612
1719 2710 1403715359.212 1403715408.762
2588 2711 1403715402.662 1403715408.812
2549 2718 1403715400.712 1403715409.162
1719 2804 1403715359.212 1403715413.462
1689 2812 1403715357.712 1403715413.862
1689 2814 1403715357.712 1403715413.962
1689 2834 1403715357.712 1403715414.962
1719 2836 1403715359.212 1403715415.062
1392 2836 1403715342.862 1403715415.062
