5 79 0.520 8.206
29 81 3.015 8.415
2 81 0.208 8.415
9 84 0.935 8.728
41 86 4.262 8.937
9 88 0.935 9.146
49 90 5.093 9.354
9 94 0.935 9.771
9 97 0.935 10.083
49 100 5.093 10.395
9 103 0.935 10.706
53 105 5.508 10.914
19 108 1.975 11.226
41 110 4.262 11.434
49 112 5.093 11.642
19 115 1.975 11.954
49 117 5.093 12.162
49 120 5.093 12.474
53 122 5.508 12.682
2 125 0.208 12.994
53 125 5.508 12.994
65 127 6.751 13.202
14 130 1.455 13.513
14 133 1.455 13.825
14 135 1.455 14.033
19 138 1.975 14.344
5 141 0.520 14.655
19 143 1.975 14.863
70 143 7.270 14.863
14 146 1.455 15.174
65 146 6.751 15.174
57 148 5.922 15.381
41 148 4.262 15.381
19 150 1.975 15.589
94 153 9.771 15.900
97 156 10.083 16.212
103 156 10.706 16.212
53 167 5.508 17.354
49 169 5.093 17.561
57 171 5.922 17.769
19 173 1.975 17.977
29 175 3.015 18.184
53 178 5.508 18.496
2 180 0.208 18.704
53 183 5.508 19.015
14 186 1.455 19.326
29 188 3.015 19.533
14 190 1.455 19.741
2 192 0.208 19.949
2 195 0.208 20.260
29 198 3.015 20.571
3 200 0.312 20.779
19 203 1.975 21.090
49 206 5.093 21.401
29 208 3.015 21.609
57 211 5.922 21.920
5 213 0.520 22.128
5 215 0.520 22.335
57 217 5.922 22.543
14 220 1.455 22.854
9 222 0.935 23.062
14 224 1.455 23.269
79 226 8.206 23.477
49 226 5.093 23.477
65 228 6.751 23.685
9 230 0.935 23.892
29 232 3.015 24.100
53 234 5.508 24.308
14 236 1.455 24.515
88 236 9.146 24.515
90 238 9.354 24.723
112 243 11.642 25.242
41 260 4.262 27.008
2 263 0.208 27.321
49 265 5.093 27.529
171 267 17.769 27.736
208 267 21.609 27.736
188 267 19.533 27.736
183 270 19.015 28.048
171 270 17.769 28.048
146 272 15.174 28.256
228 274 23.685 28.463
153 274 15.900 28.463
208 277 21.609 28.775
190 277 19.741 28.775
156 280 16.212 29.086
162 283 16.835 29.397
81 283 8.415 29.397
49 293 5.093 30.434
19 295 1.975 30.642
9 298 0.935 30.953
14 300 1.455 31.161
14 303 1.455 31.472
81 312 8.415 32.406
167 312 17.354 32.406
190 314 19.741 32.614
148 316 15.381 32.821
192 327 19.949 33.962
150 327 15.589 33.962
120 330 12.474 34.274
198 332 20.571 34.481
186 334 19.326 34.689
208 334 21.609 34.689
203 358 21.090 37.179
183 360 19.015 37.386
198 360 20.571 37.386
213 362 22.128 37.594
195 364 20.260 37.801
192 367 19.949 38.113
156 367 16.212 38.113
213 369 22.128 38.320
180 369 18.704 38.320
14 371 1.455 38.528
200 371 20.779 38.528
5 374 0.520 38.839
203 374 21.090 38.839
213 374 22.128 38.839
192 374 19.949 38.839
5 377 0.520 39.151
162 436 16.835 45.285
213 436 22.128 45.285
236 454 24.515 47.152
200 457 20.779 47.463
79 460 8.206 47.774
117 463 12.162 48.086
19 463 1.975 48.086
190 476 19.741 49.436
228 480 23.685 49.853
81 480 8.415 49.853
206 484 21.401 50.269
180 484 18.704 50.269
255 490 26.489 50.894
308 490 31.991 50.894
215 497 22.335 51.623
178 502 18.496 52.143
222 509 23.062 52.870
200 514 20.779 53.388
188 519 19.533 53.907
162 540 16.835 56.085
211 574 21.920 59.614
230 574 23.892 59.614
159 574 16.523 59.614
143 585 14.863 60.756
371 585 38.528 60.756
215 586 22.335 60.860
171 586 17.769 60.860
298 586 30.953 60.860
355 619 36.868 64.288
384 619 39.877 64.288
81 637 8.415 66.158
148 640 15.381 66.469
53 640 5.508 66.469
320 655 33.236 68.027
312 672 32.406 69.794
188 675 19.533 70.105
349 675 36.245 70.105
360 675 37.386 70.105
165 719 17.146 74.670
310 744 32.199 77.272
298 748 30.953 77.688
267 748 27.736 77.688
270 751 28.048 78.001
308 763 31.991 79.248
567 773 58.888 80.286
523 816 54.322 84.750
77 824 7.998 85.584
320 824 33.236 85.584
162 824 16.835 85.584
103 951 10.706 98.787
300 951 31.161 98.787
146 956 15.174 99.306
327 1015 33.962 105.445
367 1019 38.113 105.861
352 1023 36.556 106.276
570 1030 59.199 107.002
544 1030 56.500 107.002
574 1033 59.614 107.313
590 1036 61.275 107.624
544 1036 56.500 107.624
336 1054 34.896 109.492
502 1097 52.143 113.966
534 1101 55.463 114.381
502 1105 52.143 114.796
586 1108 60.860 115.107
567 1108 58.888 115.107
590 1108 61.275 115.107
526 1111 54.633 115.418
548 1111 56.915 115.418
574 1114 59.614 115.729
558 1118 57.953 116.144
502 1118 52.143 116.144
601 1122 62.418 116.560
578 1126 60.029 116.975
553 1126 57.434 116.975
502 1129 52.143 117.286
534 1133 55.463 117.702
560 1136 58.161 118.013
502 1136 52.143 118.013
526 1138 54.633 118.221
586 1141 60.860 118.532
530 1144 55.048 118.844
675 1147 70.105 119.155
523 1151 54.322 119.570
523 1154 54.322 119.882
665 1154 69.066 119.882
560 1157 58.161 120.193
544 1161 56.500 120.608
560 1161 58.161 120.608
502 1161 52.143 120.608
593 1164 61.586 120.920
514 1164 53.388 120.920
601 1167 62.418 121.232
544 1167 56.500 121.232
661 1170 68.650 121.544
556 1199 57.745 124.558
578 1199 60.029 124.558
583 1203 60.548 124.973
556 1203 57.745 124.973
534 1206 55.463 125.285
605 1206 62.833 125.285
558 1209 57.953 125.597
558 1212 57.953 125.908
558 1215 57.953 126.220
578 1215 60.029 126.220
655 1215 68.027 126.220
567 1218 58.888 126.532
601 1218 62.418 126.532
548 1221 56.915 126.844
523 1221 54.322 126.844
537 1225 55.774 127.260
567 1225 58.888 127.260
544 1232 56.500 127.988
367 1263 38.113 131.214
689 1298 71.558 134.856
1141 1466 118.532 152.321
1105 1466 114.796 152.321
1249 1466 129.757 152.321
1249 1538 129.757 159.806
544 1574 56.500 163.546
1075 1596 111.677 165.833
1039 1596 107.935 165.833
1108 1596 115.107 165.833
1065 1603 110.635 166.560
1070 1665 111.155 173.005
1061 1668 110.219 173.317
190 1680 19.741 174.565
195 1717 20.260 178.409
526 1738 54.633 180.589
1596 1779 165.833 184.844
1627 1782 169.051 185.156
1668 1782 173.317 185.156
1515 1882 157.415 195.550
1258 1899 130.693 197.316
1707 1971 177.371 204.803
448 1981 46.529 205.841
1647 2027 171.132 210.622
586 2098 60.860 218.001
1733 2098 180.070 218.001
1769 2102 183.806 218.417
1803 2105 187.337 218.729
1861 2108 193.363 219.041
1834 2108 190.556 219.041
593 2125 61.586 220.808
1108 2125 115.107 220.808
1244 2130 129.237 221.328
1697 2223 176.333 230.996
1647 2223 171.132 230.996
1643 2226 170.716 231.308
1674 2303 173.941 239.313
1735 2386 180.278 247.945
1661 2392 172.589 248.569
1699 2472 176.541 256.887
1631 2517 169.468 261.562
1712 2517 177.890 261.562
1627 2528 169.051 262.707
1620 2528 168.324 262.707
1707 2528 177.371 262.707
1825 2566 189.623 266.662
1729 2566 179.655 266.662
257 2572 26.697 267.286
322 2576 33.444 267.701
141 2576 14.655 267.701
1631 2593 169.468 269.467
1733 2645 180.070 274.877
1760 2645 182.872 274.877
1695 2650 176.125 275.396
1779 2671 184.844 277.575
1699 2671 176.541 277.575
1695 2675 176.125 277.991
1636 2678 169.987 278.302
1603 2678 166.560 278.302
1744 2678 181.211 278.302
1627 2700 169.051 280.588
1225 2712 127.260 281.834
1187 2712 123.310 281.834
1191 2715 123.726 282.145
1254 2715 130.277 282.145
1088 2715 113.031 282.145
1129 2715 117.286 282.145
1811 2770 188.169 287.855
1704 2770 177.060 287.855
1632 2781 169.571 288.998
1727 2818 179.447 292.839
1712 2830 177.890 294.085
1632 2859 169.571 297.093
1720 2862 178.721 297.405
1612 2862 167.494 297.405
1815 2862 188.585 297.405
1632 2865 169.571 297.716
1738 2865 180.589 297.716
1825 2865 189.623 297.716
1775 2865 184.429 297.716
1725 2865 179.240 297.716
1643 2896 170.716 300.942
1697 2899 176.333 301.253
1725 2899 179.240 301.253
1624 2902 168.739 301.565
1624 3019 168.739 313.728
1717 3023 178.409 314.143
1709 3026 177.579 314.455
1709 3029 177.579 314.767
1636 3031 169.987 314.976
2972 3070 308.840 319.026
2814 3163 292.424 328.691
1612 3168 167.494 329.211
2814 3213 292.424 333.884
1657 3255 172.173 338.246
2826 3283 293.670 341.157
2739 3283 284.637 341.157
3175 3302 329.938 343.130
2993 3302 311.024 343.130
2972 3315 308.840 344.479
2966 3317 308.217 344.686
1742 3468 181.004 360.377
1767 3472 183.599 360.793
1796 3475 186.610 361.104
1647 3475 171.132 361.104
2845 3546 295.642 368.482
2694 3655 279.965 379.811
2755 3942 286.298 409.630
2779 3944 288.790 409.837
2814 3944 292.424 409.837
2826 3944 293.670 409.837
