4 45 0.416 4.672
9 50 0.937 5.192
14 54 1.457 5.607
15 56 1.561 5.815
14 58 1.457 6.022
9 60 0.937 6.230
17 63 1.769 6.541
14 65 1.457 6.748
14 67 1.457 6.956
11 69 1.145 7.163
9 72 0.937 7.474
4 76 0.416 7.888
5 79 0.520 8.199
14 82 1.457 8.511
9 84 0.937 8.718
9 86 0.937 8.926
8 87 0.832 9.030
17 89 1.769 9.237
15 91 1.561 9.445
27 92 2.806 9.549
31 92 3.220 9.549
11 94 1.145 9.756
4 96 0.416 9.964
23 99 2.391 10.275
17 102 1.769 10.587
11 104 1.145 10.794
27 106 2.806 11.002
27 109 2.806 11.313
27 113 2.806 11.728
41 113 4.257 11.728
14 118 1.457 12.246
23 123 2.391 12.765
41 127 4.257 13.180
76 127 7.888 13.180
58 131 6.022 13.595
63 135 6.541 14.010
31 138 3.220 14.322
79 141 8.199 14.633
79 143 8.199 14.841
91 143 9.445 14.841
45 146 4.672 15.152
65 149 6.748 15.463
35 149 3.635 15.463
11 157 1.145 16.294
60 157 6.230 16.294
79 159 8.199 16.501
14 162 1.457 16.812
17 167 1.769 17.331
79 171 8.199 17.747
89 171 9.237 17.747
65 171 6.748 17.747
87 174 9.030 18.058
76 178 7.888 18.473
79 181 8.199 18.785
60 183 6.230 18.992
94 185 9.756 19.200
72 185 7.474 19.200
65 186 6.748 19.304
91 188 9.445 19.511
86 188 8.926 19.511
65 190 6.748 19.718
104 192 10.794 19.926
84 192 8.718 19.926
45 192 4.672 19.926
41 194 4.257 20.133
9 196 0.937 20.340
50 204 5.192 21.171
153 206 15.878 21.379
96 209 9.964 21.690
159 212 16.501 22.002
153 215 15.878 22.314
92 219 9.549 22.729
102 219 10.587 22.729
99 223 10.275 23.144
127 227 13.180 23.558
58 230 6.022 23.869
60 233 6.230 24.181
91 233 9.445 24.181
118 236 12.246 24.492
151 236 15.671 24.492
94 238 9.756 24.699
58 238 6.022 24.699
76 240 7.888 24.907
65 243 6.748 25.218
27 243 2.806 25.218
102 246 10.587 25.529
82 246 8.511 25.529
72 249 7.474 25.841
106 249 11.002 25.841
155 253 16.086 26.256
118 256 12.246 26.567
138 256 14.322 26.567
82 256 8.511 26.567
178 256 18.473 26.567
94 256 9.756 26.567
174 260 18.058 26.981
58 260 6.022 26.981
138 281 14.322 29.161
118 281 12.246 29.161
162 284 16.812 29.473
118 284 12.246 29.473
219 286 22.729 29.680
149 286 15.463 29.680
162 289 16.812 29.992
223 289 23.144 29.992
174 293 18.058 30.407
209 296 21.690 30.718
174 296 18.058 30.718
113 296 11.728 30.718
67 300 6.956 31.133
84 300 8.718 31.133
84 304 8.718 31.547
146 308 15.152 31.962
67 312 6.956 32.377
204 312 21.171 32.377
45 316 4.672 32.792
155 319 16.086 33.103
146 323 15.152 33.518
106 323 11.002 33.518
162 323 16.812 33.518
135 323 14.010 33.518
171 323 17.747 33.518
56 326 5.815 33.829
149 336 15.463 34.866
153 352 15.878 36.526
159 352 16.501 36.526
271 382 28.123 39.640
243 395 25.218 40.988
281 395 29.161 40.988
271 399 28.123 41.403
256 399 26.567 41.403
233 402 24.181 41.714
284 402 29.473 41.714
149 406 15.463 42.129
236 406 24.492 42.129
246 411 25.529 42.647
104 411 10.794 42.647
256 411 26.567 42.647
89 411 9.237 42.647
278 416 28.850 43.166
260 421 26.981 43.685
274 426 28.435 44.204
343 426 35.592 44.204
284 431 29.473 44.722
204 435 21.171 45.137
149 438 15.463 45.449
204 441 21.171 45.760
58 441 6.022 45.760
212 444 22.002 46.071
156 447 16.190 46.383
243 447 25.218 46.383
271 447 28.123 46.383
326 486 33.829 50.429
371 488 38.497 50.636
246 488 25.529 50.636
333 490 34.555 50.844
350 492 36.318 51.051
227 494 23.558 51.259
364 494 37.770 51.259
143 499 14.841 51.777
171 502 17.747 52.088
206 502 21.379 52.088
143 502 14.841 52.088
286 510 29.680 52.918
300 510 31.133 52.918
312 510 32.377 52.918
274 514 28.435 53.333
155 524 16.086 54.370
274 556 28.435 57.691
316 576 32.792 59.767
355 576 36.837 59.767
326 580 33.829 60.182
151 685 15.671 71.075
284 708 29.473 73.461
256 708 26.567 73.461
331 710 34.348 73.669
178 724 18.473 75.123
219 724 22.729 75.123
267 727 27.708 75.435
308 729 31.962 75.642
371 732 38.497 75.953
444 735 46.071 76.264
447 739 46.383 76.679
360 779 37.356 80.826
206 779 21.379 80.826
260 820 26.981 85.078
253 823 26.256 85.389
289 825 29.992 85.596
312 828 32.377 85.907
727 838 75.435 86.944
760 838 78.856 86.944
672 838 69.725 86.944
675 838 70.037 86.944
716 838 74.292 86.944
685 861 71.075 89.336
667 871 69.207 90.375
96 918 9.964 95.248
141 922 14.633 95.663
185 925 19.200 95.974
54 925 5.607 95.974
194 925 20.133 95.974
174 925 18.058 95.974
149 928 15.463 96.285
719 1046 74.604 108.524
794 1049 82.382 108.835
776 1049 80.515 108.835
813 1052 84.352 109.146
727 1056 75.435 109.561
798 1056 82.797 109.561
719 1060 74.604 109.976
