22 71 2.283 7.379
22 75 2.283 7.795
12 77 1.246 8.003
22 80 2.283 8.315
11 84 1.142 8.731
22 90 2.283 9.355
11 96 1.142 9.978
22 100 2.283 10.394
22 102 2.283 10.602
22 104 2.283 10.810
22 106 2.283 11.018
11 108 1.142 11.225
22 111 2.283 11.537
12 117 1.246 12.161
11 126 1.142 13.100
31 135 3.216 14.039
71 135 7.379 14.039
49 141 5.089 14.665
75 173 7.795 17.987
104 173 10.810 17.987
84 177 8.731 18.402
75 177 7.795 18.402
43 180 4.463 18.714
22 184 2.283 19.129
67 184 6.963 19.129
108 188 11.225 19.545
77 188 8.003 19.545
57 193 5.923 20.064
106 197 11.018 20.480
111 199 11.537 20.688
38 203 3.942 21.103
102 203 10.602 21.103
117 207 12.161 21.519
11 213 1.142 22.143
117 213 12.161 22.143
90 218 9.355 22.662
102 222 10.602 23.078
106 225 11.018 23.390
75 228 7.795 23.702
117 228 12.161 23.702
46 231 4.776 24.013
108 231 11.225 24.013
71 234 7.379 24.325
22 237 2.283 24.637
62 237 6.443 24.637
102 237 10.602 24.637
22 241 2.283 25.052
75 245 7.795 25.468
53 250 5.506 25.987
77 250 8.003 25.987
100 254 10.394 26.403
80 258 8.315 26.819
135 309 14.039 32.117
108 320 11.225 33.258
53 333 5.506 34.606
263 389 27.339 40.431
188 401 19.545 41.677
146 401 15.185 41.677
203 405 21.103 42.093
141 405 14.665 42.093
245 410 25.468 42.612
263 430 27.339 44.688
287 432 29.833 44.896
193 432 20.064 44.896
250 432 25.987 44.896
228 435 23.702 45.207
297 435 30.872 45.207
146 438 15.185 45.519
241 438 25.052 45.519
43 440 4.463 45.727
193 440 20.064 45.727
96 444 9.978 46.142
57 444 5.923 46.142
405 535 42.093 55.602
75 540 7.795 56.122
135 541 14.039 56.226
75 541 7.795 56.226
67 542 6.963 56.331
197 542 20.480 56.331
38 557 3.942 57.891
100 576 10.394 59.862
146 578 15.185 60.070
49 578 5.089 60.070
49 581 5.089 60.381
254 581 26.403 60.381
38 584 3.942 60.693
135 587 14.039 61.004
231 589 24.013 61.212
146 601 15.185 62.457
193 601 20.064 62.457
141 604 14.665 62.769
77 604 8.003 62.769
106 607 11.018 63.081
111 610 11.537 63.392
22 613 2.283 63.704
104 613 10.810 63.704
38 616 3.942 64.016
141 618 14.665 64.223
57 619 5.923 64.327
108 619 11.225 64.327
225 619 23.390 64.327
67 631 6.963 65.575
49 633 5.089 65.783
43 635 4.463 65.991
80 635 8.315 65.991
49 637 5.089 66.199
100 773 10.394 80.340
642 792 66.719 82.318
557 794 57.891 82.526
533 794 55.394 82.526
613 797 63.704 82.838
507 801 52.691 83.254
77 880 8.003 91.460
71 882 7.379 91.668
77 882 8.003 91.668
141 886 14.665 92.084
57 886 5.923 92.084
141 891 14.665 92.607
11 1071 1.142 111.314
