19 97 1.971 10.075
33 99 3.427 10.282
26 101 2.699 10.490
13 104 1.347 10.801
23 106 2.387 11.009
7 108 0.725 11.216
46 108 4.779 11.216
33 110 3.427 11.424
43 112 4.468 11.631
7 112 0.725 11.631
26 114 2.699 11.839
23 116 2.387 12.046
30 118 3.115 12.254
57 118 5.921 12.254
7 120 0.725 12.461
26 124 2.699 12.876
13 127 1.347 13.187
71 127 7.376 13.187
54 130 5.610 13.498
26 130 2.699 13.498
41 130 4.259 13.498
7 133 0.725 13.809
7 136 0.725 14.120
19 138 1.971 14.328
54 141 5.610 14.639
65 141 6.753 14.639
75 144 7.791 14.950
54 146 5.610 15.157
73 146 7.584 15.157
23 146 2.387 15.157
13 148 1.347 15.365
80 150 8.310 15.573
13 153 1.347 15.884
23 153 2.387 15.884
6 156 0.622 16.196
67 156 6.960 16.196
75 159 7.791 16.507
30 162 3.115 16.819
69 162 7.168 16.819
80 162 8.310 16.819
69 166 7.168 17.234
7 166 0.725 17.234
57 169 5.921 17.546
49 169 5.090 17.546
127 172 13.187 17.857
71 172 7.376 17.857
71 175 7.376 18.168
65 179 6.753 18.583
39 179 4.051 18.583
141 182 14.639 18.894
30 182 3.115 18.894
46 182 4.779 18.894
83 182 8.622 18.894
88 185 9.141 19.205
146 185 15.157 19.205
54 187 5.610 19.413
6 189 0.622 19.620
97 189 10.075 19.620
43 189 4.468 19.620
59 191 6.129 19.828
91 191 9.453 19.828
26 192 2.699 19.932
95 192 9.869 19.932
30 193 3.115 20.036
7 194 0.725 20.140
80 197 8.310 20.451
138 200 14.328 20.763
88 203 9.141 21.074
106 206 11.009 21.385
57 208 5.921 21.592
69 208 7.168 21.592
99 208 10.282 21.592
110 210 11.424 21.800
138 211 14.328 21.904
67 230 6.960 23.877
133 230 13.809 23.877
26 232 2.699 24.085
95 242 9.869 25.123
23 243 2.387 25.227
73 243 7.584 25.227
133 243 13.809 25.227
104 243 10.801 25.227
19 244 1.971 25.331
80 244 8.310 25.331
67 245 6.960 25.434
61 246 6.337 25.538
124 246 12.876 25.538
59 247 6.129 25.642
49 248 5.090 25.745
118 249 12.254 25.849
36 251 3.742 26.056
138 251 14.328 26.056
67 252 6.960 26.160
120 253 12.461 26.264
146 254 15.157 26.368
179 255 18.583 26.471
179 256 18.583 26.575
162 257 16.819 26.679
187 258 19.413 26.783
187 259 19.413 26.887
189 273 19.620 28.340
194 274 20.140 28.444
156 274 16.196 28.444
200 275 20.763 28.547
138 276 14.328 28.651
114 277 11.839 28.755
194 277 20.140 28.755
116 279 12.046 28.962
33 281 3.427 29.170
211 293 21.904 30.414
191 303 19.828 31.452
67 303 6.960 31.452
159 305 16.507 31.659
194 307 20.140 31.867
203 309 21.074 32.076
237 311 24.604 32.281
238 311 24.708 32.281
193 313 20.036 32.489
179 316 18.583 32.800
248 316 25.745 32.800
244 319 25.331 33.111
237 319 24.604 33.111
185 319 19.205 33.111
255 319 26.471 33.111
251 319 26.056 33.111
162 323 16.819 33.526
172 323 17.857 33.526
197 326 20.451 33.837
175 326 18.168 33.837
245 326 25.434 33.837
193 328 20.036 34.045
130 328 13.498 34.045
203 328 21.074 34.045
169 328 17.546 34.045
130 331 13.498 34.355
133 331 13.809 34.355
124 335 12.876 34.770
39 339 4.051 35.186
162 339 16.819 35.186
43 357 4.468 37.053
120 360 12.461 37.365
71 360 7.376 37.365
52 362 5.402 37.572
65 362 6.753 37.572
23 362 2.387 37.572
253 367 26.264 38.091
244 367 25.331 38.091
241 370 25.019 38.402
208 373 21.592 38.713
211 373 21.904 38.713
262 377 27.198 39.128
289 380 29.999 39.440
133 386 13.809 40.063
26 386 2.699 40.063
256 396 26.575 41.100
339 396 35.186 41.100
291 396 30.207 41.100
261 396 27.094 41.100
295 400 30.622 41.515
323 400 33.526 41.515
7 411 0.725 42.657
331 419 34.355 43.487
265 423 27.510 43.902
219 427 22.736 44.317
276 430 28.651 44.628
323 433 33.526 44.940
342 433 35.497 44.940
279 435 28.962 45.148
323 437 33.526 45.354
347 440 36.016 45.666
274 440 28.444 45.666
268 452 27.821 46.910
293 455 30.414 47.222
313 455 32.489 47.222
328 458 34.045 47.533
277 458 28.755 47.533
377 461 39.128 47.844
377 481 39.128 49.920
335 484 34.770 50.231
274 487 28.444 50.542
370 487 38.402 50.542
404 508 41.931 52.722
367 554 38.091 57.497
419 554 43.487 57.497
335 556 34.770 57.704
404 556 41.931 57.704
351 558 36.431 57.912
419 561 43.487 58.223
392 564 40.685 58.534
153 647 15.884 67.146
144 651 14.950 67.561
254 691 26.368 71.713
285 695 29.584 72.128
370 698 38.402 72.439
635 771 65.901 80.010
635 773 65.901 80.217
552 773 57.290 80.217
643 773 66.731 80.217
691 773 71.713 80.217
404 777 41.931 80.632
440 777 45.666 80.632
437 808 45.354 83.848
524 832 54.381 86.338
269 846 27.925 87.789
175 849 18.168 88.100
116 901 12.046 93.495
503 901 52.202 93.495
635 901 65.901 93.495
33 901 3.427 93.495
63 901 6.546 93.495
552 901 57.290 93.495
78 901 8.102 93.495
305 925 31.659 95.988
127 950 13.187 98.588
146 950 15.157 98.588
339 1004 35.186 104.193
319 1004 33.111 104.193
305 1004 31.659 104.193
263 1008 27.302 104.608
260 1174 26.991 121.837
275 1185 28.547 122.978
266 1185 27.614 122.978
295 1185 30.622 122.978
331 1185 34.355 122.978
413 1185 42.865 122.978
114 1236 11.839 128.270
380 1289 39.440 133.766
413 1289 42.865 133.766
501 1454 51.995 150.880
252 1552 26.160 161.053
254 1556 26.368 161.468
