50 173 5.212 18.027
70 173 7.295 18.027
43 173 4.482 18.027
96 177 10.003 18.444
46 177 4.795 18.444
90 182 9.378 18.965
67 182 6.983 18.965
133 187 13.864 19.486
61 187 6.358 19.486
39 187 4.065 19.486
73 191 7.608 19.903
101 191 10.524 19.903
79 195 8.233 20.320
36 200 3.753 20.841
105 205 10.941 21.363
12 208 1.251 21.676
5 213 0.521 22.197
96 213 10.003 22.197
28 213 2.919 22.197
76 219 7.920 22.823
32 219 3.336 22.823
133 219 13.864 22.823
28 224 2.919 23.344
64 229 6.670 23.865
112 229 11.671 23.865
70 233 7.295 24.282
67 236 6.983 24.595
64 236 6.670 24.595
58 238 6.045 24.803
101 239 10.524 24.907
67 240 6.983 25.012
12 241 1.251 25.116
12 244 1.251 25.429
112 244 11.671 25.429
73 247 7.608 25.741
64 252 6.670 26.263
133 252 13.864 26.263
122 256 12.715 26.680
18 259 1.877 26.992
46 259 4.795 26.992
99 259 10.316 26.992
61 262 6.358 27.305
46 262 4.795 27.305
58 264 6.045 27.514
39 266 4.065 27.722
122 266 12.715 27.722
64 268 6.670 27.931
70 271 7.295 28.243
105 271 10.941 28.243
61 274 6.358 28.556
133 278 13.864 28.973
58 283 6.045 29.495
39 288 4.065 30.016
67 288 6.983 30.016
213 324 22.197 33.769
158 324 16.467 33.769
224 328 23.344 34.186
170 328 17.715 34.186
167 331 17.403 34.498
165 334 17.195 34.811
173 334 18.027 34.811
238 337 24.803 35.123
177 341 18.444 35.540
158 349 16.467 36.373
274 355 28.556 36.998
133 355 13.864 36.998
274 360 28.556 37.521
229 360 23.865 37.521
158 360 16.467 37.521
187 363 19.486 37.834
266 365 27.722 38.043
158 365 16.467 38.043
240 368 25.012 38.356
187 370 19.486 38.564
161 370 16.779 38.564
167 372 17.403 38.773
252 376 26.263 39.189
233 389 24.282 40.545
244 392 25.429 40.858
240 395 25.012 41.170
256 399 26.680 41.587
229 441 23.865 45.958
268 446 27.931 46.480
288 446 30.016 46.480
262 451 27.305 47.002
153 451 15.948 47.002
370 451 38.564 47.002
153 467 15.948 48.672
58 473 6.045 49.298
93 475 9.691 49.506
73 477 7.608 49.714
32 477 3.336 49.714
12 479 1.251 49.923
50 482 5.212 50.235
293 514 30.537 53.570
73 514 7.608 53.570
274 522 28.556 54.402
67 522 6.983 54.402
383 522 39.919 54.402
200 531 20.841 55.337
18 531 1.877 55.337
320 531 33.353 55.337
58 531 6.045 55.337
288 531 30.016 55.337
161 531 16.779 55.337
262 531 27.305 55.337
67 536 6.983 55.858
161 574 16.779 59.825
262 577 27.305 60.138
360 580 37.521 60.451
341 580 35.540 60.451
446 597 46.480 62.222
490 597 51.069 62.222
473 597 49.298 62.222
158 606 16.467 63.160
200 606 20.841 63.160
161 608 16.779 63.368
303 627 31.580 65.349
259 627 26.992 65.349
262 631 27.305 65.766
259 635 26.992 66.182
239 635 24.907 66.182
303 635 31.580 66.182
147 635 15.324 66.182
153 638 15.948 66.495
153 641 15.948 66.808
147 641 15.324 66.808
147 654 15.324 68.163
465 677 48.464 70.559
451 677 47.002 70.559
486 692 50.652 72.122
459 692 47.838 72.122
475 696 49.506 72.539
165 708 17.195 73.789
141 711 14.699 74.101
133 714 13.864 74.414
147 714 15.324 74.414
268 729 27.931 75.977
288 729 30.016 75.977
293 733 30.537 76.393
158 733 16.467 76.393
262 733 27.305 76.393
308 737 32.101 76.810
271 740 28.243 77.123
334 744 34.811 77.539
259 748 26.992 77.956
312 751 32.519 78.269
158 751 16.467 78.269
147 753 15.324 78.477
308 753 32.101 78.477
158 753 16.467 78.477
360 753 37.521 78.477
141 755 14.699 78.686
86 782 8.962 81.501
631 868 65.766 90.462
615 928 64.098 96.717
744 932 77.539 97.133
831 952 86.609 99.214
631 952 65.766 99.214
141 997 14.699 103.902
147 1002 15.324 104.423
717 1064 74.727 110.881
720 1067 75.039 111.193
617 1071 64.306 111.610
685 1075 71.393 112.026
654 1075 68.163 112.026
316 1086 32.936 113.172
620 1095 64.620 114.110
624 1095 65.036 114.110
643 1115 67.018 116.192
758 1115 78.999 116.192
278 1153 28.973 120.150
751 1164 78.269 121.297
831 1168 86.609 121.714
620 1201 64.620 125.156
612 1201 63.785 125.156
651 1225 67.850 127.658
617 1256 64.306 130.885
617 1276 64.306 132.968
801 1276 83.485 132.968
744 1279 77.539 133.280
600 1284 62.534 133.802
638 1288 66.495 134.220
606 1292 63.160 134.638
547 1298 57.005 135.265
544 1301 56.691 135.578
651 1301 67.850 135.578
540 1305 56.274 135.995
556 1310 57.945 136.518
565 1317 58.885 137.244
565 1322 58.885 137.763
966 1517 100.672 158.075
959 1567 99.943 163.286
1248 1590 130.053 165.684
590 1590 61.492 165.684
380 1593 39.606 165.996
963 1604 100.360 167.143
1119 1604 116.608 167.143
987 1604 102.860 167.143
1201 1628 125.156 169.642
1284 1630 133.802 169.851
475 1646 49.506 171.517
506 1646 52.736 171.517
1490 1654 155.261 172.351
580 1654 60.451 172.351
1437 1654 149.743 172.351
631 1654 65.766 172.351
671 1658 69.934 172.767
615 1661 64.098 173.079
612 1664 63.785 173.392
1461 1666 152.241 173.600
658 1670 68.580 174.016
606 1674 63.160 174.433
574 1674 59.825 174.433
1424 1678 148.388 174.850
556 1678 57.945 174.850
711 1678 74.101 174.850
615 1681 64.098 175.162
647 1681 67.433 175.162
615 1684 64.098 175.475
1406 1687 146.513 175.787
635 1690 66.182 176.099
615 1690 64.098 176.099
1406 1690 146.513 176.099
617 1693 64.306 176.412
577 1696 60.138 176.724
631 1696 65.766 176.724
617 1699 64.306 177.036
574 1702 59.825 177.349
662 1706 68.996 177.765
624 1706 65.036 177.765
658 1709 68.580 178.077
1369 1712 142.658 178.390
600 1712 62.534 178.390
627 1714 65.349 178.598
654 1714 68.163 178.598
617 1714 64.306 178.598
624 1717 65.036 178.910
753 1717 78.477 178.910
1424 1721 148.388 179.327
711 1721 74.101 179.327
831 1725 86.609 179.744
714 1725 74.414 179.744
717 1725 74.727 179.744
477 1741 49.714 181.409
711 1752 74.101 182.554
683 1752 71.184 182.554
665 1766 69.309 184.013
645 1766 67.225 184.013
720 1775 75.039 184.952
1490 1777 155.261 185.160
627 1779 65.349 185.369
631 1782 65.766 185.682
1052 1798 109.631 187.348
1135 1798 118.275 187.348
631 1825 65.766 190.157
1610 1837 167.767 191.409
705 1846 73.476 192.346
753 1846 78.477 192.346
801 1846 83.485 192.346
1725 1846 179.744 192.346
662 1851 68.996 192.866
696 1880 72.539 195.890
624 1880 65.036 195.890
647 1883 67.433 196.203
688 1883 71.705 196.203
685 1885 71.393 196.411
762 1885 79.416 196.411
768 1887 80.041 196.619
1301 1889 135.578 196.828
638 1889 66.495 196.828
1234 1891 128.596 197.036
1288 1891 134.220 197.036
751 1912 78.269 199.223
631 1912 65.766 199.223
726 1912 75.664 199.223
1406 1912 146.513 199.223
577 1914 60.138 199.432
708 1914 73.789 199.432
1590 1914 165.684 199.432
696 1916 72.539 199.640
1230 1918 128.180 199.848
1272 1918 132.551 199.848
801 1927 83.485 200.786
812 1930 84.632 201.098
1572 1933 163.807 201.411
219 1936 22.823 201.723
177 1938 18.444 201.931
308 1938 32.101 201.931
158 1941 16.467 202.244
1880 2015 195.890 209.948
1972 2053 205.474 213.905
1903 2064 198.286 215.053
1954 2066 203.598 215.258
1956 2069 203.806 215.570
1887 2071 196.619 215.778
1808 2074 188.388 216.090
1925 2079 200.577 216.610
1230 2096 128.180 218.380
1244 2103 129.637 219.109
2029 2112 211.407 220.047
2035 2115 212.032 220.359
1956 2115 203.806 220.359
753 2128 78.477 221.714
574 2131 59.825 222.028
753 2131 78.477 222.028
638 2131 66.495 222.028
627 2134 65.349 222.341
1288 2134 134.220 222.341
1225 2143 127.658 223.279
791 2143 82.440 223.279
1650 2172 171.934 226.298
835 2175 87.025 226.610
758 2175 78.999 226.610
1650 2175 171.934 226.610
658 2201 68.580 229.317
692 2205 72.122 229.733
1933 2220 201.411 231.295
1241 2294 129.325 238.996
1241 2353 129.325 245.143
1218 2353 126.929 245.143
1221 2409 127.241 250.976
36 2438 3.753 253.995
39 2442 4.065 254.412
43 2445 4.482 254.726
46 2448 4.795 255.038
50 2451 5.212 255.351
1406 2681 146.513 279.309
574 2681 59.825 279.309
701 2685 73.060 279.725
1406 2685 146.513 279.725
1406 2688 146.513 280.038
662 2688 68.996 280.038
658 2688 68.580 280.038
668 2692 69.621 280.455
662 2695 68.996 280.767
645 2698 67.225 281.080
617 2698 64.306 281.080
556 2701 57.945 281.392
651 2701 67.850 281.392
645 2704 67.225 281.705
645 2707 67.225 282.018
654 2707 68.163 282.018
608 2707 63.368 282.018
651 2710 67.850 282.330
651 2714 67.850 282.747
2015 2750 209.948 286.496
2071 2753 215.778 286.808
2115 2755 220.359 287.016
2164 2755 225.466 287.016
2069 2755 215.570 287.016
