107 378 1403715529.262 1403715542.812
234 444 1403715535.612 1403715546.112
112 444 1403715529.512 1403715546.112
107 453 1403715529.262 1403715546.562
133 460 1403715530.562 1403715546.912
267 484 1403715537.262 1403715548.112
444 488 1403715546.112 1403715548.312
253 508 1403715536.562 1403715549.312
267 528 1403715537.262 1403715550.312
358 541 1403715541.812 1403715550.962
444 549 1403715546.112 1403715551.362
234 575 1403715535.612 1403715552.662
484 575 1403715548.112 1403715552.662
555 589 1403715551.662 1403715553.362
444 708 1403715546.112 1403715559.312
478 708 1403715547.812 1403715559.312
378 728 1403715542.812 1403715560.312
708 755 1403715559.312 1403715561.662
604 775 1403715554.112 1403715562.662
597 800 1403715553.762 1403715563.912
604 809 1403715554.112 1403715564.362
597 817 1403715553.762 1403715564.762
627 832 1403715555.262 1403715565.512
589 838 1403715553.362 1403715565.812
453 838 1403715546.562 1403715565.812
809 924 1403715564.362 1403715570.112
809 932 1403715564.362 1403715570.512
809 935 1403715564.362 1403715570.662
817 941 1403715564.762 1403715570.962
481 949 1403715547.962 1403715571.362
817 961 1403715564.762 1403715571.962
838 983 1403715565.812 1403715573.062
838 1001 1403715565.812 1403715573.962
843 1012 1403715566.062 1403715574.512
604 1047 1403715554.112 1403715576.262
688 1054 1403715558.312 1403715576.612
861 1092 1403715566.962 1403715578.512
861 1095 1403715566.962 1403715578.662
481 1099 1403715547.962 1403715578.862
478 1105 1403715547.812 1403715579.162
478 1108 1403715547.812 1403715579.312
478 1110 1403715547.812 1403715579.412
133 1185 1403715530.562 1403715583.162
220 1226 1403715534.912 1403715585.212
857 1226 1403715566.762 1403715585.212
484 1322 1403715548.112 1403715590.012
832 1345 1403715565.512 1403715591.162
838 1355 1403715565.812 1403715591.662
728 1412 1403715560.312 1403715594.512
234 1457 1403715535.612 1403715596.762
306 1470 1403715539.212 1403715597.412
1355 1647 1403715591.662 1403715606.262
1302 1652 1403715589.012 1403715606.512
