128 568 1403638524.478 1403638546.478
168 581 1403638526.478 1403638547.128
231 669 1403638529.628 1403638551.528
183 675 1403638527.228 1403638551.828
421 675 1403638539.128 1403638551.828
232 683 1403638529.678 1403638552.228
409 698 1403638538.528 1403638552.978
83 698 1403638522.228 1403638552.978
251 711 1403638530.628 1403638553.628
82 711 1403638522.178 1403638553.628
82 714 1403638522.178 1403638553.778
488 714 1403638542.478 1403638553.778
156 720 1403638525.878 1403638554.078
83 720 1403638522.228 1403638554.078
468 725 1403638541.478 1403638554.328
183 736 1403638527.228 1403638554.878
125 738 1403638524.328 1403638554.978
418 738 1403638538.978 1403638554.978
85 742 1403638522.328 1403638555.178
231 742 1403638529.628 1403638555.178
183 743 1403638527.228 1403638555.228
125 745 1403638524.328 1403638555.328
164 746 1403638526.278 1403638555.378
488 748 1403638542.478 1403638555.478
85 750 1403638522.328 1403638555.578
125 751 1403638524.328 1403638555.628
85 751 1403638522.328 1403638555.628
418 754 1403638538.978 1403638555.778
239 756 1403638530.028 1403638555.878
279 756 1403638532.028 1403638555.878
418 759 1403638538.978 1403638556.028
150 759 1403638525.578 1403638556.028
237 759 1403638529.928 1403638556.028
231 762 1403638529.628 1403638556.178
150 765 1403638525.578 1403638556.328
150 767 1403638525.578 1403638556.428
164 768 1403638526.278 1403638556.478
232 770 1403638529.678 1403638556.578
83 770 1403638522.228 1403638556.578
150 773 1403638525.578 1403638556.728
150 775 1403638525.578 1403638556.828
417 776 1403638538.928 1403638556.878
150 779 1403638525.578 1403638557.028
117 780 1403638523.928 1403638557.078
232 780 1403638529.678 1403638557.078
143 781 1403638525.228 1403638557.128
183 782 1403638527.228 1403638557.178
232 784 1403638529.678 1403638557.278
143 787 1403638525.228 1403638557.428
235 787 1403638529.828 1403638557.428
143 788 1403638525.228 1403638557.478
150 789 1403638525.578 1403638557.528
150 790 1403638525.578 1403638557.578
155 790 1403638525.828 1403638557.578
164 791 1403638526.278 1403638557.628
143 792 1403638525.228 1403638557.678
86 794 1403638522.378 1403638557.778
143 796 1403638525.228 1403638557.878
85 796 1403638522.328 1403638557.878
231 798 1403638529.628 1403638557.978
143 799 1403638525.228 1403638558.028
448 800 1403638540.478 1403638558.078
232 802 1403638529.678 1403638558.178
117 804 1403638523.928 1403638558.278
183 804 1403638527.228 1403638558.278
235 804 1403638529.828 1403638558.278
252 804 1403638530.678 1403638558.278
231 804 1403638529.628 1403638558.278
150 806 1403638525.578 1403638558.378
418 806 1403638538.978 1403638558.378
488 807 1403638542.478 1403638558.428
183 809 1403638527.228 1403638558.528
232 812 1403638529.678 1403638558.678
143 812 1403638525.228 1403638558.678
150 815 1403638525.578 1403638558.828
143 819 1403638525.228 1403638559.028
421 819 1403638539.128 1403638559.028
683 824 1403638552.228 1403638559.278
675 828 1403638551.828 1403638559.478
669 835 1403638551.528 1403638559.828
117 835 1403638523.928 1403638559.828
683 839 1403638552.228 1403638560.028
698 844 1403638552.978 1403638560.278
698 847 1403638552.978 1403638560.428
698 850 1403638552.978 1403638560.578
657 852 1403638550.928 1403638560.678
720 852 1403638554.078 1403638560.678
711 855 1403638553.628 1403638560.828
742 857 1403638555.178 1403638560.928
675 857 1403638551.828 1403638560.928
683 859 1403638552.228 1403638561.028
742 861 1403638555.178 1403638561.128
683 881 1403638552.228 1403638562.128
657 901 1403638550.928 1403638563.128
780 901 1403638557.078 1403638563.128
83 901 1403638522.228 1403638563.128
828 921 1403638559.478 1403638564.128
800 931 1403638558.078 1403638564.628
502 933 1403638543.178 1403638564.728
812 933 1403638558.678 1403638564.728
125 947 1403638524.328 1403638565.428
815 947 1403638558.828 1403638565.428
468 947 1403638541.478 1403638565.428
641 951 1403638550.128 1403638565.628
418 951 1403638538.978 1403638565.628
243 951 1403638530.228 1403638565.628
568 956 1403638546.478 1403638565.878
782 969 1403638557.178 1403638566.528
165 1082 1403638526.328 1403638572.178
1115 1533 1403638573.828 1403638594.728
1171 1604 1403638576.628 1403638598.278
1204 1604 1403638578.278 1403638598.278
1194 1612 1403638577.778 1403638598.678
956 1645 1403638565.878 1403638600.328
951 1648 1403638565.628 1403638600.478
951 1650 1403638565.628 1403638600.578
956 1651 1403638565.878 1403638600.628
956 1652 1403638565.878 1403638600.678
931 1653 1403638564.628 1403638600.728
951 1654 1403638565.628 1403638600.778
947 1655 1403638565.428 1403638600.828
951 1656 1403638565.628 1403638600.878
951 1657 1403638565.628 1403638600.928
931 1658 1403638564.628 1403638600.978
933 1659 1403638564.728 1403638601.028
931 1660 1403638564.628 1403638601.078
947 1661 1403638565.428 1403638601.128
947 1662 1403638565.428 1403638601.178
933 1664 1403638564.728 1403638601.278
931 1666 1403638564.628 1403638601.378
861 1676 1403638561.128 1403638601.878
861 1677 1403638561.128 1403638601.928
881 1682 1403638562.128 1403638602.178
861 1690 1403638561.128 1403638602.578
855 1692 1403638560.828 1403638602.678
857 1695 1403638560.928 1403638602.828
1677 1851 1403638601.928 1403638610.628
1662 1851 1403638601.178 1403638610.628
1648 1851 1403638600.478 1403638610.628
1677 1854 1403638601.928 1403638610.778
1677 1859 1403638601.928 1403638611.028
1191 1873 1403638577.628 1403638611.728
1120 1873 1403638574.078 1403638611.728
1213 1877 1403638578.728 1403638611.928
1179 1881 1403638577.028 1403638612.128
1195 1901 1403638577.828 1403638613.128
1166 1901 1403638576.378 1403638613.128
1124 1921 1403638574.278 1403638614.128
1450 1930 1403638590.578 1403638614.578
1132 1946 1403638574.678 1403638615.378
850 1962 1403638560.578 1403638616.178
581 1980 1403638547.128 1403638617.078
125 1983 1403638524.328 1403638617.228
850 2005 1403638560.578 1403638618.328
1204 2093 1403638578.278 1403638622.728
1074 2093 1403638571.778 1403638622.728
1082 2115 1403638572.178 1403638623.828
1104 2135 1403638573.278 1403638624.828
1111 2155 1403638573.628 1403638625.828
1118 2176 1403638573.978 1403638626.878
1122 2202 1403638574.178 1403638628.178
1225 2202 1403638579.328 1403638628.178
1122 2204 1403638574.178 1403638628.278
1213 2204 1403638578.728 1403638628.278
1120 2206 1403638574.078 1403638628.378
1188 2206 1403638577.478 1403638628.378
1135 2207 1403638574.828 1403638628.428
1111 2207 1403638573.628 1403638628.428
1244 2207 1403638580.278 1403638628.428
1121 2207 1403638574.128 1403638628.428
1188 2218 1403638577.478 1403638628.978
1115 2220 1403638573.828 1403638629.078
1132 2220 1403638574.678 1403638629.078
1304 2220 1403638583.278 1403638629.078
1122 2221 1403638574.178 1403638629.128
1200 2221 1403638578.078 1403638629.128
1122 2222 1403638574.178 1403638629.178
1200 2222 1403638578.078 1403638629.178
1122 2224 1403638574.178 1403638629.278
1200 2226 1403638578.078 1403638629.378
1116 2227 1403638573.878 1403638629.428
1119 2228 1403638574.028 1403638629.478
1121 2229 1403638574.128 1403638629.528
1200 2230 1403638578.078 1403638629.578
1119 2230 1403638574.028 1403638629.578
1127 2230 1403638574.428 1403638629.578
1119 2232 1403638574.028 1403638629.678
1135 2232 1403638574.828 1403638629.678
1218 2233 1403638578.978 1403638629.728
1200 2240 1403638578.078 1403638630.078
1121 2241 1403638574.128 1403638630.128
1200 2241 1403638578.078 1403638630.128
1132 2241 1403638574.678 1403638630.128
1200 2242 1403638578.078 1403638630.178
1118 2242 1403638573.978 1403638630.178
1127 2246 1403638574.428 1403638630.378
1124 2247 1403638574.278 1403638630.428
1210 2247 1403638578.578 1403638630.428
1121 2248 1403638574.128 1403638630.478
1121 2249 1403638574.128 1403638630.528
