956 1645 1403638565.878 1403638600.328
951 1648 1403638565.628 1403638600.478
951 1650 1403638565.628 1403638600.578
956 1651 1403638565.878 1403638600.628
956 1652 1403638565.878 1403638600.678
931 1653 1403638564.628 1403638600.728
951 1654 1403638565.628 1403638600.778
947 1655 1403638565.428 1403638600.828
951 1656 1403638565.628 1403638600.878
951 1657 1403638565.628 1403638600.928
933 1659 1403638564.728 1403638601.028
931 1660 1403638564.628 1403638601.078
947 1662 1403638565.428 1403638601.178
933 1664 1403638564.728 1403638601.278
931 1666 1403638564.628 1403638601.378
881 1682 1403638562.128 1403638602.178
861 1690 1403638561.128 1403638602.578
855 1692 1403638560.828 1403638602.678
857 1695 1403638560.928 1403638602.828
