7 42 0.726 4.356
6 44 0.623 4.563
9 45 0.934 4.667
5 46 0.519 4.771
9 47 0.934 4.874
11 48 1.141 4.978
2 49 0.208 5.082
15 49 1.556 5.082
1 49 0.104 5.082
11 50 1.141 5.185
11 52 1.141 5.393
6 54 0.623 5.600
6 56 0.623 5.807
2 57 0.208 5.911
9 58 0.934 6.015
2 59 0.208 6.118
6 60 0.623 6.222
5 63 0.519 6.533
6 64 0.623 6.637
11 73 1.141 7.570
6 74 0.623 7.674
4 75 0.415 7.777
15 75 1.556 7.777
9 76 0.934 7.881
6 77 0.623 7.985
15 78 1.556 8.088
4 78 0.415 8.088
11 79 1.141 8.192
6 80 0.623 8.296
7 81 0.726 8.400
17 82 1.764 8.503
9 83 0.934 8.607
7 84 0.726 8.711
13 85 1.349 8.814
26 85 2.697 8.814
13 86 1.349 8.918
13 87 1.349 9.022
29 88 3.008 9.126
17 88 1.764 9.126
11 88 1.141 9.126
11 89 1.141 9.229
5 90 0.519 9.333
37 90 3.838 9.333
35 90 3.630 9.333
8 91 0.830 9.437
26 91 2.697 9.437
52 91 5.393 9.437
4 91 0.415 9.437
37 91 3.838 9.437
36 93 3.734 9.644
11 93 1.141 9.644
7 95 0.726 9.851
22 97 2.282 10.058
6 97 0.623 10.058
17 99 1.764 10.266
6 100 0.623 10.370
13 101 1.349 10.473
17 102 1.764 10.577
28 103 2.904 10.681
13 104 1.349 10.784
22 105 2.282 10.888
28 107 2.904 11.096
13 107 1.349 11.096
17 109 1.764 11.303
37 110 3.838 11.407
2 111 0.208 11.511
42 112 4.356 11.614
11 112 1.141 11.614
13 113 1.349 11.718
1 114 0.104 11.821
27 114 2.801 11.821
24 115 2.490 11.925
4 115 0.415 11.925
8 116 0.830 12.029
6 117 0.623 12.132
8 118 0.830 12.236
1 118 0.104 12.236
9 119 0.934 12.340
22 120 2.282 12.443
64 120 6.637 12.443
29 121 3.008 12.547
8 121 0.830 12.547
11 122 1.141 12.651
20 122 2.075 12.651
5 123 0.519 12.754
32 123 3.319 12.754
9 123 0.934 12.754
6 124 0.623 12.858
28 125 2.904 12.961
4 125 0.415 12.961
11 126 1.141 13.065
34 126 3.527 13.065
28 126 2.904 13.065
28 127 2.904 13.169
11 127 1.141 13.169
33 129 3.423 13.376
11 129 1.141 13.376
15 130 1.556 13.480
45 131 4.667 13.583
34 131 3.527 13.583
25 132 2.593 13.687
13 132 1.349 13.687
20 133 2.075 13.791
11 133 1.141 13.791
22 134 2.282 13.894
32 134 3.319 13.894
33 134 3.423 13.894
25 135 2.593 13.998
6 135 0.623 13.998
46 135 4.771 13.998
27 136 2.801 14.102
20 137 2.075 14.206
9 137 0.934 14.206
20 138 2.075 14.309
37 138 3.838 14.309
28 138 2.904 14.309
11 139 1.141 14.413
33 139 3.423 14.413
37 140 3.838 14.517
22 140 2.282 14.517
37 141 3.838 14.620
46 141 4.771 14.620
8 142 0.830 14.724
48 142 4.978 14.724
24 143 2.490 14.827
44 144 4.563 14.932
26 144 2.697 14.932
13 145 1.349 15.035
28 146 2.904 15.139
24 147 2.490 15.242
30 148 3.112 15.346
22 148 2.282 15.346
26 149 2.697 15.450
6 150 0.623 15.553
30 150 3.112 15.553
25 151 2.593 15.657
48 152 4.978 15.760
17 153 1.764 15.864
44 153 4.563 15.864
25 153 2.593 15.864
22 154 2.282 15.968
25 154 2.593 15.968
24 155 2.490 16.071
31 156 3.215 16.175
22 156 2.282 16.175
24 157 2.490 16.279
33 157 3.423 16.279
24 158 2.490 16.382
6 159 0.623 16.486
25 159 2.593 16.486
34 159 3.527 16.486
33 160 3.423 16.590
26 161 2.697 16.693
32 161 3.319 16.693
8 161 0.830 16.693
22 162 2.282 16.797
28 162 2.904 16.797
45 163 4.667 16.901
17 163 1.764 16.901
7 164 0.726 17.004
25 164 2.593 17.004
20 165 2.075 17.108
7 166 0.726 17.212
117 177 12.132 18.352
120 178 12.443 18.456
46 179 4.771 18.559
122 179 12.651 18.559
116 180 12.029 18.663
99 180 10.266 18.663
28 180 2.904 18.663
59 180 6.118 18.663
114 181 11.821 18.766
118 181 12.236 18.766
115 182 11.925 18.870
119 182 12.340 18.870
121 183 12.547 18.974
139 183 14.413 18.974
144 184 14.932 19.077
127 185 13.169 19.181
116 186 12.029 19.285
34 187 3.527 19.388
52 187 5.393 19.388
70 194 7.259 20.114
27 194 2.801 20.114
118 195 12.236 20.217
17 195 1.764 20.217
2 206 0.208 21.357
20 206 2.075 21.357
11 206 1.141 21.357
7 207 0.726 21.461
13 209 1.349 21.668
6 210 0.623 21.772
2 212 0.208 21.979
152 215 15.760 22.290
9 219 0.934 22.704
24 220 2.490 22.808
2 220 0.208 22.808
31 220 3.215 22.808
20 220 2.075 22.808
27 221 2.801 22.912
24 223 2.490 23.119
13 223 1.349 23.119
6 223 0.623 23.119
6 224 0.623 23.223
28 226 2.904 23.430
175 247 18.145 25.606
168 249 17.419 25.814
171 266 17.730 27.575
168 266 17.419 27.575
168 267 17.419 27.679
165 268 17.108 27.783
219 281 22.704 29.130
256 321 26.539 33.276
234 322 24.259 33.380
212 322 21.979 33.380
221 322 22.912 33.380
217 323 22.497 33.484
235 323 24.363 33.484
213 324 22.083 33.588
219 327 22.704 33.899
216 328 22.394 34.002
219 329 22.704 34.106
214 330 22.186 34.210
235 330 24.363 34.210
224 330 23.223 34.210
224 331 23.223 34.314
259 332 26.850 34.417
217 337 22.497 34.935
260 338 26.954 35.039
224 339 23.223 35.143
218 340 22.601 35.247
224 342 23.223 35.454
230 342 23.845 35.454
231 343 23.948 35.557
217 344 22.497 35.661
255 345 26.435 35.765
220 345 22.808 35.765
259 347 26.850 35.972
255 348 26.435 36.076
240 349 24.881 36.180
216 349 22.394 36.180
245 349 25.399 36.180
228 350 23.637 36.283
255 351 26.435 36.387
250 352 25.917 36.491
235 352 24.363 36.491
259 352 26.850 36.491
277 353 28.716 36.594
240 354 24.881 36.698
214 363 22.186 37.631
226 364 23.430 37.735
233 364 24.156 37.735
288 366 29.856 37.942
291 366 30.166 37.942
228 367 23.637 38.046
251 367 26.021 38.046
253 367 26.228 38.046
264 368 27.368 38.149
279 369 28.923 38.253
267 370 27.679 38.356
268 371 27.783 38.460
219 372 22.704 38.564
233 372 24.156 38.564
263 372 27.265 38.564
273 372 28.301 38.564
284 372 29.441 38.564
254 378 26.332 39.186
279 378 28.923 39.186
267 379 27.679 39.289
290 379 30.063 39.289
316 380 32.758 39.393
316 381 32.758 39.496
234 381 24.259 39.496
288 381 29.856 39.496
282 382 29.234 39.600
281 382 29.130 39.600
217 383 22.497 39.704
230 383 23.845 39.704
267 384 27.679 39.808
264 384 27.368 39.808
290 385 30.063 39.911
300 386 31.099 40.015
231 387 23.948 40.119
279 388 28.923 40.222
234 388 24.259 40.222
316 389 32.758 40.326
290 389 30.063 40.326
310 390 32.136 40.430
234 390 24.259 40.430
228 390 23.637 40.430
290 391 30.063 40.533
309 391 32.032 40.533
231 392 23.948 40.637
308 393 31.929 40.741
309 395 32.032 40.948
273 395 28.301 40.948
265 395 27.472 40.948
316 396 32.758 41.052
317 397 32.862 41.155
314 397 32.551 41.155
282 398 29.234 41.259
308 398 31.929 41.259
218 400 22.601 41.466
288 400 29.856 41.466
306 400 31.721 41.466
309 401 32.032 41.570
319 402 33.071 41.674
318 403 32.966 41.777
316 404 32.758 41.881
330 405 34.210 41.985
268 405 27.783 41.985
329 406 34.106 42.088
309 406 32.032 42.088
338 406 35.039 42.088
321 407 33.276 42.192
329 408 34.106 42.296
338 408 35.039 42.296
334 409 34.624 42.399
327 409 33.899 42.399
335 410 34.728 42.503
329 418 34.106 43.332
334 431 34.624 44.679
338 431 35.039 44.679
338 432 35.039 44.783
378 441 39.186 45.716
317 442 32.862 45.819
319 442 33.071 45.819
330 442 34.210 45.819
337 442 34.935 45.819
338 445 35.039 46.130
304 446 31.514 46.234
318 446 32.966 46.234
348 447 36.076 46.337
311 447 32.240 46.337
308 448 31.929 46.441
337 448 34.935 46.441
301 449 31.203 46.545
372 450 38.564 46.648
313 451 32.447 46.752
336 451 34.832 46.752
329 451 34.106 46.752
300 451 31.099 46.752
306 451 31.721 46.752
281 451 29.130 46.752
288 451 29.856 46.752
296 451 30.684 46.752
331 452 34.314 46.856
336 452 34.832 46.856
342 453 35.454 46.959
374 453 38.771 46.959
332 453 34.417 46.959
282 453 29.234 46.959
378 454 39.186 47.063
268 455 27.783 47.167
305 456 31.617 47.270
329 457 34.106 47.374
338 458 35.039 47.477
313 458 32.447 47.477
331 458 34.314 47.477
289 458 29.959 47.477
369 459 38.253 47.581
316 460 32.758 47.685
330 460 34.210 47.685
317 461 32.862 47.789
349 462 36.180 47.892
276 462 28.612 47.892
358 463 37.113 47.996
301 463 31.203 47.996
335 463 34.728 47.996
351 463 36.387 47.996
291 463 30.166 47.996
281 463 29.130 47.996
317 463 32.862 47.996
382 464 39.600 48.099
275 464 28.508 48.099
379 464 39.289 48.099
397 465 41.155 48.203
381 465 39.496 48.203
386 465 40.015 48.203
382 466 39.600 48.307
224 468 23.223 48.514
344 468 35.661 48.514
329 469 34.106 48.618
220 469 22.808 48.618
382 469 39.600 48.618
382 470 39.600 48.722
388 470 40.222 48.722
378 470 39.186 48.722
333 470 34.521 48.722
386 471 40.015 48.825
329 471 34.106 48.825
224 471 23.223 48.825
378 471 39.186 48.825
273 472 28.301 48.929
322 472 33.380 48.929
378 472 39.186 48.929
385 472 39.911 48.929
391 472 40.533 48.929
381 473 39.496 49.032
378 473 39.186 49.032
230 473 23.845 49.032
369 473 38.253 49.032
385 473 39.911 49.032
223 474 23.119 49.136
314 474 32.551 49.136
343 474 35.557 49.136
385 474 39.911 49.136
391 474 40.533 49.136
381 475 39.496 49.239
374 476 38.771 49.343
388 476 40.222 49.343
382 477 39.600 49.447
338 477 35.039 49.447
377 478 39.082 49.551
374 479 38.771 49.654
376 479 38.978 49.654
377 480 39.082 49.758
381 480 39.496 49.758
377 481 39.082 49.861
374 482 38.771 49.965
390 482 40.430 49.965
374 483 38.771 50.069
377 484 39.082 50.172
418 484 43.332 50.172
230 485 23.845 50.276
385 485 39.911 50.276
219 485 22.704 50.276
391 486 40.533 50.379
386 486 40.015 50.379
378 486 39.186 50.379
375 486 38.875 50.379
412 487 42.710 50.483
348 487 36.076 50.483
374 487 38.771 50.483
386 487 40.015 50.483
398 487 41.259 50.483
391 487 40.533 50.483
377 488 39.082 50.587
374 489 38.771 50.690
388 491 40.222 50.898
224 491 23.223 50.898
339 491 35.143 50.898
398 492 41.259 51.001
412 492 42.710 51.001
381 492 39.496 51.001
416 492 43.125 51.001
390 492 40.430 51.001
392 492 40.637 51.001
389 493 40.326 51.105
416 493 43.125 51.105
386 494 40.015 51.209
382 494 39.600 51.209
377 495 39.082 51.312
397 495 41.155 51.312
283 496 29.337 51.416
382 496 39.600 51.416
413 496 42.814 51.416
288 497 29.856 51.520
270 497 27.990 51.520
293 497 30.374 51.520
295 497 30.581 51.520
307 497 31.825 51.520
388 497 40.222 51.520
381 499 39.496 51.727
393 499 40.741 51.727
387 500 40.119 51.831
382 501 39.600 51.934
421 502 43.643 52.038
382 503 39.600 52.142
431 503 44.679 52.142
398 503 41.259 52.142
413 504 42.814 52.245
375 505 38.875 52.349
383 505 39.704 52.349
392 505 40.637 52.349
385 505 39.911 52.349
385 506 39.911 52.453
391 506 40.533 52.453
375 507 38.875 52.557
379 507 39.289 52.557
393 507 40.741 52.557
395 508 40.948 52.660
385 508 39.911 52.660
377 508 39.082 52.660
382 509 39.600 52.764
375 510 38.875 52.868
374 511 38.771 52.971
390 511 40.430 52.971
418 511 43.332 52.971
389 511 40.326 52.971
382 512 39.600 53.075
377 513 39.082 53.178
435 513 45.094 53.178
379 514 39.289 53.282
435 514 45.094 53.282
418 514 43.332 53.282
307 515 31.825 53.386
429 515 44.472 53.386
414 515 42.917 53.386
322 516 33.380 53.489
329 516 34.106 53.489
342 516 35.454 53.489
351 517 36.387 53.593
402 518 41.674 53.697
375 518 38.875 53.697
386 518 40.015 53.697
405 518 41.985 53.697
347 519 35.972 53.800
332 519 34.417 53.800
407 520 42.192 53.904
305 520 31.617 53.904
386 520 40.015 53.904
378 520 39.186 53.904
414 520 42.917 53.904
416 520 43.125 53.904
290 521 30.063 54.008
310 521 32.136 54.008
321 521 33.276 54.008
335 521 34.728 54.008
375 521 38.875 54.008
373 521 38.667 54.008
382 522 39.600 54.111
378 522 39.186 54.111
328 523 34.002 54.215
345 523 35.765 54.215
332 523 34.417 54.215
374 524 38.771 54.319
309 525 32.032 54.422
383 525 39.704 54.422
414 525 42.917 54.422
319 526 33.071 54.526
376 526 38.978 54.526
371 527 38.460 54.630
373 527 38.667 54.630
331 529 34.314 54.837
293 529 30.374 54.837
316 529 32.758 54.837
352 529 36.491 54.837
302 530 31.307 54.941
351 530 36.387 54.941
372 530 38.564 54.941
298 531 30.892 55.044
310 531 32.136 55.044
306 532 31.721 55.148
316 533 32.758 55.252
273 533 28.301 55.252
278 533 28.819 55.252
288 534 29.856 55.355
414 534 42.917 55.355
283 534 29.337 55.355
410 534 42.503 55.355
317 534 32.862 55.355
289 534 29.959 55.355
261 534 27.057 55.355
271 534 28.094 55.355
309 535 32.032 55.459
318 535 32.966 55.459
268 536 27.783 55.563
288 536 29.856 55.563
293 536 30.374 55.563
253 536 26.228 55.563
288 537 29.856 55.666
284 537 29.441 55.666
290 537 30.063 55.666
276 538 28.612 55.770
288 538 29.856 55.770
268 539 27.783 55.874
293 539 30.374 55.874
371 539 38.460 55.874
410 539 42.503 55.874
309 540 32.032 55.977
405 540 41.985 55.977
280 541 29.026 56.081
332 542 34.417 56.184
276 542 28.612 56.184
375 542 38.875 56.184
305 542 31.617 56.184
352 542 36.491 56.184
279 542 28.923 56.184
291 543 30.166 56.288
310 543 32.136 56.288
306 543 31.721 56.288
334 544 34.624 56.392
331 546 34.314 56.599
309 546 32.032 56.599
374 546 38.771 56.599
404 547 41.881 56.702
369 547 38.253 56.702
415 547 43.021 56.702
275 548 28.508 56.806
373 548 38.667 56.806
319 548 33.071 56.806
380 548 39.393 56.806
278 549 28.819 56.910
309 549 32.032 56.910
412 549 42.710 56.910
260 549 26.954 56.910
282 549 29.234 56.910
377 549 39.082 56.910
277 550 28.716 57.013
268 550 27.783 57.013
366 551 37.942 57.117
375 551 38.875 57.117
416 551 43.125 57.117
457 552 47.374 57.221
311 553 32.240 57.324
322 553 33.380 57.324
369 554 38.253 57.428
403 554 41.777 57.428
423 554 43.850 57.428
310 555 32.136 57.531
406 555 42.088 57.531
499 555 51.727 57.531
335 556 34.728 57.635
345 556 35.765 57.635
310 557 32.136 57.739
416 557 43.125 57.739
378 558 39.186 57.842
437 558 45.301 57.842
484 559 50.172 57.946
492 559 51.001 57.946
459 560 47.581 58.050
439 560 45.508 58.050
396 560 41.052 58.050
375 560 38.875 58.050
447 561 46.337 58.153
330 561 34.210 58.153
343 561 35.557 58.153
473 561 49.032 58.153
342 561 35.454 58.153
371 561 38.460 58.153
373 561 38.667 58.153
431 561 44.679 58.153
439 561 45.508 58.153
312 562 32.343 58.257
492 562 51.001 58.257
471 562 48.825 58.257
449 563 46.545 58.360
375 563 38.875 58.360
388 563 40.222 58.360
404 563 41.881 58.360
397 563 41.155 58.360
439 563 45.508 58.360
414 564 42.917 58.464
376 564 38.978 58.464
374 564 38.771 58.464
436 565 45.197 58.568
424 565 43.954 58.568
431 566 44.679 58.671
455 566 47.167 58.671
448 566 46.441 58.671
429 566 44.472 58.671
319 567 33.071 58.775
442 567 45.819 58.775
459 568 47.581 58.879
441 568 45.716 58.879
462 568 47.892 58.879
436 568 45.197 58.879
466 569 48.307 58.982
429 569 44.472 58.982
451 569 46.752 58.982
435 569 45.094 58.982
440 569 45.612 58.982
437 570 45.301 59.086
457 571 47.374 59.190
380 572 39.393 59.294
462 573 47.892 59.397
455 573 47.167 59.397
375 573 38.875 59.397
430 573 44.576 59.397
436 573 45.197 59.397
470 573 48.722 59.397
423 573 43.850 59.397
440 574 45.612 59.501
421 574 43.643 59.501
436 575 45.197 59.605
414 575 42.917 59.605
508 576 52.660 59.708
373 576 38.667 59.708
456 576 47.270 59.708
381 576 39.496 59.708
448 576 46.441 59.708
448 577 46.441 59.812
458 577 47.477 59.812
415 578 43.021 59.916
407 578 42.192 59.916
439 579 45.508 60.019
230 579 23.845 60.019
435 579 45.094 60.019
436 580 45.197 60.123
492 581 51.001 60.227
335 582 34.728 60.330
480 582 49.758 60.330
486 583 50.379 60.434
382 583 39.600 60.434
486 584 50.379 60.538
488 584 50.587 60.538
487 585 50.483 60.641
487 586 50.483 60.745
487 587 50.483 60.849
492 587 51.001 60.849
484 587 50.172 60.849
479 588 49.654 60.952
492 588 51.001 60.952
423 588 43.850 60.952
491 588 50.898 60.952
489 589 50.690 61.056
492 590 51.001 61.160
373 590 38.667 61.160
487 591 50.483 61.263
477 591 49.447 61.263
480 592 49.758 61.367
496 592 51.416 61.367
506 592 52.453 61.367
500 594 51.831 61.574
375 595 38.875 61.678
477 596 49.447 61.784
494 596 51.209 61.784
319 596 33.071 61.784
425 596 44.057 61.784
499 597 51.727 61.885
375 598 38.875 61.989
436 598 45.197 61.989
311 599 32.240 62.092
500 599 51.831 62.092
503 599 52.142 62.092
439 600 45.508 62.197
386 600 40.015 62.197
309 602 32.032 62.403
455 602 47.167 62.403
502 602 52.038 62.403
413 603 42.814 62.507
455 603 47.167 62.507
485 604 50.276 62.611
268 604 27.783 62.611
508 604 52.660 62.611
461 605 47.789 62.714
439 606 45.508 62.818
377 606 39.082 62.818
515 607 53.386 62.922
435 607 45.094 62.922
508 608 52.660 63.025
493 609 51.105 63.129
437 609 45.301 63.129
489 609 50.690 63.129
416 609 43.125 63.129
510 609 52.868 63.129
401 609 41.570 63.129
506 610 52.453 63.232
516 610 53.489 63.232
379 611 39.289 63.336
374 612 38.771 63.439
455 612 47.167 63.439
393 612 40.741 63.439
501 612 51.934 63.439
288 612 29.856 63.439
382 612 39.600 63.439
447 613 46.337 63.543
310 614 32.136 63.647
396 614 41.052 63.647
400 614 41.466 63.647
305 615 31.617 63.750
385 615 39.911 63.750
223 615 23.119 63.750
311 616 32.240 63.854
296 616 30.684 63.854
374 616 38.771 63.854
329 616 34.106 63.854
435 617 45.094 63.957
460 617 47.685 63.957
307 618 31.825 64.061
343 618 35.557 64.061
382 618 39.600 64.061
266 618 27.575 64.061
331 618 34.314 64.061
339 618 35.143 64.061
299 618 30.996 64.061
455 619 47.167 64.164
445 619 46.130 64.164
420 621 43.539 64.372
510 621 52.868 64.372
508 621 52.660 64.372
348 621 36.076 64.372
290 622 30.063 64.475
531 622 55.044 64.475
278 622 28.819 64.475
382 622 39.600 64.475
481 622 49.861 64.475
286 622 29.648 64.475
535 622 55.459 64.475
414 622 42.917 64.475
440 623 45.612 64.579
421 623 43.643 64.579
413 623 42.814 64.579
508 624 52.660 64.683
413 625 42.814 64.786
307 626 31.825 64.890
507 626 52.557 64.890
351 626 36.387 64.890
292 626 30.270 64.890
310 627 32.136 64.993
307 627 31.825 64.993
286 627 29.648 64.993
373 628 38.667 65.097
316 628 32.758 65.097
375 628 38.875 65.097
299 629 30.996 65.200
312 629 32.343 65.200
375 629 38.875 65.200
447 629 46.337 65.200
284 630 29.441 65.304
316 630 32.758 65.304
347 630 35.972 65.304
311 630 32.240 65.304
423 631 43.850 65.408
297 631 30.788 65.408
411 632 42.607 65.511
321 632 33.276 65.511
421 632 43.643 65.511
255 637 26.435 66.030
501 642 51.934 66.548
374 642 38.771 66.548
527 642 54.630 66.548
434 643 44.990 66.652
309 644 32.032 66.755
576 644 59.708 66.755
306 645 31.721 66.859
253 645 26.228 66.859
313 646 32.447 66.963
312 647 32.343 67.066
243 648 25.192 67.170
459 652 47.581 67.584
576 652 59.708 67.584
576 653 59.708 67.688
505 654 52.349 67.792
493 655 51.105 67.895
578 655 59.916 67.895
599 655 62.092 67.895
576 655 59.708 67.895
577 656 59.812 67.999
615 657 63.750 68.102
578 658 59.916 68.206
609 663 63.129 68.724
612 663 63.439 68.724
612 664 63.439 68.827
575 664 59.605 68.827
610 665 63.232 68.931
612 666 63.439 69.034
615 667 63.750 69.138
576 668 59.708 69.242
599 669 62.092 69.345
577 669 59.812 69.345
612 669 63.439 69.345
609 671 63.129 69.553
613 673 63.543 69.760
615 674 63.750 69.863
609 675 63.129 69.967
615 675 63.750 69.967
617 676 63.957 70.070
606 676 62.818 70.070
605 677 62.714 70.174
625 678 64.786 70.278
606 679 62.818 70.381
615 679 63.750 70.381
616 679 63.854 70.381
614 680 63.647 70.485
612 680 63.439 70.485
576 681 59.708 70.589
607 681 62.922 70.589
578 681 59.916 70.589
605 681 62.714 70.589
616 682 63.854 70.692
606 682 62.818 70.692
581 683 60.227 70.796
459 683 47.581 70.796
604 683 62.611 70.796
609 683 63.129 70.796
606 684 62.818 70.900
617 685 63.957 71.003
615 685 63.750 71.003
312 688 32.343 71.314
286 688 29.648 71.314
330 688 34.210 71.314
292 688 30.270 71.314
304 689 31.514 71.418
303 689 31.410 71.418
338 690 35.039 71.522
610 692 63.232 71.729
624 692 64.683 71.729
597 692 61.885 71.729
605 693 62.714 71.833
506 694 52.453 71.937
608 694 63.025 71.937
572 695 59.294 72.040
608 695 63.025 72.040
607 696 62.922 72.144
624 696 64.683 72.144
636 701 65.926 72.662
607 701 62.922 72.662
618 701 64.061 72.662
608 702 63.025 72.766
615 704 63.750 72.973
609 704 63.129 72.973
578 705 59.916 73.077
587 705 60.849 73.077
610 706 63.232 73.181
607 706 62.922 73.181
614 711 63.647 73.699
303 713 31.410 73.906
335 714 34.728 74.010
314 715 32.551 74.114
292 716 30.270 74.217
306 716 31.721 74.217
308 716 31.929 74.217
351 717 36.387 74.321
305 718 31.617 74.425
296 718 30.684 74.425
300 719 31.099 74.528
290 720 30.063 74.632
306 720 31.721 74.632
311 720 32.240 74.632
310 720 32.136 74.632
291 721 30.166 74.736
290 722 30.063 74.839
314 722 32.551 74.839
275 727 28.508 75.358
306 727 31.721 75.358
268 727 27.783 75.358
638 748 66.133 77.534
648 748 67.170 77.534
683 748 70.796 77.534
628 749 65.097 77.637
665 749 68.931 77.637
678 749 70.278 77.637
610 749 63.232 77.637
683 750 70.796 77.741
292 752 30.270 77.948
382 752 39.600 77.948
400 752 41.466 77.948
376 753 38.978 78.052
416 753 43.125 78.052
290 754 30.063 78.155
305 754 31.617 78.155
636 755 65.926 78.259
665 755 68.931 78.259
624 755 64.683 78.259
627 756 64.993 78.363
694 756 71.937 78.363
655 756 67.895 78.363
644 756 66.755 78.363
690 757 71.522 78.466
678 757 70.278 78.466
684 758 70.900 78.570
678 759 70.278 78.674
690 760 71.522 78.777
678 760 70.278 78.777
694 761 71.937 78.881
681 761 70.589 78.881
686 762 71.107 78.985
684 763 70.900 79.088
678 763 70.278 79.088
678 764 70.278 79.192
685 764 71.003 79.192
684 765 70.900 79.296
685 766 71.003 79.399
686 767 71.107 79.503
689 767 71.418 79.503
684 768 70.900 79.606
652 768 67.584 79.606
679 768 70.381 79.606
655 768 67.895 79.606
685 769 71.003 79.710
678 769 70.278 79.710
674 770 69.863 79.814
675 770 69.967 79.814
625 771 64.786 79.917
678 772 70.278 80.021
690 773 71.522 80.125
684 774 70.900 80.228
690 774 71.522 80.228
680 775 70.485 80.332
655 776 67.895 80.436
680 777 70.485 80.539
684 777 70.900 80.539
684 778 70.900 80.643
683 780 70.796 80.850
678 781 70.278 80.954
681 782 70.589 81.058
661 783 68.517 81.161
676 783 70.070 81.161
677 783 70.174 81.161
685 783 71.003 81.161
677 784 70.174 81.265
684 784 70.900 81.265
684 785 70.900 81.369
678 785 70.278 81.369
681 786 70.589 81.472
685 786 71.003 81.472
684 787 70.900 81.576
678 788 70.278 81.680
684 788 70.900 81.680
681 789 70.589 81.783
691 789 71.625 81.783
685 790 71.003 81.887
680 792 70.485 82.094
686 792 71.107 82.094
374 799 38.771 82.820
310 800 32.136 82.923
307 800 31.825 82.923
682 803 70.692 83.234
234 806 24.259 83.545
318 806 32.966 83.545
310 807 32.136 83.649
307 808 31.825 83.753
308 808 31.929 83.753
696 812 72.144 84.167
645 812 66.859 84.167
675 813 69.967 84.271
742 813 76.912 84.271
676 814 70.070 84.375
678 814 70.278 84.375
767 824 79.503 85.411
744 825 77.119 85.515
675 841 69.967 87.174
683 841 70.796 87.174
761 841 78.881 87.174
760 842 78.777 87.278
766 843 79.399 87.382
741 843 76.808 87.382
761 848 78.881 87.900
758 849 78.570 88.004
796 850 82.509 88.107
747 851 77.430 88.212
761 852 78.881 88.315
682 854 70.692 88.522
788 855 81.680 88.626
747 856 77.430 88.730
678 856 70.278 88.730
788 856 81.680 88.730
798 857 82.716 88.833
797 858 82.612 88.937
743 858 77.016 88.937
786 858 81.472 88.937
766 858 79.399 88.937
793 859 82.198 89.041
795 860 82.405 89.145
807 861 83.649 89.248
795 862 82.405 89.352
806 862 83.545 89.352
783 863 81.161 89.456
798 863 82.716 89.456
808 864 83.753 89.559
809 865 83.856 89.663
806 865 83.545 89.663
795 866 82.405 89.767
806 866 83.545 89.767
789 872 81.783 90.389
807 872 83.649 90.389
793 872 82.198 90.389
762 873 78.985 90.492
800 873 82.923 90.492
793 873 82.198 90.492
764 873 79.192 90.492
808 874 83.753 90.596
797 874 82.612 90.596
788 874 81.680 90.596
815 875 84.478 90.700
788 875 81.680 90.700
807 875 83.649 90.700
829 875 85.930 90.700
821 875 85.100 90.700
762 875 78.985 90.700
798 876 82.716 90.804
762 877 78.985 90.907
784 877 81.265 90.907
796 877 82.509 90.907
809 878 83.856 91.011
805 878 83.442 91.011
787 878 81.576 91.011
797 878 82.612 91.011
796 879 82.509 91.115
831 879 86.137 91.115
830 879 86.034 91.115
789 879 81.783 91.115
766 879 79.399 91.115
807 880 83.649 91.218
827 880 85.723 91.218
815 881 84.478 91.322
838 882 86.863 91.426
818 882 84.789 91.426
796 882 82.509 91.426
809 883 83.856 91.530
809 884 83.856 91.633
754 884 78.155 91.633
821 884 85.100 91.633
701 885 72.662 91.737
755 885 78.259 91.737
795 886 82.405 91.841
810 886 83.960 91.841
805 886 83.442 91.841
773 887 80.125 91.944
804 887 83.338 91.944
663 888 68.724 92.048
638 888 66.133 92.048
786 888 81.472 92.048
685 899 71.003 93.189
792 899 82.094 93.189
809 899 83.856 93.189
806 904 83.545 93.708
850 905 88.107 93.811
813 905 84.271 93.811
838 905 86.863 93.811
414 914 42.917 94.745
429 914 44.472 94.745
333 915 34.521 94.848
318 915 32.966 94.848
378 916 39.186 94.952
423 916 43.850 94.952
381 916 39.496 94.952
376 921 38.978 95.470
376 922 38.978 95.574
388 922 40.222 95.574
537 922 55.666 95.574
414 923 42.917 95.678
264 923 27.368 95.678
378 923 39.186 95.678
316 923 32.758 95.678
379 924 39.289 95.782
396 924 41.052 95.782
387 924 40.119 95.782
412 924 42.710 95.782
763 924 79.088 95.782
407 924 42.192 95.782
505 925 52.349 95.885
337 925 34.935 95.885
727 933 75.358 96.715
797 933 82.612 96.715
742 933 76.912 96.715
381 934 39.496 96.818
313 934 32.447 96.818
367 940 38.046 97.440
374 940 38.771 97.440
379 940 39.289 97.440
674 945 69.863 97.959
678 945 70.278 97.959
793 947 82.198 98.167
798 948 82.716 98.270
828 949 85.826 98.374
792 950 82.094 98.477
746 950 77.326 98.477
797 950 82.612 98.477
310 953 32.136 98.788
328 954 34.002 98.892
261 955 27.057 98.996
240 955 24.881 98.996
375 960 38.875 99.514
380 960 39.393 99.514
245 961 25.399 99.618
237 962 24.570 99.721
385 962 39.911 99.721
377 962 39.082 99.721
318 963 32.966 99.825
317 964 32.862 99.929
316 965 32.758 100.032
277 965 28.716 100.032
372 966 38.564 100.136
378 966 39.186 100.136
362 967 37.527 100.240
290 967 30.063 100.240
310 968 32.136 100.344
317 969 32.862 100.447
303 969 31.410 100.447
240 970 24.881 100.551
377 970 39.082 100.551
337 970 34.935 100.551
316 976 32.758 101.172
374 976 38.771 101.172
331 976 34.314 101.172
375 976 38.875 101.172
271 976 28.094 101.172
378 977 39.186 101.276
310 978 32.136 101.380
416 978 43.125 101.380
459 979 47.581 101.483
447 979 46.337 101.483
447 980 46.337 101.587
364 980 37.735 101.587
411 980 42.607 101.587
400 980 41.466 101.587
382 980 39.600 101.587
497 980 51.520 101.587
382 981 39.600 101.691
377 981 39.082 101.691
255 987 26.435 102.313
437 987 45.301 102.313
303 987 31.410 102.313
310 987 32.136 102.313
359 988 37.216 102.416
377 988 39.082 102.416
382 988 39.600 102.416
376 989 38.978 102.520
377 990 39.082 102.624
363 990 37.631 102.624
382 991 39.600 102.727
375 992 38.875 102.831
317 992 32.862 102.831
432 993 44.783 102.935
436 993 45.197 102.935
383 994 39.704 103.038
301 995 31.203 103.142
378 995 39.186 103.142
371 995 38.460 103.142
355 996 36.801 103.246
379 996 39.289 103.246
318 996 32.966 103.246
371 996 38.460 103.246
459 997 47.581 103.349
275 997 28.508 103.349
329 997 34.106 103.349
330 998 34.210 103.453
413 998 42.814 103.453
305 999 31.617 103.557
327 999 33.899 103.557
406 999 42.088 103.557
307 1000 31.825 103.660
358 1000 37.113 103.660
264 1001 27.368 103.764
279 1001 28.923 103.764
363 1002 37.631 103.868
351 1002 36.387 103.868
402 1003 41.674 103.971
353 1004 36.594 104.075
382 1004 39.600 104.075
327 1005 33.899 104.179
382 1006 39.600 104.282
339 1006 35.143 104.282
305 1007 31.617 104.386
381 1007 39.496 104.386
375 1007 38.875 104.386
213 1007 22.083 104.386
349 1007 36.180 104.386
374 1008 38.771 104.490
322 1008 33.380 104.490
389 1008 40.326 104.490
336 1008 34.832 104.490
268 1009 27.783 104.593
353 1009 36.594 104.593
377 1010 39.082 104.697
230 1011 23.845 104.801
339 1011 35.143 104.801
387 1011 40.119 104.801
494 1011 51.209 104.801
411 1011 42.607 104.801
377 1012 39.082 104.905
350 1012 36.283 104.905
338 1012 35.039 104.905
252 1012 26.124 104.905
370 1012 38.356 104.905
388 1013 40.222 105.008
278 1013 28.819 105.008
400 1013 41.466 105.008
486 1014 50.379 105.112
391 1014 40.533 105.112
369 1015 38.253 105.216
352 1016 36.491 105.319
506 1016 52.453 105.319
339 1017 35.143 105.423
336 1017 34.832 105.423
389 1018 40.326 105.527
322 1018 33.380 105.527
381 1019 39.496 105.631
353 1020 36.594 105.734
405 1020 41.985 105.734
356 1021 36.905 105.838
395 1023 40.948 106.046
413 1025 42.814 106.253
379 1025 39.289 106.253
243 1026 25.192 106.357
408 1026 42.296 106.357
397 1026 41.155 106.357
378 1026 39.186 106.357
375 1027 38.875 106.461
393 1027 40.741 106.461
482 1028 49.965 106.564
371 1028 38.460 106.564
487 1028 50.483 106.564
330 1029 34.210 106.668
358 1029 37.113 106.668
388 1029 40.222 106.668
371 1035 38.460 107.290
359 1035 37.216 107.290
377 1037 39.082 107.498
374 1037 38.771 107.498
220 1037 22.808 107.498
361 1038 37.424 107.602
375 1038 38.875 107.602
377 1038 39.082 107.602
219 1039 22.704 107.705
359 1039 37.216 107.705
488 1048 50.587 108.639
377 1048 39.082 108.639
398 1049 41.259 108.743
400 1049 41.466 108.743
428 1049 44.368 108.743
385 1049 39.911 108.743
418 1049 43.332 108.743
388 1050 40.222 108.846
379 1050 39.289 108.846
421 1051 43.643 108.950
329 1051 34.106 108.950
317 1052 32.862 109.053
379 1052 39.289 109.053
382 1053 39.600 109.157
374 1054 38.771 109.260
389 1054 40.326 109.260
244 1055 25.296 109.364
382 1055 39.600 109.364
388 1056 40.222 109.468
492 1057 51.001 109.572
409 1057 42.399 109.572
328 1057 34.002 109.572
375 1057 38.875 109.572
753 1072 78.052 111.127
683 1072 70.796 111.127
702 1072 72.766 111.127
629 1073 65.200 111.231
625 1073 64.786 111.231
630 1073 65.304 111.231
687 1073 71.211 111.231
683 1073 70.796 111.231
676 1073 70.070 111.231
743 1074 77.016 111.335
756 1075 78.363 111.438
627 1075 64.993 111.438
764 1075 79.192 111.438
658 1075 68.206 111.438
758 1076 78.570 111.542
741 1077 76.808 111.646
743 1077 77.016 111.646
617 1077 63.957 111.646
690 1077 71.522 111.646
636 1077 65.926 111.646
643 1077 66.652 111.646
674 1077 69.863 111.646
678 1077 70.278 111.646
782 1077 81.058 111.646
626 1077 64.890 111.646
743 1078 77.016 111.749
638 1078 66.133 111.749
635 1078 65.822 111.749
679 1079 70.381 111.853
690 1079 71.522 111.853
766 1080 79.399 111.957
678 1080 70.278 111.957
742 1080 76.912 111.957
757 1080 78.466 111.957
784 1081 81.265 112.060
679 1082 70.381 112.164
687 1082 71.211 112.164
678 1083 70.278 112.268
687 1083 71.211 112.268
683 1083 70.796 112.268
789 1084 81.783 112.371
678 1084 70.278 112.371
784 1084 81.265 112.371
757 1084 78.466 112.371
690 1084 71.522 112.371
753 1084 78.052 112.371
627 1084 64.993 112.371
741 1085 76.808 112.475
755 1086 78.259 112.578
760 1086 78.777 112.578
661 1087 68.517 112.682
757 1087 78.466 112.682
743 1088 77.016 112.786
772 1089 80.021 112.890
757 1089 78.466 112.890
753 1089 78.052 112.890
681 1090 70.589 112.992
685 1090 71.003 112.992
743 1090 77.016 112.992
753 1090 78.052 112.992
742 1091 76.912 113.096
742 1092 76.912 113.200
