61 129 6.324 13.376
42 133 4.354 13.790
3 133 0.311 13.790
47 136 4.873 14.101
30 138 3.110 14.309
42 140 4.354 14.516
82 140 8.501 14.516
10 140 1.037 14.516
78 142 8.086 14.723
82 145 8.501 15.034
4 145 0.415 15.034
42 145 4.354 15.034
80 149 8.293 15.449
58 149 6.013 15.449
27 152 2.799 15.760
24 157 2.488 16.278
42 162 4.354 16.797
10 162 1.037 16.797
7 166 0.726 17.212
42 166 4.354 17.212
14 169 1.452 17.523
35 171 3.629 17.730
58 171 6.013 17.730
61 173 6.324 17.937
44 173 4.562 17.937
82 173 8.501 17.937
35 176 3.629 18.249
10 176 1.037 18.249
55 179 5.702 18.560
55 182 5.702 18.870
33 184 3.421 19.078
52 184 5.391 19.078
30 187 3.110 19.389
70 187 7.257 19.389
91 192 9.434 19.907
40 197 4.147 20.424
76 202 7.879 20.942
3 206 0.311 21.355
37 206 3.836 21.355
33 227 3.421 23.538
35 232 3.629 24.056
74 236 7.671 24.471
70 236 7.257 24.471
82 240 8.501 24.885
14 240 1.452 24.885
80 243 8.293 25.196
52 243 5.391 25.196
33 246 3.421 25.507
14 246 1.452 25.507
80 250 8.293 25.922
14 255 1.452 26.440
14 260 1.452 26.959
65 260 6.739 26.959
82 266 8.501 27.580
7 271 0.726 28.099
61 271 6.324 28.099
85 275 8.812 28.513
10 275 1.037 28.513
40 275 4.147 28.513
61 275 6.324 28.513
70 279 7.257 28.928
35 295 3.629 30.587
14 295 1.452 30.587
76 300 7.879 31.105
37 300 3.836 31.105
44 304 4.562 31.520
70 308 7.257 31.934
58 308 6.013 31.934
40 312 4.147 32.349
76 312 7.879 32.349
33 316 3.421 32.764
14 316 1.452 32.764
18 321 1.866 33.282
78 321 8.086 33.282
260 351 26.959 36.393
255 355 26.440 36.808
250 355 25.922 36.808
266 361 27.580 37.430
250 368 25.922 38.156
266 375 27.580 38.881
266 380 27.580 39.399
255 387 26.440 40.125
243 387 25.196 40.125
255 392 26.440 40.644
255 394 26.440 40.851
255 396 26.440 41.058
266 398 27.580 41.266
266 404 27.580 41.888
266 414 27.580 42.923
329 424 34.112 43.958
398 457 41.266 47.384
260 457 26.959 47.384
404 461 41.888 47.799
260 461 26.959 47.799
266 465 27.580 48.214
260 469 26.959 48.628
260 473 26.959 49.043
295 473 30.587 49.043
284 476 29.446 49.354
392 478 40.644 49.561
284 480 29.446 49.768
250 482 25.922 49.976
246 483 25.507 50.079
312 484 32.349 50.183
266 484 27.580 50.183
260 487 26.959 50.494
284 492 29.446 51.012
271 495 28.099 51.323
284 495 29.446 51.323
266 498 27.580 51.634
396 498 41.058 51.634
404 501 41.888 51.945
260 504 26.959 52.257
266 504 27.580 52.257
246 508 25.507 52.671
243 510 25.196 52.879
394 510 40.851 52.879
300 510 31.105 52.879
351 510 36.393 52.879
404 511 41.888 52.982
300 511 31.105 52.982
255 511 26.440 52.982
398 512 41.266 53.086
266 512 27.580 53.086
260 513 26.959 53.190
361 514 37.430 53.293
255 515 26.440 53.397
394 517 40.851 53.604
346 517 35.875 53.604
266 517 27.580 53.604
210 517 21.770 53.604
266 518 27.580 53.708
222 522 23.018 54.123
255 531 26.440 55.055
266 566 27.580 58.683
414 576 42.923 59.721
355 576 36.808 59.721
227 576 23.538 59.721
300 576 31.105 59.721
266 586 27.580 60.759
232 586 24.056 60.759
271 610 28.099 63.243
295 610 30.587 63.243
266 629 27.580 65.213
398 629 41.266 65.213
260 632 26.959 65.524
227 632 23.538 65.524
255 635 26.440 65.834
255 638 26.440 66.145
260 640 26.959 66.353
414 642 42.923 66.560
260 642 26.959 66.560
266 645 27.580 66.871
266 648 27.580 67.182
404 648 41.888 67.182
255 651 26.440 67.493
404 651 41.888 67.493
404 653 41.888 67.700
284 653 29.446 67.700
240 653 24.885 67.700
394 655 40.851 67.908
260 655 26.959 67.908
266 657 27.580 68.115
414 657 42.923 68.115
240 659 24.885 68.322
243 661 25.196 68.530
375 661 38.881 68.530
246 664 25.507 68.841
361 687 37.430 71.225
243 687 25.196 71.225
240 688 24.885 71.328
414 690 42.923 71.536
227 690 23.538 71.536
236 692 24.471 71.743
404 695 41.888 72.054
260 698 26.959 72.365
243 701 25.196 72.676
414 701 42.923 72.676
300 701 31.105 72.676
246 704 25.507 72.987
361 706 37.430 73.194
361 708 37.430 73.401
398 709 41.266 73.505
266 710 27.580 73.609
304 710 31.520 73.609
396 711 41.058 73.713
375 711 38.881 73.713
304 711 31.520 73.713
271 712 28.099 73.816
271 713 28.099 73.920
240 713 24.885 73.920
380 713 39.399 73.920
295 715 30.587 74.127
586 729 60.759 75.577
40 758 4.147 78.583
80 763 8.293 79.104
187 766 19.389 79.415
484 798 50.183 82.732
515 800 53.397 82.940
576 803 59.721 83.251
260 813 26.959 84.288
266 816 27.580 84.598
266 819 27.580 84.909
380 823 39.399 85.324
260 823 26.959 85.324
304 859 31.520 89.056
266 859 27.580 89.056
396 859 41.058 89.056
266 861 27.580 89.264
255 863 26.440 89.471
396 865 41.058 89.678
236 867 24.471 89.886
260 868 26.959 89.989
396 870 41.058 90.197
316 870 32.764 90.197
414 874 42.923 90.611
312 878 32.349 91.026
304 882 31.520 91.440
392 885 40.644 91.751
504 907 52.257 94.032
599 907 62.105 94.032
289 976 29.965 101.185
380 976 39.399 101.185
271 980 28.099 101.600
260 984 26.959 102.014
284 986 29.446 102.222
236 987 24.471 102.326
404 1010 41.888 104.710
266 1014 27.580 105.124
282 1029 29.239 106.679
187 1029 19.389 106.679
266 1043 27.580 108.131
282 1046 29.239 108.442
284 1049 29.446 108.753
246 1049 25.507 108.753
284 1056 29.446 109.479
197 1057 20.424 109.582
275 1058 28.513 109.686
284 1059 29.446 109.789
202 1060 20.942 109.893
210 1070 21.770 110.930
157 1081 16.278 112.071
171 1083 17.730 112.278
129 1085 13.376 112.486
126 1088 13.065 112.796
171 1088 17.730 112.796
149 1088 15.449 112.796
511 1095 52.982 113.522
80 1097 8.293 113.729
182 1099 18.870 113.936
82 1099 8.501 113.936
192 1102 19.907 114.247
142 1105 14.723 114.558
171 1108 17.730 114.869
989 1165 102.533 120.777
1054 1167 109.271 120.984
1063 1167 110.204 120.984
1054 1170 109.271 121.295
1066 1170 110.515 121.295
1041 1193 107.923 123.680
1128 1195 116.939 123.887
1033 1195 107.094 123.887
1025 1195 106.264 123.887
1033 1196 107.094 123.991
279 1272 28.928 131.876
680 1321 70.499 136.952
222 1331 23.018 137.989
392 1334 40.644 138.300
240 1334 24.885 138.300
398 1337 41.266 138.611
623 1348 64.591 139.751
1010 1433 104.710 148.561
1058 1433 109.686 148.561
1062 1436 110.100 148.871
232 1525 24.056 158.094
275 1528 28.513 158.405
284 1530 29.446 158.613
392 1530 40.644 158.613
271 1532 28.099 158.820
1025 1536 106.264 159.235
1052 1538 109.065 159.442
136 1581 14.101 163.899
227 2481 23.538 257.186
243 2483 25.196 257.394
260 2484 26.959 257.497
266 2486 27.580 257.704
271 2488 28.099 257.911
266 2488 27.580 257.911
250 2491 25.922 258.222
623 2535 64.591 262.783
602 2535 62.415 262.783
576 2558 59.721 265.167
206 2583 21.355 267.758
187 2585 19.389 267.966
222 2587 23.018 268.173
266 2588 27.580 268.277
240 2588 24.885 268.277
222 2589 23.018 268.380
80 2630 8.293 272.630
184 2633 19.078 272.941
1570 2636 162.756 273.252
398 2642 41.266 273.874
2539 2742 263.197 284.241
2532 2742 262.472 284.241
1263 2764 130.941 286.522
1317 2768 136.537 286.936
1079 2781 111.864 288.284
1029 2823 106.679 292.637
1382 2894 143.275 299.996
275 2925 28.513 303.208
343 2927 35.564 303.415
279 2929 28.928 303.623
275 2932 28.513 303.934
343 2961 35.564 306.939
392 3031 40.644 314.197
284 3050 29.446 316.166
2452 3050 254.183 316.166
414 3052 42.923 316.373
2452 3052 254.183 316.373
2452 3055 254.183 316.684
404 3058 41.888 316.995
2452 3062 254.183 317.410
240 3066 24.885 317.824
398 3068 41.266 318.031
396 3070 41.058 318.238
2484 3070 257.497 318.238
236 3070 24.471 318.238
2452 3072 254.183 318.446
2452 3074 254.183 318.653
2452 3077 254.183 318.964
266 3081 27.580 319.379
2452 3081 254.183 319.379
396 3081 41.058 319.379
394 3081 40.851 319.379
260 3084 26.959 319.690
414 3084 42.923 319.690
260 3088 26.959 320.104
2452 3094 254.183 320.725
1058 3227 109.686 334.509
990 3231 102.637 334.924
414 3354 42.923 347.672
414 3356 42.923 347.879
266 3356 27.580 347.879
414 3366 42.923 348.916
404 3366 41.888 348.916
2452 3378 254.183 350.161
2441 3388 253.044 351.198
255 3596 26.440 372.748
3366 3596 348.916 372.748
266 3596 27.580 372.748
414 3627 42.923 375.961
279 3627 28.928 375.961
282 3629 29.239 376.169
236 3629 24.471 376.169
243 3633 25.196 376.583
240 3635 24.885 376.790
414 3649 42.923 378.242
282 3649 29.239 378.242
355 3653 36.808 378.656
3378 3655 350.161 378.863
3356 3657 347.879 379.071
394 3658 40.851 379.175
414 3659 42.923 379.278
351 3659 36.393 379.278
324 3669 33.594 380.314
343 3680 35.564 381.450
236 3693 24.471 382.797
2579 3693 267.344 382.797
2539 3693 263.197 382.797
3072 3693 318.446 382.797
3077 3701 318.964 383.631
308 3701 31.934 383.631
375 3701 38.881 383.631
599 3708 62.105 384.358
514 3710 53.293 384.566
250 3761 25.922 389.852
404 3787 41.888 392.547
2561 3801 265.478 393.998
3350 3801 347.257 393.998
351 3837 36.393 397.729
2535 3843 262.783 398.351
2529 3843 262.161 398.351
1516 3928 157.161 407.161
1513 3929 156.851 407.265
1536 3939 159.235 408.301
1573 3950 163.068 409.440
138 3950 14.309 409.440
197 3960 20.424 410.474
304 3990 31.520 413.585
398 3993 41.266 413.896
1306 4051 135.397 419.906
1272 4053 131.876 420.113
279 4058 28.928 420.631
2550 4058 264.338 420.631
210 4072 21.770 422.081
2992 4089 310.158 423.843
2982 4091 309.119 424.050
988 4120 102.429 427.055
1060 4121 109.893 427.159
171 4141 17.730 429.231
210 4141 21.770 429.231
152 4141 15.760 429.231
232 4141 24.056 429.231
126 4143 13.065 429.438
129 4158 13.376 430.993
4031 4201 417.833 435.449
4035 4214 418.248 436.796
4045 4216 419.284 437.003
1039 4266 107.716 442.185
4178 4323 433.065 448.092
1056 4323 109.479 448.092
4230 4325 438.454 448.299
4259 4341 441.459 449.957
4163 4341 431.511 449.957
4200 4341 435.345 449.957
4222 4341 437.625 449.957
1060 4369 109.893 452.858
1068 4372 110.723 453.168
7 4457 0.726 461.978
10 4460 1.037 462.290
