35 117 3.637 12.162
32 119 3.325 12.370
2 121 0.208 12.578
35 121 3.637 12.578
8 124 0.831 12.890
6 126 0.623 13.098
35 128 3.637 13.306
3 130 0.312 13.514
32 130 3.325 13.514
32 132 3.325 13.722
6 134 0.623 13.930
3 136 0.312 14.138
35 138 3.637 14.346
38 140 3.949 14.554
41 142 4.261 14.762
46 145 4.780 15.073
19 148 1.974 15.385
24 150 2.493 15.593
60 150 6.235 15.593
19 152 1.974 15.801
3 152 0.312 15.801
35 154 3.637 16.009
26 156 2.701 16.217
46 156 4.780 16.217
60 156 6.235 16.217
6 156 0.623 16.217
38 158 3.949 16.425
15 160 1.558 16.633
15 162 1.558 16.841
17 162 1.766 16.841
74 164 7.691 17.049
17 164 1.766 17.049
41 164 4.261 17.049
38 166 3.949 17.257
79 166 8.211 17.257
17 168 1.766 17.465
15 171 1.558 17.777
99 171 10.291 17.777
38 171 3.949 17.777
24 174 2.493 18.089
2 176 0.208 18.297
3 178 0.312 18.505
30 178 3.117 18.505
26 178 2.701 18.505
3 180 0.312 18.713
12 184 1.247 19.129
15 188 1.558 19.545
24 192 2.493 19.961
15 195 1.558 20.273
17 199 1.766 20.689
3 199 0.312 20.689
3 202 0.312 21.002
10 206 1.039 21.418
50 209 5.196 21.730
81 212 8.419 22.042
6 215 0.623 22.355
12 218 1.247 22.667
2 220 0.208 22.875
32 221 3.325 22.979
79 221 8.211 22.979
8 221 0.831 22.979
56 221 5.820 22.979
12 222 1.247 23.083
12 223 1.247 23.187
2 224 0.208 23.291
6 226 0.623 23.499
10 229 1.039 23.811
6 232 0.623 24.123
12 235 1.247 24.436
2 238 0.208 24.748
24 241 2.493 25.060
3 241 0.312 25.060
63 244 6.547 25.372
70 244 7.275 25.372
140 247 14.554 25.684
124 247 12.890 25.684
6 251 0.623 26.100
76 251 7.899 26.100
105 253 10.915 26.307
117 255 12.162 26.515
50 255 5.196 26.515
6 257 0.623 26.723
54 260 5.612 27.035
19 260 1.974 27.035
94 262 9.771 27.243
30 264 3.117 27.451
79 265 8.211 27.555
63 266 6.547 27.659
2 267 0.208 27.763
60 267 6.235 27.763
86 267 8.939 27.763
105 267 10.915 27.763
90 268 9.355 27.867
136 268 14.138 27.867
32 269 3.325 27.971
78 270 8.107 28.075
24 271 2.493 28.179
134 273 13.930 28.387
21 274 2.182 28.491
160 274 16.633 28.491
2 276 0.208 28.699
88 276 9.147 28.699
17 277 1.766 28.802
81 277 8.419 28.802
67 278 6.963 28.906
136 278 14.138 28.906
74 278 7.691 28.906
138 279 14.346 29.010
88 279 9.147 29.010
81 281 8.419 29.217
74 283 7.691 29.425
124 283 12.890 29.425
67 283 6.963 29.425
3 286 0.312 29.736
90 288 9.355 29.943
8 290 0.831 30.151
79 292 8.211 30.358
28 292 2.909 30.358
110 294 11.435 30.566
63 298 6.547 30.981
104 298 10.811 30.981
160 298 16.633 30.981
90 308 9.355 32.019
281 336 29.217 34.936
110 338 11.435 35.144
265 338 27.555 35.144
276 338 28.699 35.144
128 338 13.306 35.144
10 340 1.039 35.353
119 349 12.370 36.291
8 349 0.831 36.291
262 349 27.243 36.291
17 351 1.766 36.499
74 351 7.691 36.499
60 353 6.235 36.707
30 355 3.117 36.915
270 355 28.075 36.915
126 356 13.098 37.019
67 356 6.963 37.019
221 357 22.979 37.123
156 357 16.217 37.123
74 357 7.691 37.123
152 359 15.801 37.331
279 359 29.010 37.331
117 361 12.162 37.539
3 361 0.312 37.539
262 361 27.243 37.539
74 361 7.691 37.539
290 361 30.151 37.539
178 361 18.505 37.539
156 363 16.217 37.747
95 363 9.875 37.747
279 364 29.010 37.851
294 365 30.566 37.954
298 365 30.981 37.954
279 367 29.010 38.162
238 369 24.748 38.370
136 371 14.138 38.577
192 371 19.961 38.577
279 371 29.010 38.577
267 373 27.763 38.785
99 373 10.291 38.785
158 375 16.425 38.992
279 375 29.010 38.992
268 377 27.867 39.200
48 377 4.988 39.200
82 377 8.523 39.200
81 377 8.419 39.200
158 380 16.425 39.511
17 382 1.766 39.719
134 384 13.930 39.926
154 384 16.009 39.926
65 385 6.755 40.030
134 385 13.930 40.030
253 387 26.307 40.237
271 387 28.179 40.237
286 389 29.736 40.445
223 389 23.187 40.445
286 391 29.736 40.652
278 393 28.906 40.860
206 395 21.418 41.067
171 397 17.777 41.275
156 397 16.217 41.275
268 397 27.867 41.275
148 397 15.385 41.275
195 397 20.273 41.275
260 397 27.035 41.275
164 399 17.049 41.482
281 399 29.217 41.482
202 399 21.002 41.482
10 399 1.039 41.482
121 399 12.578 41.482
253 399 26.307 41.482
281 401 29.217 41.690
192 401 19.961 41.690
95 401 9.875 41.690
270 403 28.075 41.897
212 403 22.042 41.897
130 403 13.514 41.897
136 403 14.138 41.897
269 406 27.971 42.209
134 409 13.930 42.520
115 409 11.955 42.520
266 409 27.659 42.520
281 409 29.217 42.520
168 409 17.465 42.520
247 411 25.684 42.727
15 411 1.558 42.727
224 411 23.291 42.727
152 413 15.801 42.935
283 414 29.425 43.039
266 414 27.659 43.039
262 414 27.243 43.039
270 416 28.075 43.246
274 418 28.491 43.454
266 418 27.659 43.454
206 431 21.418 44.802
136 431 14.138 44.802
278 433 28.906 45.010
298 433 30.981 45.010
105 436 10.915 45.321
260 436 27.035 45.321
107 439 11.123 45.633
79 439 8.211 45.633
63 439 6.547 45.633
267 442 27.763 45.944
267 443 27.763 46.048
262 445 27.243 46.256
41 446 4.261 46.360
168 447 17.465 46.464
126 448 13.098 46.568
150 449 15.593 46.672
152 450 15.801 46.776
257 455 26.723 47.296
269 456 27.971 47.400
97 457 10.083 47.504
132 461 13.722 47.920
142 461 14.762 47.920
158 463 16.425 48.128
156 466 16.217 48.440
176 466 18.297 48.440
113 468 11.747 48.648
54 471 5.612 48.960
413 482 42.935 50.105
386 482 40.133 50.105
371 482 38.577 50.105
357 482 37.123 50.105
356 485 37.019 50.417
423 487 43.972 50.625
357 487 37.123 50.625
351 489 36.499 50.833
355 491 36.915 51.041
336 491 34.936 51.041
359 493 37.331 51.249
361 496 37.539 51.561
359 499 37.331 51.873
367 502 38.162 52.185
355 504 36.915 52.393
359 504 37.331 52.393
359 506 37.331 52.601
330 506 34.311 52.601
152 517 15.801 53.743
171 517 17.777 53.743
271 519 28.179 53.951
8 519 0.831 53.951
192 519 19.961 53.951
99 520 10.291 54.055
6 522 0.623 54.263
72 522 7.483 54.263
260 522 27.035 54.263
136 524 14.138 54.470
26 526 2.701 54.678
273 526 28.387 54.678
138 526 14.346 54.678
105 526 10.915 54.678
110 527 11.435 54.782
17 527 1.766 54.782
180 550 18.713 57.169
386 573 40.133 59.556
401 575 41.690 59.763
411 586 42.727 60.905
375 586 38.992 60.905
334 588 34.727 61.112
506 588 52.601 61.112
356 588 37.019 61.112
385 589 40.030 61.216
393 591 40.860 61.424
403 593 41.897 61.631
359 595 37.331 61.839
411 597 42.727 62.046
385 597 40.030 62.046
351 597 36.499 62.046
351 599 36.499 62.254
421 601 43.765 62.462
431 603 44.802 62.669
35 607 3.637 63.084
184 607 19.129 63.084
458 618 47.608 64.226
418 618 43.454 64.226
357 618 37.123 64.226
330 618 34.311 64.226
359 620 37.331 64.434
351 620 36.499 64.434
382 622 39.719 64.641
391 625 40.652 64.953
326 627 33.894 65.161
54 635 5.612 65.991
445 641 46.256 66.613
344 643 35.770 66.821
393 643 40.860 66.821
359 643 37.331 66.821
456 645 47.400 67.029
499 645 51.873 67.029
349 647 36.291 67.236
393 647 40.860 67.236
356 647 37.019 67.236
351 649 36.499 67.444
375 649 38.992 67.444
326 651 33.894 67.652
395 651 41.067 67.652
375 652 38.992 67.755
336 652 34.936 67.755
391 654 40.652 67.963
496 656 51.561 68.171
426 656 44.283 68.171
349 658 36.291 68.378
448 660 46.568 68.586
361 662 37.539 68.794
389 662 40.445 68.794
363 664 37.747 69.001
336 664 34.936 69.001
416 674 43.246 70.040
421 676 43.765 70.248
448 676 46.568 70.248
224 680 23.291 70.662
283 680 29.425 70.662
10 680 1.039 70.662
107 681 11.123 70.766
222 682 23.083 70.869
269 682 27.971 70.869
270 683 28.075 70.973
113 683 11.747 70.973
136 683 14.138 70.973
154 683 16.009 70.973
88 683 9.147 70.973
63 684 6.547 71.077
253 684 26.307 71.077
94 685 9.771 71.180
192 686 19.961 71.284
156 686 16.217 71.284
257 687 26.723 71.388
442 690 45.944 71.699
556 690 57.791 71.699
351 691 36.499 71.802
517 691 53.743 71.802
597 693 62.046 72.010
609 693 63.292 72.010
117 731 12.162 75.965
95 733 9.875 76.174
266 735 27.659 76.382
2 735 0.208 76.382
12 752 1.247 78.152
110 755 11.435 78.464
222 758 23.083 78.775
223 760 23.187 78.983
12 763 1.247 79.294
2 763 0.208 79.294
17 773 1.766 80.333
171 773 17.777 80.333
69 774 7.171 80.437
171 774 17.777 80.437
491 775 51.041 80.540
664 775 69.001 80.540
513 775 53.328 80.540
668 776 69.417 80.644
674 776 70.040 80.644
611 778 63.500 80.852
575 779 59.763 80.956
351 779 36.499 80.956
618 779 64.226 80.956
524 779 54.470 80.956
552 779 57.376 80.956
643 781 66.821 81.163
637 781 66.198 81.163
12 808 1.247 83.966
684 813 71.077 84.485
359 813 37.331 84.485
27 815 2.806 84.693
697 824 72.425 85.628
2 833 0.208 86.562
2 836 0.208 86.873
3 838 0.312 87.081
6 840 0.623 87.288
660 963 68.586 100.059
448 968 46.568 100.578
336 968 34.936 100.578
611 968 63.500 100.578
459 968 47.712 100.578
460 972 47.816 100.993
395 979 41.067 101.720
534 979 55.508 101.720
522 984 54.263 102.239
459 984 47.712 102.239
654 988 67.963 102.654
676 1082 70.248 112.423
647 1082 67.236 112.423
409 1082 42.520 112.423
454 1086 47.192 112.839
466 1087 48.440 112.943
538 1087 55.923 112.943
334 1088 34.727 113.047
582 1088 60.490 113.047
519 1088 53.951 113.047
