16 96 1.667 9.997
11 98 1.146 10.205
5 101 0.521 10.518
23 103 2.396 10.726
3 105 0.313 10.934
41 107 4.271 11.142
5 109 0.521 11.351
21 111 2.188 11.559
29 113 3.021 11.767
43 113 4.479 11.767
5 115 0.521 11.975
29 130 3.021 13.538
31 132 3.229 13.746
13 134 1.354 13.954
29 134 3.021 13.954
39 135 4.062 14.058
45 135 4.687 14.058
27 136 2.813 14.163
59 137 6.145 14.267
7 137 0.729 14.267
23 138 2.396 14.371
16 138 1.667 14.371
43 138 4.479 14.371
29 140 3.021 14.579
45 140 4.687 14.579
5 142 0.521 14.787
41 144 4.271 14.996
7 144 0.729 14.996
68 146 7.082 15.204
45 147 4.687 15.308
5 149 0.521 15.516
18 149 1.875 15.516
18 152 1.875 15.829
5 154 0.521 16.037
25 156 2.604 16.245
43 156 4.479 16.245
29 158 3.021 16.453
2 159 0.208 16.557
25 160 2.604 16.662
18 162 1.875 16.870
33 164 3.438 17.078
2 166 0.208 17.286
25 166 2.604 17.286
7 168 0.729 17.494
18 170 1.875 17.703
7 171 0.729 17.807
43 171 4.479 17.807
27 171 2.813 17.807
33 173 3.438 18.015
29 175 3.021 18.223
33 175 3.438 18.223
41 177 4.271 18.431
27 177 2.813 18.431
9 178 0.938 18.535
60 179 6.249 18.639
59 181 6.145 18.848
74 181 7.706 18.848
29 183 3.021 19.056
41 183 4.271 19.056
13 186 1.354 19.368
66 186 6.874 19.368
33 188 3.438 19.576
23 190 2.396 19.784
29 192 3.021 19.992
59 192 6.145 19.992
45 192 4.687 19.992
49 194 5.104 20.200
31 196 3.229 20.408
54 198 5.625 20.616
43 198 4.479 20.616
55 200 5.729 20.825
33 201 3.438 20.929
33 203 3.438 21.137
60 203 6.249 21.137
117 204 12.184 21.241
65 205 6.770 21.345
29 206 3.021 21.449
66 207 6.874 21.553
23 207 2.396 21.553
57 208 5.937 21.657
65 209 6.770 21.761
86 209 8.956 21.761
31 210 3.229 21.865
41 211 4.271 21.969
54 213 5.625 22.177
72 213 7.498 22.177
94 213 9.789 22.177
103 214 10.726 22.281
2 215 0.208 22.385
50 216 5.208 22.489
21 216 2.188 22.489
105 218 10.934 22.697
45 220 4.687 22.905
7 222 0.729 23.113
82 222 8.539 23.113
68 224 7.082 23.321
98 226 10.205 23.530
2 226 0.208 23.530
120 227 12.496 23.634
120 229 12.496 23.842
60 229 6.249 23.842
65 231 6.770 24.050
70 232 7.290 24.154
50 232 5.208 24.154
74 234 7.706 24.362
74 235 7.706 24.466
50 236 5.208 24.570
66 236 6.874 24.570
66 238 6.874 24.778
72 239 7.498 24.882
18 239 1.875 24.882
78 239 8.123 24.882
43 240 4.479 24.986
54 240 5.625 24.986
70 241 7.290 25.090
156 243 16.245 25.298
74 243 7.706 25.298
57 243 5.937 25.298
43 244 4.479 25.402
57 244 5.937 25.402
63 245 6.561 25.507
113 245 11.767 25.507
94 245 9.789 25.507
168 245 17.494 25.507
37 245 3.854 25.507
54 247 5.625 25.715
11 247 1.146 25.715
94 248 9.789 25.819
63 248 6.561 25.819
2 248 0.208 25.819
65 250 6.770 26.027
2 250 0.208 26.027
171 250 17.807 26.027
47 251 4.896 26.131
179 252 18.639 26.235
43 252 4.479 26.235
158 254 16.453 26.443
59 254 6.145 26.443
57 256 5.937 26.651
132 258 13.746 26.863
29 258 3.021 26.863
171 260 17.807 27.068
68 260 7.082 27.068
170 262 17.703 27.276
105 264 10.934 27.485
59 266 6.145 27.693
179 266 18.639 27.693
190 268 19.784 27.901
