321 742 1413393228.306 1413393249.356
125 774 1413393218.506 1413393250.956
391 774 1413393231.806 1413393250.956
183 796 1413393221.406 1413393252.056
139 833 1413393219.206 1413393253.906
237 846 1413393224.106 1413393254.556
431 846 1413393233.806 1413393254.556
139 867 1413393219.206 1413393255.606
159 889 1413393220.206 1413393256.706
183 909 1413393221.406 1413393257.706
125 930 1413393218.506 1413393258.756
275 950 1413393226.006 1413393259.756
411 970 1413393232.806 1413393260.756
424 993 1413393233.456 1413393261.906
431 1026 1413393233.806 1413393263.556
431 1080 1413393233.806 1413393266.256
431 1095 1413393233.806 1413393267.006
424 1195 1413393233.456 1413393272.006
424 1225 1413393233.456 1413393273.506
217 1325 1413393223.106 1413393278.506
321 1345 1413393228.306 1413393279.506
237 1345 1413393224.106 1413393279.506
237 1517 1413393224.106 1413393288.106
321 1517 1413393228.306 1413393288.106
299 1543 1413393227.206 1413393289.406
351 1579 1413393229.806 1413393291.206
183 1793 1413393221.406 1413393301.906
275 1812 1413393226.006 1413393302.856
217 1812 1413393223.106 1413393302.856
123 1831 1413393218.406 1413393303.806
321 1831 1413393228.306 1413393303.806
139 1850 1413393219.206 1413393304.756
299 1859 1413393227.206 1413393305.206
139 1869 1413393219.206 1413393305.706
125 1874 1413393218.506 1413393305.956
139 1880 1413393219.206 1413393306.256
275 1889 1413393226.006 1413393306.706
431 1900 1413393233.806 1413393307.256
299 1900 1413393227.206 1413393307.256
275 1911 1413393226.006 1413393307.806
275 1923 1413393226.006 1413393308.406
275 1932 1413393226.006 1413393308.856
299 1940 1413393227.206 1413393309.256
321 1958 1413393228.306 1413393310.156
299 1983 1413393227.206 1413393311.406
321 2003 1413393228.306 1413393312.406
321 2023 1413393228.306 1413393313.406
331 2065 1413393228.806 1413393315.506
123 2065 1413393218.406 1413393315.506
275 2079 1413393226.006 1413393316.206
275 2091 1413393226.006 1413393316.806
