496 608 1403638152.095 1403638157.695
43 625 1403638129.445 1403638158.545
132 625 1403638133.895 1403638158.545
202 641 1403638137.395 1403638159.345
43 649 1403638129.445 1403638159.745
41 652 1403638129.345 1403638159.895
41 658 1403638129.345 1403638160.195
414 666 1403638147.995 1403638160.595
476 686 1403638151.095 1403638161.595
40 686 1403638129.295 1403638161.595
210 686 1403638137.795 1403638161.595
202 706 1403638137.395 1403638162.595
515 725 1403638153.045 1403638163.545
202 732 1403638137.395 1403638163.895
476 739 1403638151.095 1403638164.245
208 739 1403638137.695 1403638164.245
205 741 1403638137.545 1403638164.345
202 743 1403638137.395 1403638164.445
210 744 1403638137.795 1403638164.495
202 746 1403638137.395 1403638164.595
202 747 1403638137.395 1403638164.645
414 748 1403638147.995 1403638164.695
185 749 1403638136.545 1403638164.745
476 750 1403638151.095 1403638164.795
202 750 1403638137.395 1403638164.795
48 751 1403638129.695 1403638164.845
202 752 1403638137.395 1403638164.895
414 754 1403638147.995 1403638164.995
53 757 1403638129.945 1403638165.145
40 757 1403638129.295 1403638165.145
205 759 1403638137.545 1403638165.245
69 765 1403638130.745 1403638165.545
414 765 1403638147.995 1403638165.545
96 770 1403638132.095 1403638165.795
41 776 1403638129.345 1403638166.095
132 786 1403638133.895 1403638166.595
202 798 1403638137.395 1403638167.195
202 807 1403638137.395 1403638167.645
565 815 1403638155.545 1403638168.045
725 820 1403638163.545 1403638168.295
641 823 1403638159.345 1403638168.445
706 825 1403638162.595 1403638168.545
515 825 1403638153.045 1403638168.545
725 828 1403638163.545 1403638168.695
476 828 1403638151.095 1403638168.695
748 830 1403638164.695 1403638168.795
652 833 1403638159.895 1403638168.945
641 835 1403638159.345 1403638169.045
743 836 1403638164.445 1403638169.095
608 837 1403638157.695 1403638169.145
749 838 1403638164.745 1403638169.195
515 838 1403638153.045 1403638169.195
749 839 1403638164.745 1403638169.245
706 839 1403638162.595 1403638169.245
759 874 1403638165.245 1403638170.995
652 874 1403638159.895 1403638170.995
746 894 1403638164.595 1403638171.995
759 894 1403638165.245 1403638171.995
765 935 1403638165.545 1403638174.045
844 935 1403638169.495 1403638174.045
658 943 1403638160.195 1403638174.445
535 952 1403638154.045 1403638174.895
741 952 1403638164.345 1403638174.895
825 952 1403638168.545 1403638174.895
843 961 1403638169.445 1403638175.345
456 961 1403638150.095 1403638175.345
706 973 1403638162.595 1403638175.945
815 981 1403638168.045 1403638176.345
757 981 1403638165.145 1403638176.345
842 981 1403638169.395 1403638176.345
830 994 1403638168.795 1403638176.995
843 994 1403638169.445 1403638176.995
807 1007 1403638167.645 1403638177.645
747 1021 1403638164.645 1403638178.345
823 1033 1403638168.445 1403638178.945
874 1041 1403638170.995 1403638179.345
765 1046 1403638165.545 1403638179.595
61 1050 1403638130.345 1403638179.795
874 1050 1403638170.995 1403638179.795
658 1050 1403638160.195 1403638179.795
61 1056 1403638130.345 1403638180.095
202 1060 1403638137.395 1403638180.295
843 1077 1403638169.445 1403638181.145
752 1077 1403638164.895 1403638181.145
1161 1542 1403638185.345 1403638204.395
1076 1561 1403638181.095 1403638205.345
750 1567 1403638164.795 1403638205.645
725 1568 1403638163.545 1403638205.695
749 1568 1403638164.745 1403638205.695
752 1570 1403638164.895 1403638205.795
754 1571 1403638164.995 1403638205.845
747 1574 1403638164.645 1403638205.995
1041 1577 1403638179.345 1403638206.145
1139 1580 1403638184.245 1403638206.295
1131 1584 1403638183.845 1403638206.495
1041 1591 1403638179.345 1403638206.845
1117 1595 1403638183.145 1403638207.045
1149 1602 1403638184.745 1403638207.395
1077 1608 1403638181.145 1403638207.695
844 1625 1403638169.495 1403638208.545
823 1625 1403638168.445 1403638208.545
820 1712 1403638168.295 1403638212.895
1584 1712 1403638206.495 1403638212.895
1630 1713 1403638208.795 1403638212.945
568 1713 1403638155.695 1403638212.945
825 1713 1403638168.545 1403638212.945
836 1718 1403638169.095 1403638213.195
1638 1718 1403638209.195 1403638213.195
823 1721 1403638168.445 1403638213.345
1542 1722 1403638204.395 1403638213.395
456 1877 1403638150.095 1403638221.145
456 1903 1403638150.095 1403638222.445
61 1931 1403638130.345 1403638223.845
61 1933 1403638130.345 1403638223.945
202 1935 1403638137.395 1403638224.045
202 1936 1403638137.395 1403638224.095
202 1937 1403638137.395 1403638224.145
202 1938 1403638137.395 1403638224.195
