5 41 0.519 4.252
7 42 0.726 4.356
1 43 0.104 4.460
6 44 0.623 4.563
9 45 0.934 4.667
5 46 0.519 4.771
6 48 0.623 4.978
2 49 0.208 5.082
11 50 1.141 5.185
6 51 0.623 5.289
15 53 1.556 5.496
7 55 0.726 5.704
2 57 0.208 5.911
5 57 0.519 5.911
9 58 0.934 6.015
2 59 0.208 6.118
6 59 0.623 6.118
6 60 0.623 6.222
5 62 0.519 6.429
5 63 0.519 6.533
9 64 0.934 6.637
13 66 1.349 6.844
2 68 0.208 7.051
4 70 0.415 7.259
6 72 0.623 7.466
11 73 1.141 7.570
6 74 0.623 7.674
7 75 0.726 7.777
15 75 1.556 7.777
9 76 0.934 7.881
15 77 1.556 7.985
6 77 0.623 7.985
15 79 1.556 8.192
11 79 1.141 8.192
6 80 0.623 8.296
7 81 0.726 8.400
17 82 1.764 8.503
9 83 0.934 8.607
7 84 0.726 8.711
13 85 1.349 8.814
13 86 1.349 8.918
13 87 1.349 9.022
11 88 1.141 9.126
11 89 1.141 9.229
5 90 0.519 9.333
4 91 0.415 9.437
22 92 2.282 9.540
25 94 2.593 9.748
29 94 3.008 9.748
46 94 4.771 9.748
6 96 0.623 9.955
30 98 3.112 10.162
17 99 1.764 10.266
6 100 0.623 10.370
13 101 1.349 10.473
17 102 1.764 10.577
29 103 3.008 10.681
6 103 0.623 10.681
13 104 1.349 10.784
17 105 1.764 10.888
13 106 1.349 10.992
26 108 2.697 11.200
34 108 3.527 11.200
17 109 1.764 11.303
68 110 7.051 11.407
2 111 0.208 11.511
7 112 0.726 11.614
11 112 1.141 11.614
42 112 4.356 11.614
13 113 1.349 11.718
55 113 5.704 11.718
13 114 1.349 11.821
1 114 0.104 11.821
24 115 2.490 11.925
8 116 0.830 12.029
6 117 0.623 12.132
8 118 0.830 12.236
9 119 0.934 12.340
22 120 2.282 12.443
6 120 0.623 12.443
8 121 0.830 12.547
20 122 2.075 12.651
8 122 0.830 12.651
5 123 0.519 12.754
9 123 0.934 12.754
6 124 0.623 12.858
4 125 0.415 12.961
11 126 1.141 13.065
34 126 3.527 13.065
11 127 1.141 13.169
30 128 3.112 13.272
33 129 3.423 13.376
11 129 1.141 13.376
45 131 4.667 13.583
60 131 6.222 13.583
7 131 0.726 13.583
34 131 3.527 13.583
25 132 2.593 13.687
6 132 0.623 13.687
20 133 2.075 13.791
8 134 0.830 13.894
50 134 5.185 13.894
33 134 3.423 13.894
32 134 3.319 13.894
6 134 0.623 13.894
6 135 0.623 13.998
25 135 2.593 13.998
22 136 2.282 14.102
11 136 1.141 14.102
53 136 5.496 14.102
20 137 2.075 14.206
20 138 2.075 14.309
28 138 2.904 14.309
33 139 3.423 14.413
22 140 2.282 14.517
37 141 3.838 14.620
46 141 4.771 14.620
8 142 0.830 14.724
48 142 4.978 14.724
43 143 4.460 14.827
25 143 2.593 14.827
44 144 4.563 14.932
13 145 1.349 15.035
38 145 3.941 15.035
28 146 2.904 15.139
22 146 2.282 15.139
24 147 2.490 15.242
22 148 2.282 15.346
26 149 2.697 15.450
6 150 0.623 15.553
30 150 3.112 15.553
25 151 2.593 15.657
22 152 2.282 15.760
51 152 5.289 15.760
41 153 4.252 15.864
44 153 4.563 15.864
25 154 2.593 15.968
22 154 2.282 15.968
24 155 2.490 16.071
22 155 2.282 16.071
25 156 2.593 16.175
22 156 2.282 16.175
24 157 2.490 16.279
33 157 3.423 16.279
24 158 2.490 16.382
6 159 0.623 16.486
22 159 2.282 16.486
6 160 0.623 16.590
22 161 2.282 16.693
45 163 4.667 16.901
17 163 1.764 16.901
5 163 0.519 16.901
7 164 0.726 17.004
20 165 2.075 17.108
57 166 5.911 17.212
46 167 4.771 17.315
119 167 12.340 17.315
32 167 3.319 17.315
26 168 2.697 17.419
89 173 9.229 17.938
34 174 3.527 18.041
66 175 6.844 18.145
99 176 10.266 18.248
53 176 5.496 18.248
117 177 12.132 18.352
127 185 13.169 19.181
46 185 4.771 19.181
76 186 7.881 19.285
57 186 5.911 19.285
34 187 3.527 19.388
42 187 4.356 19.388
57 188 5.911 19.492
46 189 4.771 19.595
17 189 1.764 19.595
25 190 2.593 19.699
15 190 1.556 19.699
36 190 3.734 19.699
17 191 1.764 19.803
13 192 1.349 19.906
7 193 0.726 20.010
72 194 7.466 20.114
27 194 2.801 20.114
4 194 0.415 20.114
20 194 2.075 20.114
17 195 1.764 20.217
9 196 0.934 20.321
17 197 1.764 20.424
116 198 12.029 20.528
7 198 0.726 20.528
62 199 6.429 20.632
13 200 1.349 20.735
73 200 7.570 20.735
117 201 12.132 20.839
155 202 16.071 20.943
11 206 1.141 21.357
2 206 0.208 21.357
7 207 0.726 21.461
1 208 0.104 21.565
13 209 1.349 21.668
13 211 1.349 21.875
156 215 16.175 22.290
27 218 2.801 22.601
22 218 2.282 22.601
9 219 0.934 22.704
22 219 2.282 22.704
34 220 3.527 22.808
24 220 2.490 22.808
31 220 3.215 22.808
6 220 0.623 22.808
27 221 2.801 22.912
13 223 1.349 23.119
6 223 0.623 23.119
1 223 0.104 23.119
6 224 0.623 23.223
28 226 2.904 23.430
168 249 17.419 25.814
168 266 17.419 27.575
168 267 17.419 27.679
165 268 17.108 27.783
167 269 17.315 27.887
182 271 18.870 28.094
171 271 17.730 28.094
174 272 18.041 28.197
172 273 17.834 28.301
174 274 18.041 28.405
151 300 15.657 31.099
172 300 17.834 31.099
175 302 18.145 31.307
245 326 25.399 33.795
235 326 24.363 33.795
213 326 22.083 33.795
219 326 22.704 33.795
219 327 22.704 33.899
235 337 24.363 34.935
217 337 22.497 34.935
273 338 28.301 35.039
223 339 23.119 35.143
235 339 24.363 35.143
217 344 22.497 35.661
259 345 26.850 35.765
231 346 23.948 35.868
258 347 26.746 35.972
259 347 26.850 35.972
229 348 23.741 36.076
215 348 22.290 36.076
224 350 23.223 36.283
237 350 24.570 36.283
249 351 25.814 36.387
235 352 24.363 36.491
224 352 23.223 36.491
259 352 26.850 36.491
249 353 25.814 36.594
266 355 27.575 36.801
216 355 22.394 36.801
236 355 24.467 36.801
259 356 26.850 36.905
289 356 29.959 36.905
255 357 26.435 37.009
277 357 28.716 37.009
267 357 27.679 37.009
259 358 26.850 37.113
267 360 27.679 37.320
282 360 29.234 37.320
255 360 26.435 37.320
275 361 28.508 37.424
259 361 26.850 37.424
235 361 24.363 37.424
260 362 26.954 37.527
268 362 27.783 37.527
223 363 23.119 37.631
214 363 22.186 37.631
235 363 24.363 37.631
226 364 23.430 37.735
268 364 27.783 37.735
254 365 26.332 37.838
224 366 23.223 37.942
215 366 22.290 37.942
223 367 23.119 38.046
253 367 26.228 38.046
227 367 23.534 38.046
224 368 23.223 38.149
268 368 27.783 38.149
271 369 28.094 38.253
259 369 26.850 38.253
264 370 27.368 38.356
292 370 30.270 38.356
219 372 22.704 38.564
227 373 23.534 38.667
260 373 26.954 38.667
254 374 26.332 38.771
236 374 24.467 38.771
280 375 29.026 38.875
268 375 27.783 38.875
265 376 27.472 38.978
293 377 30.374 39.082
269 378 27.887 39.186
288 378 29.856 39.186
290 379 30.063 39.289
264 384 27.368 39.808
300 385 31.099 39.911
252 386 26.124 40.015
217 386 22.497 40.015
274 386 28.405 40.015
265 386 27.472 40.015
287 388 29.752 40.222
290 389 30.063 40.326
221 390 22.912 40.430
290 391 30.063 40.533
236 393 24.467 40.741
257 393 26.643 40.741
290 393 30.063 40.741
295 394 30.581 40.844
269 395 27.887 40.948
295 395 30.581 40.948
282 396 29.234 41.052
290 396 30.063 41.052
269 397 27.887 41.155
300 398 31.099 41.259
267 398 27.679 41.259
286 399 29.648 41.363
288 400 29.856 41.466
300 401 31.099 41.570
299 401 30.996 41.570
269 429 27.887 44.472
231 429 23.948 44.472
298 429 30.892 44.472
287 432 29.752 44.783
275 432 28.508 44.783
342 433 35.454 44.886
275 433 28.508 44.886
288 434 29.856 44.990
217 439 22.497 45.508
269 440 27.887 45.612
341 441 35.350 45.716
317 442 32.862 45.819
276 442 28.612 45.819
330 442 34.210 45.819
369 443 38.253 45.923
330 444 34.210 46.027
282 444 29.234 46.027
287 445 29.752 46.130
336 445 34.832 46.130
272 445 28.197 46.130
310 447 32.136 46.337
293 447 30.374 46.337
308 448 31.929 46.441
302 448 31.307 46.441
281 449 29.130 46.545
295 449 30.581 46.545
305 449 31.617 46.545
275 450 28.508 46.648
276 450 28.612 46.648
275 451 28.508 46.752
274 451 28.405 46.752
374 452 38.771 46.856
378 453 39.186 46.959
379 454 39.289 47.063
373 455 38.667 47.167
268 455 27.783 47.167
368 456 38.149 47.270
379 456 39.289 47.270
329 457 34.106 47.374
289 458 29.959 47.477
373 459 38.667 47.581
269 459 27.887 47.581
329 460 34.106 47.685
269 460 27.887 47.685
317 461 32.862 47.789
271 462 28.094 47.892
276 462 28.612 47.892
351 463 36.387 47.996
268 463 27.783 47.996
373 464 38.667 48.099
318 465 32.966 48.203
280 465 29.026 48.203
221 465 22.912 48.203
378 466 39.186 48.307
276 467 28.612 48.410
348 467 36.076 48.410
374 467 38.771 48.410
224 468 23.223 48.514
281 468 29.130 48.514
377 468 39.082 48.514
269 468 27.887 48.514
220 469 22.808 48.618
374 470 38.771 48.722
331 470 34.314 48.722
342 470 35.454 48.722
290 471 30.063 48.825
329 471 34.106 48.825
224 471 23.223 48.825
233 471 24.156 48.825
374 472 38.771 48.929
378 472 39.186 48.929
365 473 37.838 49.032
374 474 38.771 49.136
223 474 23.119 49.136
269 475 27.887 49.239
373 475 38.667 49.239
300 475 31.099 49.239
377 476 39.082 49.343
214 477 22.186 49.447
224 477 23.223 49.447
377 477 39.082 49.447
340 477 35.247 49.447
377 478 39.082 49.551
374 479 38.771 49.654
227 480 23.534 49.758
377 481 39.082 49.861
374 482 38.771 49.965
390 482 40.430 49.965
291 482 30.166 49.965
374 483 38.771 50.069
377 484 39.082 50.172
219 485 22.704 50.276
365 485 37.838 50.276
346 485 35.868 50.276
233 485 24.156 50.276
374 485 38.771 50.276
385 486 39.911 50.379
374 486 38.771 50.379
384 486 39.808 50.379
348 487 36.076 50.483
342 487 35.454 50.483
377 488 39.082 50.587
374 488 38.771 50.587
374 489 38.771 50.690
374 491 38.771 50.898
374 492 38.771 51.001
374 493 38.771 51.105
397 493 41.155 51.105
272 494 28.197 51.209
374 494 38.771 51.209
346 494 35.868 51.209
219 494 22.704 51.209
421 495 43.643 51.312
404 496 41.881 51.416
421 496 43.643 51.416
423 496 43.850 51.416
283 496 29.337 51.416
372 496 38.564 51.416
307 497 31.825 51.520
295 498 30.581 51.623
309 499 32.032 51.727
381 499 39.496 51.727
269 499 27.887 51.727
398 499 41.259 51.727
428 500 44.368 51.831
390 500 40.430 51.831
404 501 41.881 51.934
380 501 39.393 51.934
367 501 38.046 51.934
373 501 38.667 51.934
394 502 40.844 52.038
421 502 43.643 52.038
412 502 42.710 52.038
375 503 38.875 52.142
407 503 42.192 52.142
375 504 38.875 52.245
375 505 38.875 52.349
383 505 39.704 52.349
405 505 41.985 52.349
312 506 32.343 52.453
350 506 36.283 52.453
385 506 39.911 52.453
375 507 38.875 52.557
377 508 39.082 52.660
423 508 43.850 52.660
382 509 39.600 52.764
375 510 38.875 52.868
374 511 38.771 52.971
384 511 39.808 52.971
382 512 39.600 53.075
375 513 38.875 53.178
379 514 39.289 53.282
307 515 31.825 53.386
368 515 38.149 53.386
268 515 27.783 53.386
377 515 39.082 53.386
432 515 44.783 53.386
322 516 33.380 53.489
329 516 34.106 53.489
342 516 35.454 53.489
405 516 41.985 53.489
388 516 40.222 53.489
412 516 42.710 53.489
351 517 36.387 53.593
293 517 30.374 53.593
405 518 41.985 53.697
410 518 42.503 53.697
423 518 43.850 53.697
317 518 32.862 53.697
375 518 38.875 53.697
314 518 32.551 53.697
386 518 40.015 53.697
347 518 35.972 53.697
289 518 29.959 53.697
302 518 31.307 53.697
386 519 40.015 53.800
440 519 45.612 53.800
348 519 36.076 53.800
407 520 42.192 53.904
302 520 31.307 53.904
378 520 39.186 53.904
412 520 42.710 53.904
328 520 34.002 53.904
375 521 38.875 54.008
293 521 30.374 54.008
302 521 31.307 54.008
321 521 33.276 54.008
347 521 35.972 54.008
373 521 38.667 54.008
421 521 43.643 54.008
292 521 30.270 54.008
382 522 39.600 54.111
328 523 34.002 54.215
329 523 34.106 54.215
351 523 36.387 54.215
374 523 38.771 54.215
345 524 35.765 54.319
374 524 38.771 54.319
332 525 34.417 54.422
291 525 30.166 54.422
275 525 28.508 54.422
319 526 33.071 54.526
376 526 38.978 54.526
321 528 33.276 54.733
382 528 39.600 54.733
331 529 34.314 54.837
426 529 44.161 54.837
310 530 32.136 54.941
310 531 32.136 55.044
310 532 32.136 55.148
269 532 27.887 55.148
302 532 31.307 55.148
273 533 28.301 55.252
278 533 28.819 55.252
315 534 32.654 55.355
318 535 32.966 55.459
269 536 27.887 55.563
293 536 30.374 55.563
288 537 29.856 55.666
263 538 27.265 55.770
269 538 27.887 55.770
276 538 28.612 55.770
318 538 32.966 55.770
317 538 32.862 55.770
410 539 42.503 55.874
399 539 41.363 55.874
314 539 32.551 55.874
309 540 32.032 55.977
319 540 33.071 55.977
348 541 36.076 56.081
280 541 29.026 56.081
374 541 38.771 56.081
398 541 41.259 56.081
421 541 43.643 56.081
332 542 34.417 56.184
375 542 38.875 56.184
385 542 39.911 56.184
405 543 41.985 56.288
271 543 28.094 56.288
307 544 31.825 56.392
328 544 34.002 56.392
334 544 34.624 56.392
339 544 35.143 56.392
375 544 38.875 56.392
293 544 30.374 56.392
268 545 27.783 56.495
280 545 29.026 56.495
272 545 28.197 56.495
331 546 34.314 56.599
268 546 27.783 56.599
309 546 32.032 56.599
319 546 33.071 56.599
345 548 35.765 56.806
373 548 38.667 56.806
308 549 31.929 56.910
412 549 42.710 56.910
282 549 29.234 56.910
315 549 32.654 56.910
375 549 38.875 56.910
377 549 39.082 56.910
424 549 43.954 56.910
249 550 25.814 57.013
366 551 37.942 57.117
375 551 38.875 57.117
432 552 44.783 57.221
457 552 47.374 57.221
322 553 33.380 57.324
423 554 43.850 57.428
375 554 38.875 57.428
403 554 41.777 57.428
360 554 37.320 57.428
369 554 38.253 57.428
288 554 29.856 57.428
406 555 42.088 57.531
404 555 41.881 57.531
346 556 35.868 57.635
374 557 38.771 57.739
342 557 35.454 57.739
365 557 37.838 57.739
400 557 41.466 57.739
380 557 39.393 57.739
416 557 43.125 57.739
409 557 42.399 57.739
437 558 45.301 57.842
399 559 41.363 57.946
395 559 40.948 57.946
397 559 41.155 57.946
428 560 44.368 58.050
440 560 45.612 58.050
375 560 38.875 58.050
439 561 45.508 58.153
330 561 34.210 58.153
350 561 36.283 58.153
436 561 45.197 58.153
380 561 39.393 58.153
447 561 46.337 58.153
424 561 43.954 58.153
399 561 41.363 58.153
449 563 46.545 58.360
375 563 38.875 58.360
398 563 41.259 58.360
397 563 41.155 58.360
388 563 40.222 58.360
414 564 42.917 58.464
365 564 37.838 58.464
437 565 45.301 58.568
424 565 43.954 58.568
455 566 47.167 58.671
433 566 44.886 58.671
319 567 33.071 58.775
424 569 43.954 58.982
435 569 45.094 58.982
440 569 45.612 58.982
437 570 45.301 59.086
438 571 45.405 59.190
312 571 32.343 59.190
450 571 46.648 59.190
443 572 45.923 59.294
376 572 38.978 59.294
380 572 39.393 59.294
438 574 45.405 59.501
436 575 45.197 59.605
414 575 42.917 59.605
373 576 38.667 59.708
456 576 47.270 59.708
381 576 39.496 59.708
472 577 48.929 59.812
458 577 47.477 59.812
433 578 44.886 59.916
407 578 42.192 59.916
415 578 43.021 59.916
456 578 47.270 59.916
436 580 45.197 60.123
375 580 38.875 60.123
439 580 45.508 60.123
492 581 51.001 60.227
473 581 49.032 60.227
374 582 38.771 60.330
502 582 52.038 60.330
489 582 50.690 60.330
382 583 39.600 60.434
436 585 45.197 60.641
231 586 23.948 60.745
373 590 38.667 61.160
484 591 50.172 61.263
477 591 49.447 61.263
493 591 51.105 61.263
482 592 49.965 61.367
480 592 49.758 61.367
355 594 36.801 61.574
476 594 49.343 61.574
351 594 36.387 61.574
433 595 44.886 61.678
386 595 40.015 61.678
319 596 33.071 61.784
416 596 43.125 61.784
494 596 51.209 61.784
477 596 49.447 61.784
482 596 49.965 61.784
426 596 44.161 61.784
404 597 41.881 61.885
385 597 39.911 61.885
309 598 32.032 61.989
375 598 38.875 61.989
298 598 30.892 61.989
320 598 33.173 61.989
312 599 32.343 62.092
487 599 50.483 62.092
439 600 45.508 62.197
356 600 36.905 62.197
390 600 40.430 62.197
426 600 44.161 62.197
497 602 51.520 62.403
442 602 45.819 62.403
462 603 47.892 62.507
470 603 48.722 62.507
424 603 43.954 62.507
485 604 50.276 62.611
268 604 27.783 62.611
320 604 33.173 62.611
269 605 27.887 62.714
312 605 32.343 62.714
487 605 50.483 62.714
423 605 43.850 62.714
455 606 47.167 62.818
406 606 42.088 62.818
447 606 46.337 62.818
435 607 45.094 62.922
374 608 38.771 63.025
305 609 31.617 63.129
320 609 33.173 63.129
437 609 45.301 63.129
419 609 43.436 63.129
388 611 40.222 63.336
259 611 26.850 63.336
379 611 39.289 63.336
455 612 47.167 63.439
374 612 38.771 63.439
385 612 39.911 63.439
382 612 39.600 63.439
310 613 32.136 63.543
447 613 46.337 63.543
396 614 41.052 63.647
277 615 28.716 63.750
269 615 27.887 63.750
305 615 31.617 63.750
291 615 30.166 63.750
294 615 30.477 63.750
383 615 39.704 63.750
385 615 39.911 63.750
373 615 38.667 63.750
223 615 23.119 63.750
287 616 29.752 63.854
374 616 38.771 63.854
435 617 45.094 63.957
460 617 47.685 63.957
471 617 48.825 63.957
299 618 30.996 64.061
342 618 35.454 64.061
307 618 31.825 64.061
269 618 27.887 64.061
317 618 32.862 64.061
333 618 34.521 64.061
493 618 51.105 64.061
322 618 33.380 64.061
455 619 47.167 64.164
277 619 28.716 64.164
418 621 43.332 64.372
347 621 35.972 64.372
286 622 29.648 64.475
365 622 37.838 64.475
382 622 39.600 64.475
290 622 30.063 64.475
356 622 36.905 64.475
440 623 45.612 64.579
421 623 43.643 64.579
342 623 35.454 64.579
508 624 52.660 64.683
450 624 46.648 64.683
416 625 43.125 64.786
292 626 30.270 64.890
307 626 31.825 64.890
373 628 38.667 65.097
321 628 33.276 65.097
383 628 39.704 65.097
328 628 34.002 65.097
376 628 38.978 65.097
485 628 50.276 65.097
305 629 31.617 65.200
503 629 52.142 65.200
438 629 45.405 65.200
345 630 35.765 65.304
291 630 30.166 65.304
276 630 28.612 65.304
336 630 34.832 65.304
297 631 30.788 65.408
325 631 33.691 65.408
438 631 45.405 65.408
436 633 45.197 65.615
318 633 32.966 65.615
281 633 29.130 65.615
418 633 43.332 65.615
289 633 29.959 65.615
347 634 35.972 65.719
231 634 23.948 65.719
514 634 53.282 65.719
533 634 55.252 65.719
253 634 26.228 65.719
516 634 53.489 65.719
500 634 51.831 65.719
372 635 38.564 65.822
310 636 32.136 65.926
255 637 26.435 66.030
244 641 25.296 66.445
294 641 30.477 66.445
374 642 38.771 66.548
434 643 44.990 66.652
423 643 43.850 66.652
408 644 42.296 66.755
504 645 52.245 66.859
299 645 30.996 66.859
313 646 32.447 66.963
312 647 32.343 67.066
290 648 30.063 67.170
482 648 49.965 67.170
243 648 25.192 67.170
373 649 38.667 67.274
307 650 31.825 67.377
315 650 32.654 67.377
374 654 38.771 67.792
290 655 30.063 67.895
312 655 32.343 67.895
268 655 27.783 67.895
438 656 45.405 67.999
374 656 38.771 67.999
291 656 30.166 67.999
268 656 27.783 67.999
373 661 38.667 68.517
463 661 47.996 68.517
464 661 48.099 68.517
355 661 36.801 68.517
312 661 32.343 68.517
315 662 32.654 68.620
263 663 27.265 68.724
304 663 31.514 68.724
502 663 52.038 68.724
274 663 28.405 68.724
504 663 52.245 68.724
294 663 30.477 68.724
294 664 30.477 68.827
405 665 41.985 68.931
396 665 41.052 68.931
261 665 27.057 68.931
253 665 26.228 68.931
494 665 51.209 68.931
325 666 33.691 69.034
373 666 38.667 69.034
386 666 40.015 69.034
261 666 27.057 69.034
320 666 33.173 69.034
369 666 38.253 69.034
501 667 51.934 69.138
510 667 52.868 69.138
289 667 29.959 69.138
310 667 32.136 69.138
374 668 38.771 69.242
247 669 25.606 69.345
426 669 44.161 69.345
348 669 36.076 69.345
488 669 50.587 69.345
364 671 37.735 69.553
304 671 31.514 69.553
382 673 39.600 69.760
436 674 45.197 69.863
304 674 31.514 69.863
293 674 30.374 69.863
375 675 38.875 69.967
374 675 38.771 69.967
307 676 31.825 70.070
268 677 27.783 70.174
269 677 27.887 70.174
285 677 29.545 70.174
305 678 31.617 70.278
375 678 38.875 70.278
309 678 32.032 70.278
335 678 34.728 70.278
397 678 41.155 70.278
618 682 64.061 70.692
615 683 63.750 70.796
615 684 63.750 70.900
436 685 45.197 71.003
442 685 45.819 71.003
427 685 44.265 71.003
317 686 32.862 71.107
615 686 63.750 71.107
315 687 32.654 71.211
373 687 38.667 71.211
290 688 30.063 71.314
315 688 32.654 71.314
304 689 31.514 71.418
292 689 30.270 71.418
302 689 31.307 71.418
419 690 43.436 71.522
335 690 34.728 71.522
377 691 39.082 71.625
437 691 45.301 71.625
414 692 42.917 71.729
325 693 33.691 71.833
276 693 28.612 71.833
506 694 52.453 71.937
608 695 63.025 72.040
615 695 63.750 72.040
634 700 65.719 72.559
636 701 65.926 72.662
535 701 55.459 72.662
607 701 62.922 72.662
633 702 65.615 72.766
614 703 63.647 72.870
618 703 64.061 72.870
609 704 63.129 72.973
625 705 64.786 73.077
618 705 64.061 73.077
523 706 54.215 73.181
506 706 52.453 73.181
607 706 62.922 73.181
310 707 32.136 73.284
343 707 35.557 73.284
288 708 29.856 73.388
331 709 34.314 73.492
321 709 33.276 73.492
282 709 29.234 73.492
374 710 38.771 73.595
381 710 39.496 73.595
314 715 32.551 74.114
329 715 34.106 74.114
305 716 31.617 74.217
328 716 34.002 74.217
331 716 34.314 74.217
336 716 34.832 74.217
292 716 30.270 74.217
344 717 35.661 74.321
351 717 36.387 74.321
305 718 31.617 74.425
287 718 29.752 74.425
330 718 34.210 74.425
298 718 30.892 74.425
300 719 31.099 74.528
379 719 39.289 74.528
291 721 30.166 74.736
290 722 30.063 74.839
361 723 37.424 74.943
369 723 38.253 74.943
366 723 37.942 74.943
326 724 33.795 75.047
291 724 30.166 75.047
310 726 32.136 75.254
346 727 35.868 75.358
290 727 30.063 75.358
288 728 29.856 75.461
338 738 35.039 76.498
227 738 23.534 76.498
376 738 38.978 76.498
330 738 34.210 76.498
427 738 44.265 76.498
259 738 26.850 76.498
414 738 42.917 76.498
300 738 31.099 76.498
309 738 32.032 76.498
317 738 32.862 76.498
410 739 42.503 76.601
403 739 41.777 76.601
374 739 38.771 76.601
305 740 31.617 76.705
374 740 38.771 76.705
266 741 27.575 76.808
288 741 29.856 76.808
324 741 33.588 76.808
294 741 30.477 76.808
305 742 31.617 76.912
287 742 29.752 76.912
292 743 30.270 77.016
263 744 27.265 77.119
388 744 40.222 77.119
370 745 38.356 77.223
401 745 41.570 77.223
374 745 38.771 77.223
305 746 31.617 77.326
327 746 33.899 77.326
337 746 34.935 77.326
373 746 38.667 77.326
379 746 39.289 77.326
409 746 42.399 77.326
347 747 35.972 77.430
423 747 43.850 77.430
298 747 30.892 77.430
376 753 38.978 78.052
363 753 37.631 78.052
416 753 43.125 78.052
290 754 30.063 78.155
275 754 28.508 78.155
268 754 27.783 78.155
289 754 29.959 78.155
309 755 32.032 78.259
322 755 33.380 78.259
367 755 38.046 78.259
395 755 40.948 78.259
287 755 29.752 78.259
633 766 65.615 79.399
624 767 64.683 79.503
607 775 62.922 80.332
655 776 67.895 80.436
625 776 64.786 80.436
680 777 70.485 80.539
649 777 67.274 80.539
678 778 70.278 80.643
615 780 63.750 80.850
683 780 70.796 80.850
678 781 70.278 80.954
628 782 65.097 81.058
678 782 70.278 81.058
648 782 67.170 81.058
679 782 70.381 81.058
681 783 70.589 81.161
677 784 70.174 81.265
684 784 70.900 81.265
678 785 70.278 81.369
683 787 70.796 81.576
678 788 70.278 81.680
683 788 70.796 81.680
693 788 71.833 81.680
691 789 71.625 81.783
684 789 70.900 81.783
685 790 71.003 81.887
680 792 70.485 82.094
683 793 70.796 82.198
227 797 23.534 82.612
385 798 39.911 82.716
310 798 32.136 82.716
397 798 41.155 82.716
374 799 38.771 82.820
307 800 31.825 82.923
337 800 34.935 82.923
377 800 39.082 82.923
334 801 34.624 83.027
383 801 39.704 83.027
235 801 24.363 83.027
386 802 40.015 83.130
388 802 40.222 83.130
341 803 35.350 83.234
377 803 39.082 83.234
375 803 38.875 83.234
388 804 40.222 83.338
395 804 40.948 83.338
377 805 39.082 83.442
382 805 39.600 83.442
393 805 40.741 83.442
229 806 23.741 83.545
318 806 32.966 83.545
330 806 34.210 83.545
375 806 38.875 83.545
310 807 32.136 83.649
375 807 38.875 83.649
310 808 32.136 83.753
487 809 50.483 83.856
373 809 38.667 83.856
309 809 32.032 83.856
377 809 39.082 83.856
312 810 32.343 83.960
412 810 42.710 83.960
310 811 32.136 84.064
242 812 25.088 84.167
318 813 32.966 84.271
307 813 31.825 84.271
678 814 70.278 84.375
676 814 70.070 84.375
683 814 70.796 84.375
678 819 70.278 84.893
701 819 72.662 84.893
661 820 68.517 84.997
656 820 67.999 84.997
664 820 68.827 84.997
685 820 71.003 84.997
674 820 69.863 84.997
383 822 39.704 85.204
397 822 41.155 85.204
332 823 34.417 85.308
397 824 41.155 85.411
288 825 29.856 85.515
298 825 30.892 85.515
287 827 29.752 85.723
625 832 64.786 86.241
633 839 65.615 86.967
625 839 64.786 86.967
700 840 72.559 87.071
652 840 67.584 87.071
678 840 70.278 87.071
753 840 78.052 87.071
675 841 69.967 87.174
685 844 71.003 87.485
727 844 75.358 87.485
626 844 64.890 87.485
747 845 77.430 87.589
678 845 70.278 87.589
742 846 76.912 87.693
684 846 70.900 87.693
684 847 70.900 87.796
751 848 77.844 87.900
656 849 67.999 88.004
685 849 71.003 88.004
743 850 77.016 88.107
662 850 68.620 88.107
753 850 78.052 88.107
684 850 70.900 88.107
747 851 77.430 88.212
699 852 72.455 88.315
743 853 77.016 88.419
669 853 69.345 88.419
634 853 65.719 88.419
685 858 71.003 88.937
743 858 77.016 88.937
684 859 70.900 89.041
649 859 67.274 89.041
743 860 77.016 89.145
785 860 81.369 89.145
615 860 63.750 89.145
745 861 77.223 89.248
785 862 81.369 89.352
753 863 78.052 89.456
680 864 70.485 89.559
651 865 67.481 89.663
756 865 78.363 89.663
775 866 80.332 89.767
743 867 77.016 89.870
685 867 71.003 89.870
785 867 81.369 89.870
692 869 71.729 90.078
680 869 70.485 90.078
696 869 72.144 90.078
688 870 71.314 90.181
762 870 78.985 90.181
693 870 71.833 90.181
680 871 70.485 90.285
667 871 69.138 90.285
742 871 76.912 90.285
769 871 79.710 90.285
699 871 72.455 90.285
757 872 78.466 90.389
747 872 77.430 90.389
762 873 78.985 90.492
758 885 78.570 91.737
259 886 26.850 91.841
678 886 70.278 91.841
539 886 55.874 91.841
335 886 34.728 91.841
753 886 78.052 91.841
773 887 80.125 91.944
638 888 66.133 92.048
747 890 77.430 92.256
763 890 79.088 92.256
732 896 75.876 92.878
751 897 77.844 92.982
753 898 78.052 93.085
390 902 40.430 93.500
489 903 50.690 93.604
275 903 28.508 93.604
608 904 63.025 93.708
374 914 38.771 94.745
483 915 50.069 94.848
333 915 34.521 94.848
432 916 44.783 94.952
333 916 34.521 94.952
381 916 39.496 94.952
423 916 43.850 94.952
377 916 39.082 94.952
396 924 41.052 95.782
505 925 52.349 95.885
417 925 43.228 95.885
276 926 28.612 95.989
265 926 27.472 95.989
317 926 32.862 95.989
286 926 29.648 95.989
367 927 38.046 96.093
506 930 52.453 96.403
312 930 32.343 96.403
357 930 37.009 96.403
385 931 39.911 96.507
766 931 79.399 96.507
377 931 39.082 96.507
530 932 54.941 96.611
383 932 39.704 96.611
542 932 56.184 96.611
714 933 74.010 96.715
724 933 75.047 96.715
742 933 76.912 96.715
255 937 26.435 97.129
513 937 53.178 97.129
384 937 39.808 97.129
317 938 32.862 97.233
384 938 39.808 97.233
510 938 52.868 97.233
544 938 56.392 97.233
399 938 41.363 97.233
356 938 36.905 97.233
546 938 56.599 97.233
334 938 34.624 97.233
629 938 65.200 97.233
501 939 51.934 97.337
367 940 38.046 97.440
374 940 38.771 97.440
536 941 55.563 97.544
525 941 54.422 97.544
654 944 67.792 97.855
678 945 70.278 97.959
529 946 54.837 98.063
405 947 41.985 98.167
655 952 67.895 98.685
513 956 53.178 99.100
533 957 55.252 99.203
492 957 51.001 99.203
483 957 50.069 99.203
372 957 38.564 99.203
539 957 55.874 99.203
655 959 67.895 99.410
729 959 75.565 99.410
513 959 53.178 99.410
245 961 25.399 99.618
288 961 29.856 99.618
237 962 24.570 99.721
297 962 30.788 99.721
283 962 29.337 99.721
317 964 32.862 99.929
373 965 38.667 100.032
221 965 22.912 100.032
235 965 24.363 100.032
319 965 33.071 100.032
381 965 39.496 100.032
376 965 38.978 100.032
372 966 38.564 100.136
378 966 39.186 100.136
435 966 45.094 100.136
501 966 51.934 100.136
362 967 37.527 100.240
303 969 31.410 100.447
377 970 39.082 100.551
240 970 24.881 100.551
367 970 38.046 100.551
372 971 38.564 100.654
318 972 32.966 100.758
372 972 38.564 100.758
285 973 29.545 100.862
288 974 29.856 100.965
376 974 38.978 100.965
417 974 43.228 100.965
276 975 28.612 101.069
266 975 27.575 101.069
379 975 39.289 101.069
288 975 29.856 101.069
415 975 43.021 101.069
274 976 28.405 101.172
315 976 32.654 101.172
374 976 38.771 101.172
331 976 34.314 101.172
295 977 30.581 101.276
378 977 39.186 101.276
313 977 32.447 101.276
382 978 39.600 101.380
310 978 32.136 101.380
416 978 43.125 101.380
244 979 25.296 101.483
253 980 26.228 101.587
382 981 39.600 101.691
368 982 38.149 101.794
312 982 32.343 101.794
337 983 34.935 101.898
487 983 50.483 101.898
374 984 38.771 102.002
363 984 37.631 102.002
418 984 43.332 102.002
379 985 39.289 102.105
383 985 39.704 102.105
319 986 33.071 102.209
375 986 38.875 102.209
252 987 26.124 102.313
272 987 28.197 102.313
257 987 26.643 102.313
303 987 31.410 102.313
262 987 27.161 102.313
382 988 39.600 102.416
376 989 38.978 102.520
374 990 38.771 102.624
377 990 39.082 102.624
382 991 39.600 102.727
378 992 39.186 102.831
375 992 38.875 102.831
436 993 45.197 102.935
276 993 28.612 102.935
375 994 38.875 103.038
305 995 31.617 103.142
385 995 39.911 103.142
378 995 39.186 103.142
356 995 36.905 103.142
355 996 36.801 103.246
315 996 32.654 103.246
275 997 28.508 103.349
379 998 39.289 103.453
259 999 26.850 103.557
305 999 31.617 103.557
406 999 42.088 103.557
307 1000 31.825 103.660
323 1001 33.484 103.764
319 1001 33.071 103.764
363 1002 37.631 103.868
356 1003 36.905 103.971
369 1003 38.253 103.971
319 1003 33.071 103.971
353 1004 36.594 104.075
389 1004 40.326 104.075
421 1004 43.643 104.075
383 1004 39.704 104.075
327 1005 33.899 104.179
322 1005 33.380 104.179
382 1006 39.600 104.282
339 1006 35.143 104.282
213 1007 22.083 104.386
305 1007 31.617 104.386
353 1007 36.594 104.386
378 1008 39.186 104.490
341 1008 35.350 104.490
269 1013 27.887 105.008
324 1013 33.588 105.008
437 1013 45.301 105.008
400 1013 41.466 105.008
388 1013 40.222 105.008
397 1014 41.155 105.112
379 1015 39.289 105.216
343 1016 35.557 105.319
352 1016 36.491 105.319
374 1016 38.771 105.319
339 1017 35.143 105.423
340 1017 35.247 105.423
339 1018 35.143 105.527
322 1018 33.380 105.527
381 1019 39.496 105.631
361 1020 37.424 105.734
402 1020 41.674 105.734
356 1021 36.905 105.838
410 1023 42.503 106.046
395 1023 40.948 106.046
378 1025 39.186 106.253
408 1026 42.296 106.357
375 1027 38.875 106.461
487 1028 50.483 106.564
482 1028 49.965 106.564
374 1029 38.771 106.668
380 1029 39.393 106.668
333 1029 34.521 106.668
488 1030 50.587 106.772
423 1031 43.850 106.876
407 1031 42.192 106.876
325 1031 33.691 106.876
416 1032 43.125 106.979
377 1032 39.082 106.979
372 1032 38.564 106.979
385 1032 39.911 106.979
484 1033 50.172 107.083
489 1033 50.690 107.083
367 1033 38.046 107.083
377 1034 39.082 107.187
418 1034 43.332 107.187
393 1034 40.741 107.187
221 1035 22.912 107.290
363 1035 37.631 107.290
426 1035 44.161 107.290
369 1035 38.253 107.290
209 1037 21.668 107.498
374 1037 38.771 107.498
220 1037 22.808 107.498
229 1037 23.741 107.498
361 1038 37.424 107.602
378 1038 39.186 107.602
375 1038 38.875 107.602
226 1039 23.430 107.705
361 1039 37.424 107.705
365 1040 37.838 107.809
375 1041 38.875 107.913
375 1042 38.875 108.016
373 1044 38.667 108.224
393 1044 40.741 108.224
375 1045 38.875 108.328
377 1045 39.082 108.328
380 1045 39.393 108.328
390 1046 40.430 108.431
365 1046 37.838 108.431
373 1046 38.667 108.431
377 1046 39.082 108.431
487 1047 50.483 108.535
224 1047 23.223 108.535
487 1048 50.483 108.639
398 1049 41.259 108.743
436 1049 45.197 108.743
385 1049 39.911 108.743
428 1049 44.368 108.743
407 1049 42.192 108.743
418 1049 43.332 108.743
388 1050 40.222 108.846
375 1050 38.875 108.846
229 1051 23.741 108.950
381 1051 39.496 108.950
330 1051 34.210 108.950
397 1051 41.155 108.950
475 1051 49.239 108.950
216 1052 22.394 109.053
399 1052 41.363 109.053
382 1053 39.600 109.157
390 1054 40.430 109.260
219 1054 22.704 109.260
429 1054 44.472 109.260
374 1054 38.771 109.260
244 1055 25.296 109.364
379 1056 39.289 109.468
800 1060 82.923 109.883
510 1063 52.868 110.194
609 1063 63.129 110.194
493 1063 51.105 110.194
590 1063 61.160 110.194
411 1064 42.607 110.298
457 1064 47.374 110.298
412 1065 42.710 110.401
6 1065 0.623 110.401
494 1065 51.209 110.401
755 1072 78.259 111.127
677 1072 70.174 111.127
683 1072 70.796 111.127
644 1072 66.755 111.127
753 1072 78.052 111.127
625 1073 64.786 111.231
741 1073 76.808 111.231
676 1073 70.070 111.231
636 1073 65.926 111.231
687 1073 71.211 111.231
734 1073 76.083 111.231
745 1074 77.223 111.335
757 1075 78.466 111.438
653 1075 67.688 111.438
658 1075 68.206 111.438
753 1076 78.052 111.542
771 1076 79.917 111.542
758 1076 78.570 111.542
743 1077 77.016 111.646
674 1077 69.863 111.646
617 1077 63.957 111.646
690 1077 71.522 111.646
782 1077 81.058 111.646
743 1078 77.016 111.749
638 1078 66.133 111.749
624 1078 64.683 111.749
679 1079 70.381 111.853
682 1079 70.692 111.853
678 1080 70.278 111.957
742 1080 76.912 111.957
743 1080 77.016 111.957
753 1080 78.052 111.957
784 1081 81.265 112.060
742 1081 76.912 112.060
772 1082 80.021 112.164
691 1082 71.625 112.164
784 1082 81.265 112.164
678 1083 70.278 112.268
687 1083 71.211 112.268
688 1084 71.314 112.371
792 1084 82.094 112.371
804 1084 83.338 112.371
811 1084 84.064 112.371
815 1084 84.478 112.371
819 1084 84.893 112.371
741 1085 76.808 112.475
679 1086 70.381 112.578
755 1086 78.259 112.578
637 1086 66.030 112.578
742 1087 76.912 112.682
757 1087 78.466 112.682
623 1087 64.579 112.682
633 1087 65.615 112.682
685 1088 71.003 112.786
687 1088 71.211 112.786
745 1088 77.223 112.786
741 1089 76.808 112.890
769 1089 79.710 112.890
772 1089 80.021 112.890
753 1089 78.052 112.890
685 1090 71.003 112.992
743 1090 77.016 112.992
681 1090 70.589 112.992
