127 651 1413393892.356 1413393918.556
299 885 1413393900.956 1413393930.256
339 893 1413393902.956 1413393930.656
318 900 1413393901.906 1413393931.006
229 900 1413393897.456 1413393931.006
240 905 1413393898.006 1413393931.256
296 905 1413393900.806 1413393931.256
339 908 1413393902.956 1413393931.406
598 1158 1413393915.906 1413393943.906
624 1170 1413393917.206 1413393944.506
631 1187 1413393917.556 1413393945.356
642 1212 1413393918.106 1413393946.606
651 1224 1413393918.556 1413393947.206
651 1231 1413393918.556 1413393947.556
658 1244 1413393918.906 1413393948.206
697 1290 1413393920.856 1413393950.506
697 1310 1413393920.856 1413393951.506
