123 400 1413393892.156 1413393906.006
260 419 1413393899.006 1413393906.956
132 500 1413393892.606 1413393911.006
303 510 1413393901.156 1413393911.506
132 523 1413393892.606 1413393912.156
127 531 1413393892.356 1413393912.556
266 531 1413393899.306 1413393912.556
260 548 1413393899.006 1413393913.406
160 548 1413393894.006 1413393913.406
303 560 1413393901.156 1413393914.006
199 560 1413393895.956 1413393914.006
303 565 1413393901.156 1413393914.256
291 568 1413393900.556 1413393914.406
281 572 1413393900.056 1413393914.606
288 578 1413393900.406 1413393914.906
296 578 1413393900.806 1413393914.906
260 584 1413393899.006 1413393915.206
185 584 1413393895.256 1413393915.206
301 591 1413393901.056 1413393915.556
281 598 1413393900.056 1413393915.906
419 614 1413393906.956 1413393916.706
127 651 1413393892.356 1413393918.556
127 658 1413393892.356 1413393918.906
296 662 1413393900.806 1413393919.106
185 662 1413393895.256 1413393919.106
214 667 1413393896.706 1413393919.356
378 675 1413393904.906 1413393919.756
229 688 1413393897.456 1413393920.406
132 688 1413393892.606 1413393920.406
301 697 1413393901.056 1413393920.856
229 697 1413393897.456 1413393920.856
305 764 1413393901.256 1413393924.206
302 787 1413393901.106 1413393925.356
292 827 1413393900.606 1413393927.356
291 827 1413393900.556 1413393927.356
358 827 1413393903.906 1413393927.356
123 837 1413393892.156 1413393927.856
123 848 1413393892.156 1413393928.406
358 848 1413393903.906 1413393928.406
292 854 1413393900.606 1413393928.706
127 859 1413393892.356 1413393928.956
388 860 1413393905.406 1413393929.006
270 862 1413393899.506 1413393929.106
358 867 1413393903.906 1413393929.356
240 867 1413393898.006 1413393929.356
301 875 1413393901.056 1413393929.756
358 875 1413393903.906 1413393929.756
270 885 1413393899.506 1413393930.256
299 885 1413393900.956 1413393930.256
339 893 1413393902.956 1413393930.656
318 900 1413393901.906 1413393931.006
229 900 1413393897.456 1413393931.006
240 905 1413393898.006 1413393931.256
296 905 1413393900.806 1413393931.256
339 908 1413393902.956 1413393931.406
598 1158 1413393915.906 1413393943.906
624 1170 1413393917.206 1413393944.506
624 1185 1413393917.206 1413393945.256
631 1187 1413393917.556 1413393945.356
642 1212 1413393918.106 1413393946.606
651 1224 1413393918.556 1413393947.206
651 1231 1413393918.556 1413393947.556
658 1234 1413393918.906 1413393947.706
658 1238 1413393918.906 1413393947.906
658 1244 1413393918.906 1413393948.206
675 1272 1413393919.756 1413393949.606
675 1284 1413393919.756 1413393950.206
697 1290 1413393920.856 1413393950.506
728 1297 1413393922.406 1413393950.856
697 1310 1413393920.856 1413393951.506
296 1545 1413393900.806 1413393963.256
885 1551 1413393930.256 1413393963.556
299 1551 1413393900.956 1413393963.556
662 1567 1413393919.106 1413393964.356
662 1571 1413393919.106 1413393964.556
123 1734 1413393892.156 1413393972.706
199 1767 1413393895.956 1413393974.356
166 1777 1413393894.306 1413393974.856
1185 1777 1413393945.256 1413393974.856
1545 1781 1413393963.256 1413393975.056
1068 1781 1413393939.406 1413393975.056
114 1781 1413393891.706 1413393975.056
1212 1786 1413393946.606 1413393975.306
1212 1793 1413393946.606 1413393975.656
1224 1798 1413393947.206 1413393975.906
185 1798 1413393895.256 1413393975.906
132 1798 1413393892.606 1413393975.906
127 1804 1413393892.356 1413393976.206
160 1809 1413393894.006 1413393976.456
114 1809 1413393891.706 1413393976.456
1170 1843 1413393944.506 1413393978.156
132 1855 1413393892.606 1413393978.756
127 1863 1413393892.356 1413393979.156
339 1868 1413393902.956 1413393979.406
155 1873 1413393893.756 1413393979.656
1563 1873 1413393964.156 1413393979.656
1212 1876 1413393946.606 1413393979.806
160 1878 1413393894.006 1413393979.906
281 1878 1413393900.056 1413393979.906
1234 1878 1413393947.706 1413393979.906
905 1895 1413393931.256 1413393980.756
138 1897 1413393892.906 1413393980.856
1068 1900 1413393939.406 1413393981.006
1881 1975 1413393980.056 1413393984.756
1883 1979 1413393980.156 1413393984.956
667 1985 1413393919.356 1413393985.256
1441 2053 1413393958.056 1413393988.656
127 2059 1413393892.356 1413393988.956
1465 2059 1413393959.256 1413393988.956
1170 2059 1413393944.506 1413393988.956
778 2059 1413393924.906 1413393988.956
132 2069 1413393892.606 1413393989.456
1085 2073 1413393940.256 1413393989.656
114 2073 1413393891.706 1413393989.656
155 2079 1413393893.756 1413393989.956
155 2084 1413393893.756 1413393990.206
1535 2106 1413393962.756 1413393991.306
785 2107 1413393925.256 1413393991.356
1187 2107 1413393945.356 1413393991.356
1975 2107 1413393984.756 1413393991.356
1465 2109 1413393959.256 1413393991.456
1234 2110 1413393947.706 1413393991.506
1185 2112 1413393945.256 1413393991.606
908 2121 1413393931.406 1413393992.056
1843 2121 1413393978.156 1413393992.056
1594 2121 1413393965.706 1413393992.056
1185 2121 1413393945.256 1413393992.056
1673 2121 1413393969.656 1413393992.056
1786 2123 1413393975.306 1413393992.156
785 2123 1413393925.256 1413393992.156
1985 2136 1413393985.256 1413393992.806
199 2136 1413393895.956 1413393992.806
1556 2137 1413393963.806 1413393992.856
299 2137 1413393900.956 1413393992.856
1170 2139 1413393944.506 1413393992.956
1185 2139 1413393945.256 1413393992.956
1581 2148 1413393965.056 1413393993.406
642 2153 1413393918.106 1413393993.656
785 2156 1413393925.256 1413393993.806
292 2157 1413393900.606 1413393993.856
1170 2157 1413393944.506 1413393993.856
1971 2159 1413393984.556 1413393993.956
785 2161 1413393925.256 1413393994.056
1576 2161 1413393964.806 1413393994.056
1545 2161 1413393963.256 1413393994.056
814 2166 1413393926.706 1413393994.306
814 2195 1413393926.706 1413393995.756
1540 2203 1413393963.006 1413393996.156
114 2203 1413393891.706 1413393996.156
1170 2203 1413393944.506 1413393996.156
132 2209 1413393892.606 1413393996.456
199 2209 1413393895.956 1413393996.456
127 2215 1413393892.356 1413393996.756
1137 2222 1413393942.856 1413393997.106
1054 2234 1413393938.706 1413393997.706
848 2239 1413393928.406 1413393997.956
2121 2243 1413393992.056 1413393998.156
166 2243 1413393894.306 1413393998.156
778 2243 1413393924.906 1413393998.156
1760 2243 1413393974.006 1413393998.156
132 2248 1413393892.606 1413393998.406
782 2248 1413393925.106 1413393998.406
1535 2264 1413393962.756 1413393999.206
1158 2264 1413393943.906 1413393999.206
100 2269 1413393891.006 1413393999.456
1224 2270 1413393947.206 1413393999.506
642 2272 1413393918.106 1413393999.606
771 2272 1413393924.556 1413393999.606
199 2277 1413393895.956 1413393999.856
1975 2277 1413393984.756 1413393999.856
1556 2277 1413393963.806 1413393999.856
199 2279 1413393895.956 1413393999.956
138 2279 1413393892.906 1413393999.956
1545 2280 1413393963.256 1413394000.006
1527 2281 1413393962.356 1413394000.056
1590 2285 1413393965.506 1413394000.256
782 2285 1413393925.106 1413394000.256
1054 2286 1413393938.706 1413394000.306
1900 2286 1413393981.006 1413394000.306
1441 2286 1413393958.056 1413394000.306
1116 2287 1413393941.806 1413394000.356
1971 2287 1413393984.556 1413394000.356
