243 474 1403715898.734 1403715910.284
254 1145 1403715899.284 1403715943.834
254 1177 1403715899.284 1403715945.434
254 1180 1403715899.284 1403715945.584
243 1182 1403715898.734 1403715945.684
254 1188 1403715899.284 1403715945.984
363 1317 1403715904.734 1403715952.434
407 1456 1403715906.934 1403715959.384
420 1569 1403715907.584 1403715965.034
435 1592 1403715908.334 1403715966.184
435 1633 1403715908.334 1403715968.234
442 1787 1403715908.684 1403715975.934
451 1817 1403715909.134 1403715977.434
451 1832 1403715909.134 1403715978.184
359 1854 1403715904.534 1403715979.284
363 1859 1403715904.734 1403715979.534
363 1862 1403715904.734 1403715979.684
1393 1887 1403715956.234 1403715980.934
1445 1892 1403715958.834 1403715981.184
1289 1972 1403715951.034 1403715985.184
134 2073 1403715893.284 1403715990.234
