234 325 1403715898.284 1403715902.834
142 328 1403715893.684 1403715902.984
300 380 1403715901.584 1403715905.584
300 392 1403715901.584 1403715906.184
72 392 1403715890.184 1403715906.184
243 474 1403715898.734 1403715910.284
363 492 1403715904.734 1403715911.184
392 599 1403715906.184 1403715916.534
234 700 1403715898.284 1403715921.584
341 712 1403715903.634 1403715922.184
300 712 1403715901.584 1403715922.184
380 722 1403715905.584 1403715922.684
300 722 1403715901.584 1403715922.684
372 738 1403715905.184 1403715923.484
372 758 1403715905.184 1403715924.484
400 758 1403715906.584 1403715924.484
392 767 1403715906.184 1403715924.934
392 773 1403715906.184 1403715925.234
188 778 1403715895.984 1403715925.484
392 783 1403715906.184 1403715925.734
363 793 1403715904.734 1403715926.234
359 795 1403715904.534 1403715926.334
234 796 1403715898.284 1403715926.384
169 800 1403715895.034 1403715926.584
328 800 1403715902.984 1403715926.584
254 806 1403715899.284 1403715926.884
254 815 1403715899.284 1403715927.334
470 849 1403715910.084 1403715929.034
773 900 1403715925.234 1403715931.584
318 1096 1403715902.484 1403715941.384
328 1122 1403715902.984 1403715942.684
254 1145 1403715899.284 1403715943.834
254 1166 1403715899.284 1403715944.884
254 1177 1403715899.284 1403715945.434
254 1180 1403715899.284 1403715945.584
243 1182 1403715898.734 1403715945.684
254 1188 1403715899.284 1403715945.984
169 1308 1403715895.034 1403715951.984
81 1311 1403715890.634 1403715952.134
359 1313 1403715904.534 1403715952.234
363 1317 1403715904.734 1403715952.434
372 1325 1403715905.184 1403715952.834
407 1456 1403715906.934 1403715959.384
420 1534 1403715907.584 1403715963.284
420 1569 1403715907.584 1403715965.034
435 1592 1403715908.334 1403715966.184
435 1622 1403715908.334 1403715967.684
435 1633 1403715908.334 1403715968.234
420 1649 1403715907.584 1403715969.034
442 1787 1403715908.684 1403715975.934
451 1817 1403715909.134 1403715977.434
451 1832 1403715909.134 1403715978.184
359 1854 1403715904.534 1403715979.284
363 1859 1403715904.734 1403715979.534
363 1862 1403715904.734 1403715979.684
1393 1887 1403715956.234 1403715980.934
1445 1892 1403715958.834 1403715981.184
1289 1972 1403715951.034 1403715985.184
1317 1978 1403715952.434 1403715985.484
134 2073 1403715893.284 1403715990.234
