0.817547265 -0.174127184 -0.009315474 -0.013716941 -0.019727775 -0.008933339 0.999671372
0.053223416 -0.120090390 -0.496169655 -0.006695646 0.033166119 0.032804886 0.998888883
0.812803605 -0.159549738 0.006256969 -0.015556491 -0.025443284 -0.011166888 0.999492838
0.173505638 -0.051788343 -0.457165383 0.027500067 0.027825197 0.023080774 0.998967853
0.308927101 0.020959381 -0.549611812 -0.037742925 0.043496599 0.029260366 0.997911494
-0.200712944 0.034785081 -0.531290233 -0.038190600 -0.084861688 -0.031750345 0.995154201
0.092942701 -0.233284717 0.091476455 -0.047746915 0.016506802 -0.022842086 0.998461815
0.161148108 -0.071068379 -0.457400192 0.020757300 0.030198323 0.018630649 0.999154698
-0.547885586 0.151296887 0.679517795 0.022091434 -0.014909065 -0.019958538 0.999445516
0.708275401 -0.169571203 0.051556292 -0.008142153 -0.062145222 -0.025881839 0.997698252
0.375108246 -0.076589829 -0.217414801 0.010403082 -0.016563110 -0.010352542 0.999755101