4 55
11 57
13 59
13 62
13 64
8 66
8 68
4 70
5 73
5 77
13 80
31 82
9 84
9 86
8 87
17 89
15 91
41 91
23 93
4 96
23 99
15 102
11 104
27 106
27 109
4 113
41 113
15 118
23 123
4 123
46 123
46 127
46 131
68 135
31 138
87 141
91 143
36 143
64 143
66 146
17 146
89 149
11 157
51 157
17 169
96 172
27 176
64 179
86 182
36 184
93 184
127 184
66 186
91 188
73 190
66 192
104 192
84 192
41 194
9 196
146 211
153 215
80 218
86 222
135 222
93 237
149 237
109 239
146 242
155 245
77 248
157 262
104 266
208 266
146 270
162 273
149 277
172 277
159 280
143 295
153 295
182 295
155 298
192 298
146 302
211 302
188 302
84 302
172 306
80 306
159 309
155 313
155 316
198 319
206 322
135 325
157 328
179 328
179 331
118 331
149 333
149 336
204 340
211 340
256 343
252 346
262 350
256 353
245 355
204 355
262 371
222 371
159 376
229 379
172 379
151 382
204 391
252 391
283 394
270 413
285 418
277 423
235 428
273 428
237 445
309 448
309 451
235 451
298 451
353 451
256 455
259 459
336 459
280 459
252 463
259 467
229 490
87 510
46 514
68 514
59 519
41 519
77 523
46 523
451 571
496 571
325 571
355 571
401 613
325 623
448 623
270 643
322 677
270 677
309 677
423 712
423 714
486 716
371 730
266 733
306 733
248 736
613 754
118 763
292 772
388 821
266 821
336 821
237 821
277 824
313 827
259 837
266 839
691 850
623 856
673 866
594 874
769 922
710 950
746 950
413 1027
386 1029
