202 593 1403638137.395 1403638156.945
78 613 1403638131.195 1403638157.945
478 633 1403638151.195 1403638158.945
498 645 1403638152.195 1403638159.545
43 649 1403638129.445 1403638159.745
498 654 1403638152.195 1403638159.995
407 660 1403638147.645 1403638160.295
414 680 1403638147.995 1403638161.295
43 700 1403638129.445 1403638162.295
115 720 1403638133.045 1403638163.295
457 732 1403638150.145 1403638163.895
78 739 1403638131.195 1403638164.245
457 740 1403638150.145 1403638164.295
202 742 1403638137.395 1403638164.395
78 744 1403638131.195 1403638164.495
57 745 1403638130.145 1403638164.545
498 747 1403638152.195 1403638164.645
414 748 1403638147.995 1403638164.695
457 748 1403638150.145 1403638164.695
202 750 1403638137.395 1403638164.795
115 751 1403638133.045 1403638164.845
202 752 1403638137.395 1403638164.895
457 753 1403638150.145 1403638164.945
41 754 1403638129.345 1403638164.995
41 756 1403638129.345 1403638165.095
202 759 1403638137.395 1403638165.245
202 764 1403638137.395 1403638165.495
209 770 1403638137.745 1403638165.795
498 777 1403638152.195 1403638166.145
132 786 1403638133.895 1403638166.595
202 798 1403638137.395 1403638167.195
202 807 1403638137.395 1403638167.645
654 815 1403638159.995 1403638168.045
515 820 1403638153.045 1403638168.295
573 820 1403638155.945 1403638168.295
633 823 1403638158.945 1403638168.445
742 825 1403638164.395 1403638168.545
613 825 1403638157.945 1403638168.545
99 828 1403638132.245 1403638168.695
748 830 1403638164.695 1403638168.795
573 833 1403638155.945 1403638168.945
680 833 1403638161.295 1403638168.945
756 833 1403638165.095 1403638168.945
645 835 1403638159.545 1403638169.045
754 836 1403638164.995 1403638169.095
752 837 1403638164.895 1403638169.145
680 839 1403638161.295 1403638169.245
744 840 1403638164.495 1403638169.295
756 840 1403638165.095 1403638169.295
649 841 1403638159.745 1403638169.345
680 842 1403638161.295 1403638169.395
752 844 1403638164.895 1403638169.495
613 844 1403638157.945 1403638169.495
720 844 1403638163.295 1403638169.495
745 858 1403638164.545 1403638170.195
202 876 1403638137.395 1403638171.095
414 896 1403638147.995 1403638172.095
828 934 1403638168.695 1403638173.995
815 940 1403638168.045 1403638174.295
568 947 1403638155.695 1403638174.645
828 947 1403638168.695 1403638174.645
744 951 1403638164.495 1403638174.845
835 951 1403638169.045 1403638174.845
807 951 1403638167.645 1403638174.845
654 979 1403638159.995 1403638176.245
720 979 1403638163.295 1403638176.245
833 989 1403638168.945 1403638176.745
842 1001 1403638169.395 1403638177.345
844 1021 1403638169.495 1403638178.345
840 1021 1403638169.295 1403638178.345
202 1060 1403638137.395 1403638180.295
132 1064 1403638133.895 1403638180.495
700 1067 1403638162.295 1403638180.645
132 1074 1403638133.895 1403638180.995
1163 1532 1403638185.445 1403638203.895
1041 1535 1403638179.345 1403638204.045
1046 1538 1403638179.595 1403638204.195
1368 1541 1403638195.695 1403638204.345
1388 1544 1403638196.695 1403638204.495
1150 1558 1403638184.795 1403638205.195
1158 1560 1403638185.195 1403638205.295
1076 1561 1403638181.095 1403638205.345
770 1568 1403638165.795 1403638205.695
751 1568 1403638164.845 1403638205.695
745 1569 1403638164.545 1403638205.745
752 1570 1403638164.895 1403638205.795
745 1571 1403638164.545 1403638205.845
754 1571 1403638164.995 1403638205.845
747 1573 1403638164.645 1403638205.945
753 1576 1403638164.945 1403638206.095
654 1579 1403638159.995 1403638206.245
842 1631 1403638169.395 1403638208.845
1573 1632 1403638205.945 1403638208.895
1566 1637 1403638205.595 1403638209.145
1569 1638 1403638205.745 1403638209.195
1541 1639 1403638204.345 1403638209.245
919 1639 1403638173.245 1403638209.245
1570 1639 1403638205.795 1403638209.245
837 1639 1403638169.145 1403638209.245
1561 1643 1403638205.345 1403638209.445
1120 1721 1403638183.295 1403638213.345
1049 1723 1403638179.745 1403638213.445
1147 1723 1403638184.645 1403638213.445
1147 1734 1403638184.645 1403638213.995
1077 1764 1403638181.145 1403638215.495
1154 1783 1403638184.995 1403638216.445
1328 1783 1403638193.695 1403638216.445
1149 1806 1403638184.745 1403638217.595
1106 1806 1403638182.595 1403638217.595
1157 1902 1403638185.145 1403638222.395
1188 1902 1403638186.695 1403638222.395
1183 1931 1403638186.445 1403638223.845
660 1952 1403638160.295 1403638224.895
1598 1952 1403638207.195 1403638224.895
751 1953 1403638164.845 1403638224.945
1616 1953 1403638208.095 1403638224.945
777 1953 1403638166.145 1403638224.945
754 1954 1403638164.995 1403638224.995
1627 1954 1403638208.645 1403638224.995
756 1955 1403638165.095 1403638225.045
1605 1955 1403638207.545 1403638225.045
229 1979 1403638138.745 1403638226.245
229 1980 1403638138.745 1403638226.295
229 1981 1403638138.745 1403638226.345
