107 590 1403637135.888 1403637160.038
101 592 1403637135.588 1403637160.138
101 593 1403637135.588 1403637160.188
101 595 1403637135.588 1403637160.288
169 596 1403637138.988 1403637160.338
78 597 1403637134.438 1403637160.388
411 598 1403637151.088 1403637160.438
411 599 1403637151.088 1403637160.488
506 609 1403637155.838 1403637160.988
416 609 1403637151.338 1403637160.988
421 613 1403637151.588 1403637161.188
497 616 1403637155.388 1403637161.338
439 616 1403637152.488 1403637161.338
501 617 1403637155.588 1403637161.388
512 618 1403637156.138 1403637161.438
411 619 1403637151.088 1403637161.488
149 619 1403637137.988 1403637161.488
479 622 1403637154.488 1403637161.638
501 623 1403637155.588 1403637161.688
394 633 1403637150.238 1403637162.188
160 635 1403637138.538 1403637162.288
479 639 1403637154.488 1403637162.488
124 642 1403637136.738 1403637162.638
101 642 1403637135.588 1403637162.638
107 646 1403637135.888 1403637162.838
162 648 1403637138.638 1403637162.938
576 652 1403637159.338 1403637163.138
416 655 1403637151.338 1403637163.288
447 660 1403637152.888 1403637163.538
509 660 1403637155.988 1403637163.538
479 676 1403637154.488 1403637164.338
602 676 1403637160.638 1403637164.338
411 680 1403637151.088 1403637164.538
439 684 1403637152.488 1403637164.738
602 690 1403637160.638 1403637165.038
506 690 1403637155.838 1403637165.038
499 692 1403637155.488 1403637165.138
479 692 1403637154.488 1403637165.138
642 696 1403637162.638 1403637165.338
628 699 1403637161.938 1403637165.488
592 699 1403637160.138 1403637165.488
595 702 1403637160.288 1403637165.638
652 702 1403637163.138 1403637165.638
655 705 1403637163.288 1403637165.788
597 707 1403637160.388 1403637165.888
597 708 1403637160.388 1403637165.938
596 709 1403637160.338 1403637165.988
625 712 1403637161.788 1403637166.138
642 715 1403637162.638 1403637166.288
595 715 1403637160.288 1403637166.288
595 716 1403637160.288 1403637166.338
639 719 1403637162.488 1403637166.488
509 719 1403637155.988 1403637166.488
597 721 1403637160.388 1403637166.588
652 726 1403637163.138 1403637166.838
596 726 1403637160.338 1403637166.838
593 726 1403637160.188 1403637166.838
593 731 1403637160.188 1403637167.088
597 738 1403637160.388 1403637167.438
642 739 1403637162.638 1403637167.488
602 740 1403637160.638 1403637167.538
639 740 1403637162.488 1403637167.538
642 741 1403637162.638 1403637167.588
609 742 1403637160.988 1403637167.638
648 746 1403637162.938 1403637167.838
585 746 1403637159.788 1403637167.838
599 753 1403637160.488 1403637168.188
583 759 1403637159.688 1403637168.488
587 768 1403637159.888 1403637168.938
597 778 1403637160.388 1403637169.438
712 797 1403637166.138 1403637170.388
742 798 1403637167.638 1403637170.438
709 799 1403637165.988 1403637170.488
740 799 1403637167.538 1403637170.488
726 799 1403637166.838 1403637170.488
689 800 1403637164.988 1403637170.538
709 801 1403637165.988 1403637170.588
702 802 1403637165.638 1403637170.638
739 803 1403637167.488 1403637170.688
712 803 1403637166.138 1403637170.688
726 805 1403637166.838 1403637170.788
702 807 1403637165.638 1403637170.888
712 808 1403637166.138 1403637170.938
719 812 1403637166.488 1403637171.138
712 814 1403637166.138 1403637171.238
702 819 1403637165.638 1403637171.488
686 819 1403637164.838 1403637171.488
655 830 1403637163.288 1403637172.038
648 838 1403637162.938 1403637172.438
670 838 1403637164.038 1403637172.438
670 845 1403637164.038 1403637172.788
719 845 1403637166.488 1403637172.788
746 845 1403637167.838 1403637172.788
742 848 1403637167.638 1403637172.938
715 848 1403637166.288 1403637172.938
499 936 1403637155.488 1403637177.338
819 936 1403637171.488 1403637177.338
583 937 1403637159.688 1403637177.388
169 937 1403637138.988 1403637177.388
435 937 1403637152.288 1403637177.388
509 939 1403637155.988 1403637177.488
596 939 1403637160.338 1403637177.488
585 939 1403637159.788 1403637177.488
162 944 1403637138.638 1403637177.738
78 950 1403637134.438 1403637178.038
493 957 1403637155.188 1403637178.388
580 957 1403637159.538 1403637178.388
583 958 1403637159.688 1403637178.438
458 958 1403637153.438 1403637178.438
405 958 1403637150.788 1403637178.438
845 958 1403637172.788 1403637178.438
800 959 1403637170.538 1403637178.488
169 959 1403637138.988 1403637178.488
499 959 1403637155.488 1403637178.488
858 959 1403637173.438 1403637178.488
603 961 1403637160.688 1403637178.588
602 964 1403637160.638 1403637178.738
599 966 1403637160.488 1403637178.838
598 968 1403637160.438 1403637178.938
580 969 1403637159.538 1403637178.988
585 969 1403637159.788 1403637178.988
583 970 1403637159.688 1403637179.038
598 987 1403637160.438 1403637179.888
609 987 1403637160.988 1403637179.888
162 987 1403637138.638 1403637179.888
568 987 1403637158.938 1403637179.888
602 1001 1403637160.638 1403637180.588
585 1001 1403637159.788 1403637180.588
461 1078 1403637153.588 1403637184.438
568 1078 1403637158.938 1403637184.438
848 1078 1403637172.938 1403637184.438
421 1078 1403637151.588 1403637184.438
491 1078 1403637155.088 1403637184.438
707 1080 1403637165.888 1403637184.538
740 1080 1403637167.538 1403637184.538
742 1081 1403637167.638 1403637184.588
689 1083 1403637164.988 1403637184.688
719 1087 1403637166.488 1403637184.888
726 1091 1403637166.838 1403637185.088
497 1158 1403637155.388 1403637188.438
808 1170 1403637170.938 1403637189.038
439 1170 1403637152.488 1403637189.038
642 1186 1403637162.638 1403637189.838
696 1186 1403637165.338 1403637189.838
652 1207 1403637163.138 1403637190.888
590 1222 1403637160.038 1403637191.638
580 1222 1403637159.538 1403637191.638
814 1222 1403637171.238 1403637191.638
598 1224 1403637160.438 1403637191.738
598 1229 1403637160.438 1403637191.988
910 1261 1403637176.038 1403637193.588
597 1262 1403637160.388 1403637193.638
798 1263 1403637170.438 1403637193.688
903 1263 1403637175.688 1403637193.688
696 1264 1403637165.338 1403637193.738
808 1268 1403637170.938 1403637193.938
597 1270 1403637160.388 1403637194.038
1050 1270 1403637183.038 1403637194.038
814 1271 1403637171.238 1403637194.088
680 1271 1403637164.538 1403637194.088
1050 1271 1403637183.038 1403637194.088
796 1272 1403637170.338 1403637194.138
646 1272 1403637162.838 1403637194.138
509 1272 1403637155.988 1403637194.138
778 1272 1403637169.438 1403637194.138
797 1274 1403637170.388 1403637194.238
639 1274 1403637162.488 1403637194.238
759 1274 1403637168.488 1403637194.238
873 1274 1403637174.188 1403637194.238
1080 1275 1403637184.538 1403637194.288
585 1275 1403637159.788 1403637194.288
605 1280 1403637160.788 1403637194.538
759 1282 1403637168.488 1403637194.638
642 1285 1403637162.638 1403637194.788
628 1289 1403637161.938 1403637194.988
707 1302 1403637165.888 1403637195.638
699 1303 1403637165.488 1403637195.688
699 1304 1403637165.488 1403637195.738
759 1309 1403637168.488 1403637195.988
791 1309 1403637170.088 1403637195.988
759 1321 1403637168.488 1403637196.588
709 1323 1403637165.988 1403637196.688
709 1324 1403637165.988 1403637196.738
709 1325 1403637165.988 1403637196.788
709 1329 1403637165.988 1403637196.988
721 1330 1403637166.588 1403637197.038
721 1331 1403637166.588 1403637197.088
707 1332 1403637165.888 1403637197.138
709 1333 1403637165.988 1403637197.188
741 1335 1403637167.588 1403637197.288
715 1339 1403637166.288 1403637197.488
807 1341 1403637170.888 1403637197.588
1249 1343 1403637192.988 1403637197.688
740 1344 1403637167.538 1403637197.738
709 1345 1403637165.988 1403637197.788
740 1348 1403637167.538 1403637197.938
687 1373 1403637164.888 1403637199.188
1312 1375 1403637196.138 1403637199.288
1315 1376 1403637196.288 1403637199.338
958 1379 1403637178.438 1403637199.488
1302 1380 1403637195.638 1403637199.538
1260 1381 1403637193.538 1403637199.588
966 1383 1403637178.838 1403637199.688
1301 1385 1403637195.588 1403637199.788
690 1385 1403637165.038 1403637199.788
1207 1385 1403637190.888 1403637199.788
1270 1385 1403637194.038 1403637199.788
726 1385 1403637166.838 1403637199.788
957 1388 1403637178.388 1403637199.938
800 1392 1403637170.538 1403637200.138
814 1395 1403637171.238 1403637200.288
1081 1398 1403637184.588 1403637200.438
619 1401 1403637161.488 1403637200.588
602 1404 1403637160.638 1403637200.738
1309 1404 1403637195.988 1403637200.738
936 1404 1403637177.338 1403637200.738
602 1405 1403637160.638 1403637200.788
969 1407 1403637178.988 1403637200.888
596 1409 1403637160.338 1403637200.988
1236 1411 1403637192.338 1403637201.088
596 1411 1403637160.338 1403637201.088
1121 1413 1403637186.588 1403637201.188
922 1413 1403637176.638 1403637201.188
1329 1414 1403637196.988 1403637201.238
602 1414 1403637160.638 1403637201.238
1247 1414 1403637192.888 1403637201.238
957 1414 1403637178.388 1403637201.238
1277 1414 1403637194.388 1403637201.238
1295 1415 1403637195.288 1403637201.288
1341 1415 1403637197.588 1403637201.288
791 1417 1403637170.088 1403637201.388
687 1418 1403637164.888 1403637201.438
753 1422 1403637168.188 1403637201.638
709 1442 1403637165.988 1403637202.638
1333 1462 1403637197.188 1403637203.638
944 1492 1403637177.738 1403637205.138
1339 1492 1403637197.488 1403637205.138
731 1580 1403637167.088 1403637209.538
598 1580 1403637160.438 1403637209.538
1329 1600 1403637196.988 1403637210.538
1240 1600 1403637192.538 1403637210.538
1302 1600 1403637195.638 1403637210.538
966 1609 1403637178.838 1403637210.988
1158 1613 1403637188.438 1403637211.188
1081 1613 1403637184.588 1403637211.188
1388 1616 1403637199.938 1403637211.338
1282 1616 1403637194.638 1403637211.338
1277 1627 1403637194.388 1403637211.888
1291 1627 1403637195.088 1403637211.888
800 1631 1403637170.538 1403637212.088
686 1631 1403637164.838 1403637212.088
961 1631 1403637178.588 1403637212.088
1240 1631 1403637192.538 1403637212.088
1385 1631 1403637199.788 1403637212.088
1247 1637 1403637192.888 1403637212.388
1270 1637 1403637194.038 1403637212.388
959 1641 1403637178.488 1403637212.588
602 1641 1403637160.638 1403637212.588
699 1644 1403637165.488 1403637212.738
959 1644 1403637178.488 1403637212.738
1381 1644 1403637199.588 1403637212.738
1373 1646 1403637199.188 1403637212.838
950 1646 1403637178.038 1403637212.838
1297 1646 1403637195.388 1403637212.838
1087 1646 1403637184.888 1403637212.838
909 1646 1403637175.988 1403637212.838
609 1646 1403637160.988 1403637212.838
1262 1648 1403637193.638 1403637212.938
1264 1650 1403637193.738 1403637213.038
1001 1650 1403637180.588 1403637213.038
1341 1670 1403637197.588 1403637214.038
959 1670 1403637178.488 1403637214.038
1081 1679 1403637184.588 1403637214.488
702 1679 1403637165.638 1403637214.488
939 1699 1403637177.488 1403637215.488
987 1711 1403637179.888 1403637216.088
707 1711 1403637165.888 1403637216.088
814 1716 1403637171.238 1403637216.338
778 1716 1403637169.438 1403637216.338
911 1716 1403637176.088 1403637216.338
944 1716 1403637177.738 1403637216.338
910 1722 1403637176.038 1403637216.638
705 1726 1403637165.788 1403637216.838
1186 1726 1403637189.838 1403637216.838
1291 1730 1403637195.088 1403637217.038
1341 1730 1403637197.588 1403637217.038
684 1734 1403637164.738 1403637217.238
705 1734 1403637165.788 1403637217.238
1021 1736 1403637181.588 1403637217.338
964 1736 1403637178.738 1403637217.338
1262 1736 1403637193.638 1403637217.338
705 1738 1403637165.788 1403637217.438
635 1738 1403637162.288 1403637217.438
1240 1740 1403637192.538 1403637217.538
1207 1742 1403637190.888 1403637217.638
690 1745 1403637165.038 1403637217.788
1335 1752 1403637197.288 1403637218.138
803 1752 1403637170.688 1403637218.138
1333 1754 1403637197.188 1403637218.238
959 1754 1403637178.488 1403637218.238
1276 1759 1403637194.338 1403637218.488
1282 1759 1403637194.638 1403637218.488
702 1761 1403637165.638 1403637218.588
1081 1761 1403637184.588 1403637218.588
805 1761 1403637170.788 1403637218.588
1298 1765 1403637195.438 1403637218.788
1282 1765 1403637194.638 1403637218.788
959 1765 1403637178.488 1403637218.788
1263 1765 1403637193.688 1403637218.788
689 1765 1403637164.988 1403637218.788
605 1767 1403637160.788 1403637218.888
799 1767 1403637170.488 1403637218.888
1080 1768 1403637184.538 1403637218.938
1270 1768 1403637194.038 1403637218.938
819 1768 1403637171.488 1403637218.938
689 1770 1403637164.988 1403637219.038
934 1771 1403637177.238 1403637219.088
1381 1773 1403637199.588 1403637219.188
1331 1779 1403637197.088 1403637219.488
961 1781 1403637178.588 1403637219.588
596 1783 1403637160.338 1403637219.688
1239 1785 1403637192.488 1403637219.788
964 1785 1403637178.738 1403637219.788
944 1791 1403637177.738 1403637220.088
796 1791 1403637170.338 1403637220.088
808 1791 1403637170.938 1403637220.088
642 1791 1403637162.638 1403637220.088
1079 1791 1403637184.488 1403637220.088
966 1791 1403637178.838 1403637220.088
800 1792 1403637170.538 1403637220.138
740 1792 1403637167.538 1403637220.138
568 1793 1403637158.938 1403637220.188
796 1795 1403637170.338 1403637220.288
1080 1795 1403637184.538 1403637220.288
739 1797 1403637167.488 1403637220.388
1298 1798 1403637195.438 1403637220.438
1136 1798 1403637187.338 1403637220.438
742 1798 1403637167.638 1403637220.438
1264 1800 1403637193.738 1403637220.538
936 1800 1403637177.338 1403637220.538
1310 1800 1403637196.038 1403637220.538
957 1806 1403637178.388 1403637220.838
726 1810 1403637166.838 1403637221.038
1240 1810 1403637192.538 1403637221.038
1277 1812 1403637194.388 1403637221.138
898 1812 1403637175.438 1403637221.138
1332 1814 1403637197.138 1403637221.238
958 1814 1403637178.438 1403637221.238
922 1814 1403637176.638 1403637221.238
944 1817 1403637177.738 1403637221.388
552 1820 1403637158.138 1403637221.538
1333 1820 1403637197.188 1403637221.538
753 1820 1403637168.188 1403637221.538
913 1820 1403637176.188 1403637221.538
1074 1820 1403637184.238 1403637221.538
1310 1820 1403637196.038 1403637221.538
609 1822 1403637160.988 1403637221.638
1129 1822 1403637186.988 1403637221.638
73 1822 1403637134.188 1403637221.638
1295 1823 1403637195.288 1403637221.688
1310 1825 1403637196.038 1403637221.788
1376 1825 1403637199.338 1403637221.788
719 1825 1403637166.488 1403637221.788
1240 1825 1403637192.538 1403637221.788
802 1825 1403637170.638 1403637221.788
689 1828 1403637164.988 1403637221.938
1207 1828 1403637190.888 1403637221.938
812 1828 1403637171.138 1403637221.938
987 1828 1403637179.888 1403637221.938
1138 1828 1403637187.438 1403637221.938
1083 1828 1403637184.688 1403637221.938
1388 1829 1403637199.938 1403637221.988
964 1834 1403637178.738 1403637222.238
1013 1834 1403637181.188 1403637222.238
1021 1835 1403637181.588 1403637222.288
922 1835 1403637176.638 1403637222.288
1325 1836 1403637196.788 1403637222.338
1138 1840 1403637187.438 1403637222.538
830 1843 1403637172.038 1403637222.688
950 1843 1403637178.038 1403637222.688
970 1843 1403637179.038 1403637222.688
1021 1844 1403637181.588 1403637222.738
602 1846 1403637160.638 1403637222.838
1074 1900 1403637184.238 1403637225.538
802 1900 1403637170.638 1403637225.538
1158 1900 1403637188.438 1403637225.538
609 1904 1403637160.988 1403637225.738
936 1906 1403637177.338 1403637225.838
959 1906 1403637178.488 1403637225.838
1074 1906 1403637184.238 1403637225.838
1308 1906 1403637195.938 1403637225.838
1280 1908 1403637194.538 1403637225.938
1321 1908 1403637196.588 1403637225.938
819 1910 1403637171.488 1403637226.038
838 1913 1403637172.438 1403637226.188
1379 1914 1403637199.488 1403637226.238
808 1914 1403637170.938 1403637226.238
1087 1914 1403637184.888 1403637226.238
1080 1916 1403637184.538 1403637226.338
741 1916 1403637167.588 1403637226.338
576 1916 1403637159.338 1403637226.338
807 1919 1403637170.888 1403637226.488
1138 1919 1403637187.438 1403637226.488
934 1919 1403637177.238 1403637226.488
957 1920 1403637178.388 1403637226.538
602 1923 1403637160.638 1403637226.688
1734 1924 1403637217.238 1403637226.738
968 1924 1403637178.938 1403637226.738
812 1924 1403637171.138 1403637226.738
1229 1924 1403637191.988 1403637226.738
1136 1924 1403637187.338 1403637226.738
642 1924 1403637162.638 1403637226.738
568 1926 1403637158.938 1403637226.838
576 1928 1403637159.338 1403637226.938
819 1928 1403637171.488 1403637226.938
596 1930 1403637160.338 1403637227.038
1381 1933 1403637199.588 1403637227.188
1247 1933 1403637192.888 1403637227.188
1081 1933 1403637184.588 1403637227.188
1087 1934 1403637184.888 1403637227.238
603 1934 1403637160.688 1403637227.238
1238 1940 1403637192.438 1403637227.538
944 1943 1403637177.738 1403637227.688
598 1943 1403637160.438 1403637227.688
808 1949 1403637170.938 1403637227.988
903 1949 1403637175.688 1403637227.988
958 1949 1403637178.438 1403637227.988
655 1954 1403637163.288 1403637228.238
814 1954 1403637171.238 1403637228.238
1001 1954 1403637180.588 1403637228.238
950 1968 1403637178.038 1403637228.938
808 1972 1403637170.938 1403637229.138
907 1977 1403637175.888 1403637229.388
1285 1980 1403637194.788 1403637229.538
939 1982 1403637177.488 1403637229.638
1081 1982 1403637184.588 1403637229.638
910 1984 1403637176.038 1403637229.738
1186 1984 1403637189.838 1403637229.738
814 1985 1403637171.238 1403637229.788
959 1989 1403637178.488 1403637229.988
913 1993 1403637176.188 1403637230.188
602 2013 1403637160.638 1403637231.188
719 2090 1403637166.488 1403637235.038
1623 2151 1403637211.688 1403637238.088
568 2155 1403637158.938 1403637238.288
1260 2167 1403637193.538 1403637238.888
1302 2172 1403637195.638 1403637239.138
731 2220 1403637167.088 1403637241.538
719 2220 1403637166.488 1403637241.538
721 2223 1403637166.588 1403637241.688
712 2226 1403637166.138 1403637241.838
741 2226 1403637167.588 1403637241.838
715 2272 1403637166.288 1403637244.138
1207 2272 1403637190.888 1403637244.138
709 2275 1403637165.988 1403637244.288
738 2278 1403637167.438 1403637244.438
709 2278 1403637165.988 1403637244.438
705 2281 1403637165.788 1403637244.588
1285 2283 1403637194.788 1403637244.688
712 2284 1403637166.138 1403637244.738
1375 2284 1403637199.288 1403637244.738
2159 2284 1403637238.488 1403637244.738
1282 2290 1403637194.638 1403637245.038
707 2290 1403637165.888 1403637245.038
1239 2290 1403637192.488 1403637245.038
1291 2337 1403637195.088 1403637247.388
1247 2337 1403637192.888 1403637247.388
778 2337 1403637169.438 1403637247.388
1262 2338 1403637193.638 1403637247.438
1312 2339 1403637196.138 1403637247.488
987 2339 1403637179.888 1403637247.488
2080 2339 1403637234.538 1403637247.488
2272 2339 1403637244.138 1403637247.488
712 2339 1403637166.138 1403637247.488
670 2344 1403637164.038 1403637247.738
1297 2346 1403637195.388 1403637247.838
1238 2346 1403637192.438 1403637247.838
715 2347 1403637166.288 1403637247.888
1263 2348 1403637193.688 1403637247.938
1279 2348 1403637194.488 1403637247.938
2093 2350 1403637235.188 1403637248.038
1297 2350 1403637195.388 1403637248.038
1298 2353 1403637195.438 1403637248.188
1279 2353 1403637194.488 1403637248.188
726 2355 1403637166.838 1403637248.288
1247 2355 1403637192.888 1403637248.288
568 2380 1403637158.938 1403637249.538
583 2386 1403637159.688 1403637249.838
1078 2388 1403637184.438 1403637249.938
602 2389 1403637160.638 1403637249.988
807 2391 1403637170.888 1403637250.088
602 2391 1403637160.638 1403637250.088
1280 2391 1403637194.538 1403637250.088
552 2391 1403637158.138 1403637250.088
639 2391 1403637162.488 1403637250.088
2181 2393 1403637239.588 1403637250.188
1229 2393 1403637191.988 1403637250.188
1249 2395 1403637192.988 1403637250.288
807 2395 1403637170.888 1403637250.288
2101 2395 1403637235.588 1403637250.288
599 2395 1403637160.488 1403637250.288
2344 2443 1403637247.738 1403637252.688
707 2508 1403637165.888 1403637255.938
2360 2508 1403637248.538 1403637255.938
1236 2508 1403637192.338 1403637255.938
592 2508 1403637160.138 1403637255.938
1302 2509 1403637195.638 1403637255.988
803 2509 1403637170.688 1403637255.988
1341 2510 1403637197.588 1403637256.038
2347 2510 1403637247.888 1403637256.038
2353 2512 1403637248.188 1403637256.138
944 2512 1403637177.738 1403637256.138
1001 2518 1403637180.588 1403637256.438
596 2530 1403637160.338 1403637257.038
936 2530 1403637177.338 1403637257.038
1279 2530 1403637194.488 1403637257.038
1129 2530 1403637186.988 1403637257.038
696 2543 1403637165.338 1403637257.688
2181 2543 1403637239.588 1403637257.688
1380 2544 1403637199.538 1403637257.738
808 2544 1403637170.938 1403637257.738
699 2544 1403637165.488 1403637257.738
1129 2546 1403637186.988 1403637257.838
2181 2547 1403637239.588 1403637257.888
1415 2549 1403637201.288 1403637257.988
1580 2550 1403637209.538 1403637258.038
2360 2550 1403637248.538 1403637258.038
807 2551 1403637170.888 1403637258.088
2275 2555 1403637244.288 1403637258.288
1409 2555 1403637200.988 1403637258.288
2388 2555 1403637249.938 1403637258.288
1013 2555 1403637181.188 1403637258.288
805 2555 1403637170.788 1403637258.288
803 2556 1403637170.688 1403637258.338
1625 2557 1403637211.788 1403637258.388
1767 2559 1403637218.888 1403637258.488
712 2566 1403637166.138 1403637258.838
2162 2567 1403637238.638 1403637258.888
1793 2568 1403637220.188 1403637258.938
568 2577 1403637158.938 1403637259.388
2360 2577 1403637248.538 1403637259.388
1773 2577 1403637219.188 1403637259.388
1644 2577 1403637212.738 1403637259.388
2121 2579 1403637236.588 1403637259.488
808 2582 1403637170.938 1403637259.638
1279 2582 1403637194.488 1403637259.638
1631 2582 1403637212.088 1403637259.638
2321 2582 1403637246.588 1403637259.638
1080 2582 1403637184.538 1403637259.638
808 2591 1403637170.938 1403637260.088
2346 2595 1403637247.838 1403637260.288
1111 2595 1403637186.088 1403637260.288
1831 2599 1403637222.088 1403637260.488
791 2599 1403637170.088 1403637260.488
1928 2599 1403637226.938 1403637260.488
1641 2599 1403637212.588 1403637260.488
873 2599 1403637174.188 1403637260.488
958 2599 1403637178.438 1403637260.488
798 2607 1403637170.438 1403637260.888
1129 2609 1403637186.988 1403637260.988
1343 2610 1403637197.688 1403637261.038
696 2613 1403637165.338 1403637261.188
1333 2613 1403637197.188 1403637261.188
1262 2613 1403637193.638 1403637261.188
1238 2614 1403637192.438 1403637261.238
719 2614 1403637166.488 1403637261.238
805 2615 1403637170.788 1403637261.288
1373 2615 1403637199.188 1403637261.288
741 2616 1403637167.588 1403637261.338
1275 2616 1403637194.288 1403637261.338
702 2616 1403637165.638 1403637261.338
1300 2616 1403637195.538 1403637261.338
1298 2617 1403637195.438 1403637261.388
1335 2619 1403637197.288 1403637261.488
1298 2619 1403637195.438 1403637261.488
1270 2621 1403637194.038 1403637261.588
639 2621 1403637162.488 1403637261.588
1312 2621 1403637196.138 1403637261.588
731 2623 1403637167.088 1403637261.688
609 2623 1403637160.988 1403637261.688
646 2623 1403637162.838 1403637261.688
922 2625 1403637176.638 1403637261.788
739 2625 1403637167.488 1403637261.788
892 2625 1403637175.138 1403637261.788
1280 2626 1403637194.538 1403637261.838
1138 2626 1403637187.438 1403637261.838
1312 2626 1403637196.138 1403637261.838
784 2626 1403637169.738 1403637261.838
1261 2629 1403637193.588 1403637261.988
936 2629 1403637177.338 1403637261.988
707 2629 1403637165.888 1403637261.988
1054 2629 1403637183.238 1403637261.988
805 2629 1403637170.788 1403637261.988
2125 2636 1403637236.788 1403637262.338
1345 2636 1403637197.788 1403637262.338
961 2636 1403637178.588 1403637262.338
1013 2636 1403637181.188 1403637262.338
1385 2636 1403637199.788 1403637262.338
909 2636 1403637175.988 1403637262.338
2346 2636 1403637247.838 1403637262.338
742 2636 1403637167.638 1403637262.338
