342 483 1403715541.012 1403715548.062
449 487 1403715546.362 1403715548.262
270 507 1403715537.412 1403715549.262
270 527 1403715537.412 1403715550.262
435 542 1403715545.662 1403715551.012
435 551 1403715545.662 1403715551.462
487 558 1403715548.262 1403715551.812
487 566 1403715548.262 1403715552.212
487 572 1403715548.262 1403715552.512
212 582 1403715534.512 1403715553.012
355 593 1403715541.662 1403715553.562
470 597 1403715547.412 1403715553.762
572 597 1403715552.512 1403715553.762
604 809 1403715554.112 1403715564.362
597 817 1403715553.762 1403715564.762
663 832 1403715557.062 1403715565.512
302 838 1403715539.012 1403715565.812
597 838 1403715553.762 1403715565.812
663 843 1403715557.062 1403715566.062
593 857 1403715553.562 1403715566.762
597 860 1403715553.762 1403715566.912
593 861 1403715553.562 1403715566.962
593 865 1403715553.562 1403715567.162
582 875 1403715553.012 1403715567.662
809 932 1403715564.362 1403715570.512
809 935 1403715564.362 1403715570.662
817 941 1403715564.762 1403715570.962
483 949 1403715548.062 1403715571.362
832 962 1403715565.512 1403715572.012
838 982 1403715565.812 1403715573.012
838 998 1403715565.812 1403715573.812
843 1010 1403715566.062 1403715574.412
683 1056 1403715558.062 1403715576.712
683 1069 1403715558.062 1403715577.362
479 1093 1403715547.862 1403715578.562
479 1096 1403715547.862 1403715578.712
151 1099 1403715531.462 1403715578.862
479 1099 1403715547.862 1403715578.862
479 1105 1403715547.862 1403715579.162
479 1108 1403715547.862 1403715579.312
479 1110 1403715547.862 1403715579.412
838 1111 1403715565.812 1403715579.462
479 1114 1403715547.862 1403715579.612
832 1114 1403715565.512 1403715579.612
843 1124 1403715566.062 1403715580.112
857 1131 1403715566.762 1403715580.462
843 1151 1403715566.062 1403715581.462
843 1289 1403715566.062 1403715588.362
838 1292 1403715565.812 1403715588.512
483 1298 1403715548.062 1403715588.812
458 1306 1403715546.812 1403715589.212
487 1317 1403715548.262 1403715589.762
475 1323 1403715547.662 1403715590.062
832 1347 1403715565.512 1403715591.262
843 1367 1403715566.062 1403715592.262
744 1422 1403715561.112 1403715595.012
342 1431 1403715541.012 1403715595.462
744 1431 1403715561.112 1403715595.462
449 1623 1403715546.362 1403715605.062
619 1623 1403715554.862 1403715605.062
610 1630 1403715554.412 1403715605.412
949 1646 1403715571.362 1403715606.212
1323 1647 1403715590.062 1403715606.262
982 1652 1403715573.012 1403715606.512
