373 529 1413394900.256 1413394908.356
287 561 1413394895.956 1413394909.956
272 593 1413394895.206 1413394911.556
241 620 1413394893.656 1413394912.906
329 620 1413394898.056 1413394912.906
337 631 1413394898.456 1413394913.456
373 652 1413394900.256 1413394914.506
389 668 1413394901.056 1413394915.306
347 920 1413394898.956 1413394931.956
347 922 1413394898.956 1413394932.056
347 923 1413394898.956 1413394932.106
347 924 1413394898.956 1413394932.156
347 925 1413394898.956 1413394932.206
561 931 1413394909.956 1413394932.506
373 946 1413394900.256 1413394933.256
373 951 1413394900.256 1413394933.506
668 960 1413394915.306 1413394933.956
561 1116 1413394909.956 1413394944.356
620 1325 1413394912.906 1413394959.956
631 1328 1413394913.456 1413394960.106
631 1329 1413394913.456 1413394960.156
631 1330 1413394913.456 1413394960.206
620 1331 1413394912.906 1413394960.256
631 1332 1413394913.456 1413394960.306
925 1380 1413394932.206 1413394962.706
924 1386 1413394932.156 1413394963.006
1087 1471 1413394942.906 1413394967.256
458 1481 1413394904.806 1413394967.756
432 1499 1413394903.456 1413394968.656
429 1512 1413394903.156 1413394969.556
129 1637 1413394888.056 1413394978.456
142 1642 1413394888.706 1413394978.706
142 1646 1413394888.706 1413394978.906
1295 1651 1413394958.456 1413394979.156
154 1651 1413394889.306 1413394979.156
210 1655 1413394892.106 1413394979.356
210 1658 1413394892.106 1413394979.506
128 1698 1413394888.006 1413394981.506
743 1746 1413394921.356 1413394984.906
743 1750 1413394921.356 1413394985.306
753 1755 1413394922.356 1413394985.806
