373 529 1413394900.256 1413394908.356
287 561 1413394895.956 1413394909.956
272 593 1413394895.206 1413394911.556
241 620 1413394893.656 1413394912.906
329 620 1413394898.056 1413394912.906
337 631 1413394898.456 1413394913.456
373 652 1413394900.256 1413394914.506
389 668 1413394901.056 1413394915.306
272 714 1413394895.206 1413394918.456
631 715 1413394913.456 1413394918.556
229 715 1413394893.056 1413394918.556
272 716 1413394895.206 1413394918.656
631 718 1413394913.456 1413394918.856
258 718 1413394894.506 1413394918.856
329 720 1413394898.056 1413394919.056
229 721 1413394893.056 1413394919.156
258 722 1413394894.506 1413394919.256
241 722 1413394893.656 1413394919.256
593 724 1413394911.556 1413394919.456
272 725 1413394895.206 1413394919.556
728 767 1413394919.856 1413394923.756
720 770 1413394919.056 1413394924.056
726 811 1413394919.656 1413394926.506
721 815 1413394919.156 1413394926.706
241 894 1413394893.656 1413394930.656
347 920 1413394898.956 1413394931.956
347 922 1413394898.956 1413394932.056
347 923 1413394898.956 1413394932.106
347 924 1413394898.956 1413394932.156
347 925 1413394898.956 1413394932.206
561 931 1413394909.956 1413394932.506
262 938 1413394894.706 1413394932.856
373 946 1413394900.256 1413394933.256
373 951 1413394900.256 1413394933.506
389 956 1413394901.056 1413394933.756
668 960 1413394915.306 1413394933.956
396 960 1413394901.406 1413394933.956
752 1014 1413394922.256 1413394937.106
712 1031 1413394918.256 1413394938.656
722 1034 1413394919.256 1413394938.956
741 1037 1413394921.156 1413394939.256
733 1047 1413394920.356 1413394940.256
714 1047 1413394918.456 1413394940.256
714 1050 1413394918.456 1413394940.556
732 1050 1413394920.256 1413394940.556
722 1051 1413394919.256 1413394940.656
561 1116 1413394909.956 1413394944.356
620 1320 1413394912.906 1413394959.706
620 1325 1413394912.906 1413394959.956
631 1328 1413394913.456 1413394960.106
631 1329 1413394913.456 1413394960.156
631 1330 1413394913.456 1413394960.206
620 1331 1413394912.906 1413394960.256
631 1332 1413394913.456 1413394960.306
925 1380 1413394932.206 1413394962.706
924 1386 1413394932.156 1413394963.006
823 1398 1413394927.106 1413394963.606
925 1398 1413394932.206 1413394963.606
1087 1471 1413394942.906 1413394967.256
458 1481 1413394904.806 1413394967.756
432 1499 1413394903.456 1413394968.656
429 1512 1413394903.156 1413394969.556
1037 1542 1413394939.256 1413394972.556
1083 1543 1413394942.706 1413394972.656
1013 1543 1413394937.006 1413394972.656
1087 1544 1413394942.906 1413394972.756
1083 1545 1413394942.706 1413394972.856
1050 1545 1413394940.556 1413394972.856
750 1580 1413394922.056 1413394974.656
727 1580 1413394919.756 1413394974.656
789 1588 1413394925.406 1413394975.056
129 1637 1413394888.056 1413394978.456
142 1642 1413394888.706 1413394978.706
142 1646 1413394888.706 1413394978.906
1295 1651 1413394958.456 1413394979.156
154 1651 1413394889.306 1413394979.156
210 1655 1413394892.106 1413394979.356
210 1658 1413394892.106 1413394979.506
210 1660 1413394892.106 1413394979.606
210 1664 1413394892.106 1413394979.806
129 1684 1413394888.056 1413394980.806
1290 1692 1413394958.206 1413394981.206
128 1698 1413394888.006 1413394981.506
128 1727 1413394888.006 1413394983.006
229 1728 1413394893.056 1413394983.106
745 1733 1413394921.556 1413394983.606
746 1735 1413394921.656 1413394983.806
726 1735 1413394919.656 1413394983.806
725 1737 1413394919.556 1413394984.006
746 1742 1413394921.656 1413394984.506
743 1746 1413394921.356 1413394984.906
743 1750 1413394921.356 1413394985.306
753 1752 1413394922.356 1413394985.506
749 1753 1413394921.956 1413394985.606
753 1755 1413394922.356 1413394985.806
755 1758 1413394922.556 1413394986.106
750 1759 1413394922.056 1413394986.206
727 1760 1413394919.756 1413394986.306
748 1761 1413394921.856 1413394986.406
727 1762 1413394919.756 1413394986.506
727 1763 1413394919.756 1413394986.606
725 1764 1413394919.556 1413394986.706
726 1771 1413394919.656 1413394987.406
727 1772 1413394919.756 1413394987.506
711 1827 1413394918.156 1413394991.606
715 1827 1413394918.556 1413394991.606
728 1842 1413394919.856 1413394992.356
729 1869 1413394919.956 1413394993.706
727 1874 1413394919.756 1413394993.956
714 1877 1413394918.456 1413394994.106
729 1879 1413394919.956 1413394994.206
720 1880 1413394919.056 1413394994.306
728 1880 1413394919.856 1413394994.306
1028 1881 1413394938.356 1413394994.406
1028 1883 1413394938.356 1413394994.606
1017 1884 1413394937.306 1413394994.706
724 1891 1413394919.456 1413394995.406
