277 460 1413393226.106 1413393235.256
177 501 1413393221.106 1413393237.306
301 527 1413393227.306 1413393238.606
321 542 1413393228.306 1413393239.356
321 556 1413393228.306 1413393240.056
125 572 1413393218.506 1413393240.856
431 745 1413393233.806 1413393249.506
262 789 1413393225.356 1413393251.706
177 812 1413393221.106 1413393252.856
361 842 1413393230.306 1413393254.356
341 868 1413393229.306 1413393255.656
197 892 1413393222.106 1413393256.856
361 892 1413393230.306 1413393256.856
177 913 1413393221.106 1413393257.906
321 933 1413393228.306 1413393258.906
222 933 1413393223.356 1413393258.906
177 953 1413393221.106 1413393259.906
321 953 1413393228.306 1413393259.906
321 974 1413393228.306 1413393260.956
431 995 1413393233.806 1413393262.006
431 1028 1413393233.806 1413393263.656
431 1081 1413393233.806 1413393266.306
431 1152 1413393233.806 1413393269.856
401 1207 1413393232.306 1413393272.606
431 1235 1413393233.806 1413393274.006
125 1324 1413393218.506 1413393278.456
301 1324 1413393227.306 1413393278.456
197 1344 1413393222.106 1413393279.456
242 1371 1413393224.356 1413393280.806
157 1391 1413393220.106 1413393281.806
177 1446 1413393221.106 1413393284.556
440 1464 1413393234.256 1413393285.456
431 1490 1413393233.806 1413393286.756
789 1512 1413393251.706 1413393287.856
341 1512 1413393229.306 1413393287.856
401 1528 1413393232.306 1413393288.656
401 1556 1413393232.306 1413393290.056
125 1735 1413393218.506 1413393299.006
123 1764 1413393218.406 1413393300.456
125 1870 1413393218.506 1413393305.756
139 1870 1413393219.206 1413393305.756
139 1878 1413393219.206 1413393306.156
177 1888 1413393221.106 1413393306.656
301 1901 1413393227.306 1413393307.306
125 1912 1413393218.506 1413393307.856
277 1923 1413393226.106 1413393308.406
277 1932 1413393226.106 1413393308.856
341 1942 1413393229.306 1413393309.356
341 1962 1413393229.306 1413393310.356
277 1989 1413393226.106 1413393311.706
401 2009 1413393232.306 1413393312.706
1207 2029 1413393272.606 1413393313.706
995 2072 1413393262.006 1413393315.856
1235 2087 1413393274.006 1413393316.606
1152 2098 1413393269.856 1413393317.156
1152 2108 1413393269.856 1413393317.656
1152 2116 1413393269.856 1413393318.056
1152 2124 1413393269.856 1413393318.456
1152 2154 1413393269.856 1413393319.956
1081 2156 1413393266.306 1413393320.056
1081 2157 1413393266.306 1413393320.106
1207 2158 1413393272.606 1413393320.156
1235 2159 1413393274.006 1413393320.206
1207 2160 1413393272.606 1413393320.256
1556 2161 1413393290.056 1413393320.306
1235 2161 1413393274.006 1413393320.306
1789 2164 1413393301.706 1413393320.456
