76 325
300 379
243 474
363 492
379 594
186 605
285 719
300 719
135 735
372 757
372 767
402 773
363 780
372 784
363 788
363 790
363 791
363 792
363 793
254 817
254 828
254 1083
254 1090
318 1095
254 1121
254 1141
817 1299
334 1308
1095 1308
843 1308
1212 1311
1205 1314
285 1323
1285 1327
1212 1328
506 1337
536 1391
536 1402
536 1415
549 1419
594 1422
536 1429
549 1436
441 1627
817 1646
435 1650
423 1653
435 1673
1043 1688
452 1704
452 1761
1441 1950
1884 1958
1501 1958
1314 1961
1314 1968
1285 1970
1285 1972
1314 1978
230 1982
1323 2087
1323 2088
1328 2089
1363 2090
1328 2091
1323 2092
396 2092
1436 2098
1328 2098
412 2098
672 2099
1363 2104
1323 2117
412 2117
402 2125
