243 474 1403715898.734 1403715910.284
254 817 1403715899.284 1403715927.434
254 1177 1403715899.284 1403715945.434
363 1253 1403715904.734 1403715949.234
355 1280 1403715904.334 1403715950.584
363 1287 1403715904.734 1403715950.934
405 1475 1403715906.834 1403715960.334
411 1485 1403715907.134 1403715960.834
411 1492 1403715907.134 1403715961.184
452 1715 1403715909.184 1403715972.334
452 1743 1403715909.184 1403715973.734
1144 1743 1403715943.784 1403715973.734
452 1771 1403715909.184 1403715975.134
452 1792 1403715909.184 1403715976.184
452 1815 1403715909.184 1403715977.334
435 1927 1403715908.334 1403715982.934
441 1933 1403715908.634 1403715983.234
1836 1940 1403715978.384 1403715983.584
1836 1947 1403715978.384 1403715983.934
1836 1950 1403715978.384 1403715984.084
1287 1971 1403715950.934 1403715985.134
138 2060 1403715893.484 1403715989.584
