67 170
93 170
36 170
100 191
67 191
5 191
6 194
58 194
103 194
76 194
64 199
109 204
61 204
28 204
109 207
18 207
61 212
67 217
117 217
84 217
90 223
81 228
81 232
64 232
43 235
117 237
100 239
79 239
67 240
12 241
58 241
12 244
73 247
117 252
18 256
54 256
73 259
18 259
46 259
61 262
58 264
23 264
95 264
61 266
128 266
64 268
117 268
70 271
81 274
5 274
61 274
98 278
145 278
95 283
58 283
157 303
138 303
271 339
161 346
223 346
164 353
187 353
43 366
18 366
6 368
167 372
252 376
173 380
161 383
207 383
239 385
161 387
217 387
274 387
167 389
256 389
170 391
316 391
241 391
256 393
240 395
207 395
256 399
283 399
278 440
182 444
109 449
170 449
70 454
64 458
312 466
167 468
271 470
332 472
256 472
332 534
161 534
320 538
440 559
368 564
161 581
161 586
161 591
138 594
293 597
157 597
259 597
268 600
256 600
207 603
472 612
252 662
252 665
241 665
252 668
259 668
161 671
151 674
256 678
362 681
498 681
151 681
191 681
329 681
298 681
70 681
6 681
109 681
81 684
293 709
461 734
440 734
430 734
170 754
308 846
773 854
627 854
567 854
79 863
635 964
799 964
615 968
693 968
645 971
615 1080
620 1095
591 1098
567 1098
654 1102
768 1152
617 1187
709 1187
631 1187
956 1235
1115 1239
1019 1239
559 1313
564 1320
654 1320
600 1630
586 1630
1299 1661
1476 1664
612 1664
615 1681
615 1684
578 1684
559 1684
1406 1687
612 1689
620 1692
709 1692
712 1695
617 1698
1459 1698
617 1702
709 1702
698 1706
658 1709
1484 1712
617 1715
752 1763
665 1766
645 1766
635 1836
635 1890
631 1912
738 1912
1406 1912
610 1914
1158 1946
1115 1946
1877 2042
1886 2042
1886 2045
1941 2048
1972 2051
1860 2051
268 2056
293 2056
1950 2063
1946 2065
1854 2067
1216 2091
1212 2099
559 2133
1484 2133
709 2137
1250 2167
1176 2167
1076 2184
671 2207
1967 2252
1854 2255
1119 2255
1906 2255
989 2258
2016 2280
2042 2280
36 2438
76 2622
651 2668
709 2668
617 2670
617 2680
1493 2683
718 2683
576 2683
1689 2687
1706 2691
777 2694
