295 513 1413393900.756 1413393911.656
135 524 1413393892.756 1413393912.206
266 533 1413393899.306 1413393912.656
293 552 1413393900.656 1413393913.606
260 563 1413393899.006 1413393914.156
299 563 1413393900.956 1413393914.156
281 567 1413393900.056 1413393914.356
156 567 1413393893.806 1413393914.356
229 571 1413393897.456 1413393914.556
291 571 1413393900.556 1413393914.556
260 577 1413393899.006 1413393914.856
156 584 1413393893.806 1413393915.206
240 591 1413393898.006 1413393915.556
281 598 1413393900.056 1413393915.906
156 598 1413393893.806 1413393915.906
156 612 1413393893.806 1413393916.606
419 612 1413393906.956 1413393916.606
156 624 1413393893.806 1413393917.206
161 631 1413393894.056 1413393917.556
129 640 1413393892.456 1413393918.006
129 650 1413393892.456 1413393918.506
126 657 1413393892.306 1413393918.856
388 660 1413393905.406 1413393919.006
200 660 1413393896.006 1413393919.006
270 665 1413393899.506 1413393919.256
377 665 1413393904.856 1413393919.256
249 670 1413393898.456 1413393919.506
291 670 1413393900.556 1413393919.506
249 680 1413393898.456 1413393920.006
302 779 1413393901.106 1413393924.956
270 779 1413393899.506 1413393924.956
302 782 1413393901.106 1413393925.106
270 782 1413393899.506 1413393925.106
225 782 1413393897.256 1413393925.106
249 785 1413393898.456 1413393925.256
317 788 1413393901.856 1413393925.406
161 792 1413393894.056 1413393925.606
200 792 1413393896.006 1413393925.606
121 797 1413393892.056 1413393925.856
303 797 1413393901.156 1413393925.856
213 797 1413393896.656 1413393925.856
100 803 1413393891.006 1413393926.156
200 803 1413393896.006 1413393926.156
357 812 1413393903.856 1413393926.606
99 824 1413393890.956 1413393927.206
377 824 1413393904.856 1413393927.206
99 833 1413393890.956 1413393927.656
240 833 1413393898.006 1413393927.656
240 846 1413393898.006 1413393928.306
129 852 1413393892.456 1413393928.606
200 852 1413393896.006 1413393928.606
357 864 1413393903.856 1413393929.206
337 867 1413393902.856 1413393929.356
270 877 1413393899.506 1413393929.856
270 887 1413393899.506 1413393930.356
249 887 1413393898.456 1413393930.356
249 895 1413393898.456 1413393930.756
229 900 1413393897.456 1413393931.006
249 900 1413393898.456 1413393931.006
299 906 1413393900.956 1413393931.306
240 909 1413393898.006 1413393931.456
229 912 1413393897.456 1413393931.606
229 915 1413393897.456 1413393931.756
229 918 1413393897.456 1413393931.906
229 923 1413393897.456 1413393932.156
240 928 1413393898.006 1413393932.406
126 934 1413393892.306 1413393932.706
225 934 1413393897.256 1413393932.706
650 980 1413393918.506 1413393935.006
624 1048 1413393917.206 1413393938.406
612 1057 1413393916.606 1413393938.856
126 1234 1413393892.306 1413393947.706
146 1238 1413393893.306 1413393947.906
166 1426 1413393894.306 1413393957.306
665 1541 1413393919.256 1413393963.056
953 1541 1413393933.656 1413393963.056
1226 1546 1413393947.306 1413393963.306
126 1556 1413393892.306 1413393963.806
99 1561 1413393890.956 1413393964.056
100 1565 1413393891.006 1413393964.256
112 1569 1413393891.606 1413393964.456
99 1573 1413393890.956 1413393964.656
302 1724 1413393901.106 1413393972.206
357 1732 1413393903.856 1413393972.606
299 1732 1413393900.956 1413393972.606
229 1759 1413393897.456 1413393973.956
293 1765 1413393900.656 1413393974.256
317 1774 1413393901.856 1413393974.706
288 1778 1413393900.406 1413393974.906
317 1782 1413393901.856 1413393975.106
213 1789 1413393896.656 1413393975.456
303 1789 1413393901.156 1413393975.456
260 1795 1413393899.006 1413393975.756
229 1795 1413393897.456 1413393975.756
317 1795 1413393901.856 1413393975.756
249 1800 1413393898.456 1413393976.006
312 1806 1413393901.606 1413393976.306
317 1814 1413393901.856 1413393976.706
317 1844 1413393901.856 1413393978.206
533 2019 1413393912.656 1413393986.956
1974 2056 1413393984.706 1413393988.806
1498 2067 1413393960.906 1413393989.356
200 2067 1413393896.006 1413393989.356
1214 2067 1413393946.706 1413393989.356
1015 2071 1413393936.756 1413393989.556
1774 2106 1413393974.706 1413393991.306
785 2107 1413393925.256 1413393991.356
928 2109 1413393932.406 1413393991.456
552 2110 1413393913.606 1413393991.506
291 2156 1413393900.556 1413393993.806
785 2156 1413393925.256 1413393993.806
112 2157 1413393891.606 1413393993.856
1974 2160 1413393984.706 1413393994.006
1551 2160 1413393963.556 1413393994.006
1995 2163 1413393985.756 1413393994.156
260 2166 1413393899.006 1413393994.306
121 2197 1413393892.056 1413393995.856
1546 2218 1413393963.306 1413393996.906
1527 2232 1413393962.356 1413393997.606
1148 2232 1413393943.406 1413393997.606
1178 2237 1413393944.906 1413393997.856
779 2267 1413393924.956 1413393999.356
782 2268 1413393925.106 1413393999.406
100 2282 1413393891.006 1413394000.106
126 2283 1413393892.306 1413394000.156
1349 2286 1413393953.456 1413394000.306
1644 2286 1413393968.206 1413394000.306
1001 2287 1413393936.056 1413394000.356
1866 2287 1413393979.306 1413394000.356
1712 2287 1413393971.606 1413394000.356
2122 2287 1413393992.106 1413394000.356
1498 2287 1413393960.906 1413394000.356
782 2287 1413393925.106 1413394000.356
