432 482 1403715545.512 1403715548.012
340 486 1403715540.912 1403715548.212
448 490 1403715546.312 1403715548.412
258 490 1403715536.812 1403715548.412
239 510 1403715535.862 1403715549.412
315 530 1403715539.662 1403715550.412
432 542 1403715545.512 1403715551.012
432 550 1403715545.512 1403715551.412
479 578 1403715547.862 1403715552.812
212 592 1403715534.512 1403715553.512
570 597 1403715552.412 1403715553.762
368 655 1403715542.312 1403715556.662
368 688 1403715542.312 1403715558.312
557 708 1403715551.762 1403715559.312
479 728 1403715547.862 1403715560.312
592 762 1403715553.512 1403715562.012
486 782 1403715548.212 1403715563.012
510 802 1403715549.412 1403715564.012
618 843 1403715554.812 1403715566.062
592 857 1403715553.512 1403715566.762
708 860 1403715559.312 1403715566.912
597 860 1403715553.762 1403715566.912
592 861 1403715553.512 1403715566.962
592 865 1403715553.512 1403715567.162
578 875 1403715552.812 1403715567.662
832 980 1403715565.512 1403715572.912
838 995 1403715565.812 1403715573.662
857 1056 1403715566.762 1403715576.712
857 1069 1403715566.762 1403715577.362
875 1632 1403715567.662 1403715605.512
861 1632 1403715566.962 1403715605.512
631 1632 1403715555.462 1403715605.512
860 1638 1403715566.912 1403715605.812
1024 1644 1403715575.112 1403715606.112
875 1644 1403715567.662 1403715606.112
1038 1646 1403715575.812 1403715606.212
1381 1648 1403715592.962 1403715606.312
762 1659 1403715562.012 1403715606.862
875 1664 1403715567.662 1403715607.112
