300 379 1403715901.584 1403715905.534
206 389 1403715896.884 1403715906.034
243 474 1403715898.734 1403715910.284
177 491 1403715895.434 1403715911.134
192 496 1403715896.184 1403715911.384
192 498 1403715896.184 1403715911.484
192 505 1403715896.184 1403715911.834
379 594 1403715905.534 1403715916.284
228 605 1403715897.984 1403715916.834
300 628 1403715901.584 1403715917.984
372 721 1403715905.184 1403715922.634
379 736 1403715905.534 1403715923.384
177 790 1403715895.434 1403715926.084
177 791 1403715895.434 1403715926.134
372 792 1403715905.184 1403715926.184
363 793 1403715904.734 1403715926.234
192 795 1403715896.184 1403715926.334
355 796 1403715904.334 1403715926.384
243 800 1403715898.734 1403715926.584
372 800 1403715905.184 1403715926.584
254 808 1403715899.284 1403715926.984
254 817 1403715899.284 1403715927.434
275 1092 1403715900.334 1403715941.184
284 1095 1403715900.784 1403715941.334
254 1177 1403715899.284 1403715945.434
243 1197 1403715898.734 1403715946.434
228 1206 1403715897.984 1403715946.884
379 1216 1403715905.534 1403715947.384
161 1233 1403715894.634 1403715948.234
363 1253 1403715904.734 1403715949.234
161 1273 1403715894.634 1403715950.234
355 1280 1403715904.334 1403715950.584
284 1280 1403715900.784 1403715950.584
363 1287 1403715904.734 1403715950.934
138 1304 1403715893.484 1403715951.784
138 1308 1403715893.484 1403715951.984
177 1312 1403715895.434 1403715952.184
411 1458 1403715907.134 1403715959.484
405 1475 1403715906.834 1403715960.334
411 1485 1403715907.134 1403715960.834
411 1492 1403715907.134 1403715961.184
817 1649 1403715927.434 1403715969.034
441 1649 1403715908.634 1403715969.034
423 1653 1403715907.734 1403715969.234
435 1659 1403715908.334 1403715969.534
435 1676 1403715908.334 1403715970.384
817 1697 1403715927.434 1403715971.434
808 1697 1403715926.984 1403715971.434
452 1715 1403715909.184 1403715972.334
452 1743 1403715909.184 1403715973.734
1144 1743 1403715943.784 1403715973.734
452 1771 1403715909.184 1403715975.134
452 1792 1403715909.184 1403715976.184
452 1815 1403715909.184 1403715977.334
435 1927 1403715908.334 1403715982.934
441 1933 1403715908.634 1403715983.234
1836 1940 1403715978.384 1403715983.584
1836 1947 1403715978.384 1403715983.934
1836 1950 1403715978.384 1403715984.084
1216 1957 1403715947.384 1403715984.434
1836 1957 1403715978.384 1403715984.434
1253 1971 1403715949.234 1403715985.134
1287 1971 1403715950.934 1403715985.134
1328 1977 1403715952.984 1403715985.434
138 2060 1403715893.484 1403715989.584
