5 79 0.520 8.206
2 81 0.208 8.415
31 81 3.223 8.415
49 83 5.093 8.624
21 86 2.183 8.937
2 99 0.208 10.291
53 102 5.508 10.603
10 104 1.039 10.810
10 106 1.039 11.018
49 108 5.093 11.226
41 110 4.262 11.434
49 112 5.093 11.642
10 115 1.039 11.954
21 117 2.183 12.162
65 117 6.751 12.162
10 119 1.039 12.370
5 121 0.520 12.578
31 124 3.223 12.890
10 126 1.039 13.098
53 128 5.508 13.306
10 131 1.039 13.617
41 131 4.262 13.617
53 133 5.508 13.825
21 136 2.183 14.136
49 139 5.093 14.448
5 141 0.520 14.655
31 143 3.223 14.863
106 146 11.018 15.174
81 146 8.415 15.174
41 148 4.262 15.381
90 150 9.354 15.589
49 150 5.093 15.589
10 153 1.039 15.900
90 156 9.354 16.212
57 158 5.922 16.419
41 161 4.262 16.731
57 161 5.922 16.731
57 164 5.922 17.042
21 164 2.183 17.042
86 166 8.937 17.250
5 166 0.520 17.250
53 169 5.508 17.561
57 171 5.922 17.769
21 173 2.183 17.977
31 176 3.223 18.288
41 179 4.262 18.600
15 179 1.559 18.600
57 182 5.922 18.911
10 185 1.039 19.222
21 187 2.183 19.430
5 189 0.520 19.637
57 189 5.922 19.637
2 192 0.208 19.949
2 195 0.208 20.260
3 198 0.312 20.571
3 200 0.312 20.779
3 203 0.312 21.090
49 203 5.093 21.090
49 206 5.093 21.401
21 208 2.183 21.609
57 211 5.922 21.920
10 213 1.039 22.128
93 215 9.667 22.335
21 215 2.183 22.335
57 217 5.922 22.543
31 220 3.223 22.854
104 220 10.810 22.854
83 220 8.624 22.854
57 222 5.922 23.062
2 222 0.208 23.062
15 222 1.559 23.062
21 224 2.183 23.269
31 226 3.223 23.477
65 228 6.751 23.685
10 230 1.039 23.892
65 230 6.751 23.892
83 232 8.624 24.100
53 234 5.508 24.308
21 236 2.183 24.515
88 236 9.146 24.515
21 239 2.183 24.827
112 243 11.642 25.242
139 260 14.448 27.008
124 260 12.890 27.008
164 263 17.042 27.321
49 265 5.093 27.529
176 274 18.288 28.463
187 277 19.430 28.775
169 277 17.561 28.775
156 280 16.212 29.086
192 283 19.949 29.397
21 298 2.183 30.953
81 312 8.415 32.406
189 314 19.637 32.614
10 314 1.039 32.614
65 317 6.751 32.925
164 326 17.042 33.859
148 329 15.381 34.170
230 329 23.892 34.170
115 329 11.954 34.170
192 332 19.949 34.481
208 334 21.609 34.689
217 337 22.543 35.000
220 340 22.854 35.311
228 340 23.685 35.311
247 343 25.657 35.622
176 343 18.288 35.622
213 359 22.128 37.283
153 359 15.900 37.283
265 359 27.529 37.283
164 361 17.042 37.490
203 361 21.090 37.490
185 361 19.222 37.490
158 363 16.419 37.698
260 363 27.008 37.698
173 365 17.977 37.905
187 389 19.430 40.396
211 389 21.920 40.396
291 391 30.227 40.604
234 393 24.308 40.812
185 393 19.222 40.812
270 393 28.048 40.812
314 393 32.614 40.812
263 394 27.321 40.916
319 395 33.133 41.020
217 395 22.543 41.020
234 395 24.308 41.020
230 397 23.892 41.228
224 400 23.269 41.541
156 400 16.212 41.541
158 404 16.419 41.958
93 407 9.667 42.271
139 410 14.448 42.583
166 410 17.250 42.583
203 433 21.090 44.974
169 433 17.561 44.974
213 436 22.128 45.285
220 438 22.854 45.492
83 454 8.624 47.152
128 454 13.306 47.152
182 454 18.911 47.152
236 454 24.515 47.152
334 454 34.689 47.152
200 457 20.779 47.463
53 457 5.508 47.463
206 484 21.401 50.269
255 490 26.489 50.894
308 490 31.991 50.894
215 497 22.335 51.623
334 501 34.689 52.040
117 501 12.162 52.040
410 508 42.583 52.766
381 514 39.566 53.388
77 531 7.998 55.151
374 541 38.839 56.189
448 541 46.529 56.189
423 541 43.936 56.189
413 545 42.896 56.603
423 545 43.936 56.603
363 548 37.698 56.915
143 552 14.863 57.330
77 552 7.998 57.330
148 552 15.381 57.330
136 552 14.136 57.330
363 552 37.698 57.330
436 563 45.285 58.472
208 567 21.609 58.888
153 567 15.900 58.888
393 567 40.812 58.888
417 571 43.312 59.303
195 571 20.260 59.303
444 571 46.114 59.303
164 643 17.042 66.780
200 643 20.779 66.780
295 643 30.642 66.780
161 646 16.731 67.092
365 650 37.905 67.507
319 654 33.133 67.923
185 658 19.222 68.338
156 661 16.212 68.650
203 661 21.090 68.650
255 676 26.489 70.209
161 680 16.731 70.624
643 724 66.780 75.189
658 724 68.338 75.189
590 724 61.275 75.189
497 727 51.623 75.501
628 727 65.223 75.501
574 730 59.614 75.813
558 758 57.953 78.728
189 758 19.637 78.728
171 758 17.769 78.728
131 761 13.617 79.040
263 761 27.321 79.040
571 761 59.303 79.040
605 761 62.833 79.040
567 773 58.888 80.286
558 773 57.953 80.286
597 777 62.002 80.701
361 789 37.490 81.946
257 812 26.697 84.333
166 812 17.250 84.333
93 812 9.667 84.333
182 812 18.911 84.333
265 816 27.529 84.750
176 816 18.288 84.750
230 820 23.892 85.167
319 824 33.133 85.584
372 828 38.632 86.000
407 832 42.271 86.417
351 832 36.453 86.417
195 859 20.260 89.222
187 864 19.430 89.742
310 924 32.199 95.980
508 926 52.766 96.188
215 936 22.335 97.227
587 956 60.963 99.306
560 959 58.161 99.618
514 959 53.388 99.618
208 965 21.609 100.242
295 968 30.642 100.554
102 1003 10.603 104.196
150 1009 15.589 104.820
571 1051 59.303 109.181
555 1098 57.641 114.070
538 1101 55.877 114.381
514 1105 53.388 114.796
567 1105 58.888 114.796
586 1108 60.860 115.107
567 1108 58.888 115.107
590 1108 61.275 115.107
527 1111 54.737 115.418
548 1111 56.915 115.418
574 1114 59.614 115.729
590 1114 61.275 115.729
605 1114 62.833 115.729
538 1132 55.877 117.598
508 1132 52.766 117.598
501 1147 52.040 119.155
519 1147 53.907 119.155
665 1147 69.066 119.155
523 1151 54.322 119.570
661 1151 68.650 119.570
563 1154 58.472 119.882
698 1157 72.491 120.193
639 1157 66.365 120.193
560 1157 58.161 120.193
555 1208 57.641 125.493
567 1211 58.888 125.805
571 1214 59.303 126.116
497 1214 51.623 126.116
523 1217 54.322 126.428
538 1217 55.877 126.428
571 1217 59.303 126.428
497 1220 51.623 126.740
558 1223 57.953 127.052
560 1252 58.161 130.069
590 1252 61.275 130.069
574 1252 59.614 130.069
708 1290 73.528 134.022
758 1290 78.728 134.022
586 1297 60.860 134.752
523 1307 54.322 135.793
514 1317 53.388 136.834
1075 1391 111.677 144.525
420 1541 43.624 160.117
1039 1596 107.935 165.833
1108 1596 115.107 165.833
1075 1596 111.677 165.833
1065 1603 110.635 166.560
198 1647 20.571 171.132
200 1651 20.779 171.549
220 1690 22.854 175.606
1636 1724 169.987 179.136
1596 1724 165.833 179.136
1638 1726 170.195 179.344
1647 1728 171.132 179.551
389 1882 40.396 195.550
1101 1893 114.381 196.693
1217 1893 126.428 196.693
1126 1895 116.975 196.901
1065 1898 110.635 197.213
1679 2016 174.461 209.479
1806 2019 187.649 209.791
1880 2022 195.342 210.102
619 2053 64.288 213.324
658 2053 68.338 213.324
1633 2303 169.675 239.313
1673 2303 173.837 239.313
1618 2324 168.116 241.496
1655 2324 171.965 241.496
1687 2327 175.293 241.808
1707 2327 177.371 241.808
1676 2331 174.149 242.224
1714 2381 178.098 247.425
1712 2381 177.890 247.425
1750 2387 181.834 248.049
1714 2393 178.098 248.673
1707 2430 177.371 252.519
1643 2430 170.716 252.519
1614 2432 167.701 252.727
1618 2435 168.116 253.039
1643 2435 170.716 253.039
1660 2435 172.485 253.039
1701 2435 176.749 253.039
1618 2452 168.116 254.806
1738 2452 180.589 254.806
1679 2454 174.461 255.014
1632 2454 169.571 255.014
1618 2456 168.116 255.222
1609 2459 167.183 255.534
1676 2463 174.149 255.950
1640 2470 170.403 256.679
1651 2470 171.549 256.679
1596 2470 165.833 256.679
1679 2517 174.461 261.562
1667 2517 173.214 261.562
1712 2517 177.890 261.562
1823 2659 189.415 276.331
1724 2662 179.136 276.642
1697 2662 176.333 276.642
1636 2678 169.987 278.302
1618 2678 168.116 278.302
1695 2680 176.125 278.510
1695 2764 176.125 287.232
1633 2802 169.675 291.178
1618 2804 168.116 291.385
1695 2804 176.125 291.385
1618 2817 168.116 292.736
1730 2829 179.759 293.982
1690 2829 175.606 293.982
1636 2831 169.987 294.189
1670 2834 173.525 294.500
1692 2836 175.814 294.708
1707 2836 177.371 294.708
1643 2838 170.716 294.915
1622 2925 168.531 303.952
1695 2969 176.125 308.529
1750 2972 181.834 308.840
1683 2975 174.877 309.152
1622 2975 168.531 309.152
1603 2977 166.560 309.360
2584 3043 268.532 316.224
2767 3163 287.544 328.691
2814 3163 292.424 328.691
1647 3280 171.132 340.845
3054 3311 317.365 344.064
3082 3311 320.272 344.064
3157 3311 328.068 344.064
3003 3321 312.063 345.101
3076 3323 319.649 345.309
2958 3343 307.388 347.385
2975 3343 309.152 347.385
2982 3461 309.880 359.650
1797 3479 186.714 361.520
2846 3688 295.745 383.240
2812 3688 292.216 383.240
2829 3688 293.982 383.240
2692 3795 279.757 394.361
3277 3827 340.533 397.686
3091 3827 321.208 397.686
3160 3827 328.380 397.686
3211 3829 333.677 397.893
2823 3846 293.358 399.657
2727 3849 283.391 399.968
2727 3851 283.391 400.176
2733 3851 284.014 400.176
1643 3853 170.716 400.383
1695 3853 176.125 400.383
2844 3915 295.538 406.824
2972 3981 308.840 413.684
1709 3998 177.579 415.454
1692 3998 175.814 415.454
1633 4055 169.675 421.383
