300 381 1403715901.584 1403715905.634
229 393 1403715898.034 1403715906.234
81 402 1403715890.634 1403715906.684
366 491 1403715904.884 1403715911.134
366 496 1403715904.884 1403715911.384
366 498 1403715904.884 1403715911.484
366 504 1403715904.884 1403715911.784
381 516 1403715905.634 1403715912.384
393 605 1403715906.234 1403715916.834
374 623 1403715905.284 1403715917.734
81 643 1403715890.634 1403715918.734
300 719 1403715901.584 1403715922.534
81 736 1403715890.634 1403715923.384
328 757 1403715902.984 1403715924.434
374 757 1403715905.284 1403715924.434
81 766 1403715890.634 1403715924.884
366 772 1403715904.884 1403715925.184
176 777 1403715895.384 1403715925.434
393 777 1403715906.234 1403715925.434
374 782 1403715905.284 1403715925.684
374 785 1403715905.284 1403715925.834
176 788 1403715895.384 1403715925.984
229 790 1403715898.034 1403715926.084
366 791 1403715904.884 1403715926.134
366 792 1403715904.884 1403715926.184
366 793 1403715904.884 1403715926.234
229 795 1403715898.034 1403715926.334
229 796 1403715898.034 1403715926.384
360 798 1403715904.584 1403715926.484
254 804 1403715899.284 1403715926.784
243 812 1403715898.734 1403715927.184
804 844 1403715926.784 1403715928.784
318 1096 1403715902.484 1403715941.384
328 1122 1403715902.984 1403715942.684
254 1145 1403715899.284 1403715943.834
254 1165 1403715899.284 1403715944.834
328 1178 1403715902.984 1403715945.484
342 1198 1403715903.684 1403715946.484
360 1206 1403715904.584 1403715946.884
229 1253 1403715898.034 1403715949.234
72 1260 1403715890.184 1403715949.584
360 1279 1403715904.584 1403715950.534
360 1285 1403715904.584 1403715950.834
366 1289 1403715904.884 1403715951.034
72 1296 1403715890.184 1403715951.384
176 1308 1403715895.384 1403715951.984
176 1311 1403715895.384 1403715952.134
366 1313 1403715904.884 1403715952.234
366 1318 1403715904.884 1403715952.484
366 1325 1403715904.884 1403715952.834
374 1395 1403715905.284 1403715956.334
402 1417 1403715906.684 1403715957.434
405 1420 1403715906.834 1403715957.584
374 1422 1403715905.284 1403715957.684
405 1454 1403715906.834 1403715959.284
422 1459 1403715907.684 1403715959.534
410 1475 1403715907.084 1403715960.334
410 1485 1403715907.084 1403715960.834
422 1492 1403715907.684 1403715961.184
422 1534 1403715907.684 1403715963.284
433 1649 1403715908.234 1403715969.034
444 1783 1403715908.784 1403715975.734
451 1814 1403715909.134 1403715977.284
433 1921 1403715908.234 1403715982.634
439 1928 1403715908.534 1403715982.984
1830 1950 1403715978.084 1403715984.084
1313 1968 1403715952.234 1403715984.984
1318 1969 1403715952.484 1403715985.034
1289 1971 1403715951.034 1403715985.134
138 2031 1403715893.484 1403715988.134
72 2073 1403715890.184 1403715990.234
