381 516 1403715905.634 1403715912.384
254 1145 1403715899.284 1403715943.834
328 1178 1403715902.984 1403715945.484
342 1198 1403715903.684 1403715946.484
229 1253 1403715898.034 1403715949.234
360 1279 1403715904.584 1403715950.534
360 1285 1403715904.584 1403715950.834
366 1318 1403715904.884 1403715952.484
366 1325 1403715904.884 1403715952.834
405 1454 1403715906.834 1403715959.284
410 1475 1403715907.084 1403715960.334
410 1485 1403715907.084 1403715960.834
433 1649 1403715908.234 1403715969.034
444 1783 1403715908.784 1403715975.734
451 1814 1403715909.134 1403715977.284
433 1921 1403715908.234 1403715982.634
439 1928 1403715908.534 1403715982.984
1830 1950 1403715978.084 1403715984.084
1289 1971 1403715951.034 1403715985.134
138 2031 1403715893.484 1403715988.134
72 2073 1403715890.184 1403715990.234
