37 131 3.845 13.618
42 133 4.365 13.826
37 135 3.845 14.034
37 137 3.845 14.242
42 139 4.365 14.450
42 141 4.365 14.658
37 144 3.845 14.969
40 147 4.157 15.281
6 149 0.623 15.489
2 151 0.208 15.697
2 153 0.208 15.905
42 155 4.365 16.113
3 157 0.312 16.321
23 157 2.390 16.321
25 159 2.597 16.529
42 161 4.365 16.737
12 163 1.247 16.945
42 165 4.365 17.153
42 167 4.365 17.361
37 170 3.845 17.673
37 172 3.845 17.881
73 174 7.587 18.089
37 174 3.845 18.089
27 174 2.806 18.089
63 176 6.547 18.297
21 178 2.182 18.505
30 178 3.117 18.505
3 180 0.312 18.713
79 180 8.211 18.713
3 184 0.312 19.129
37 188 3.845 19.545
37 192 3.845 19.961
103 195 10.707 20.273
69 199 7.171 20.689
28 202 2.909 21.002
19 206 1.974 21.418
2 209 0.208 21.730
49 209 5.092 21.730
69 209 7.171 21.730
40 212 4.157 22.042
6 215 0.623 22.355
12 218 1.247 22.667
2 220 0.208 22.875
67 221 6.963 22.979
56 221 5.820 22.979
159 222 16.529 23.083
151 222 15.697 23.083
120 222 12.474 23.083
157 223 16.321 23.187
12 223 1.247 23.187
53 223 5.508 23.187
37 224 3.845 23.291
8 224 0.831 23.291
6 226 0.623 23.499
161 230 16.737 23.915
47 230 4.884 23.915
65 233 6.755 24.227
8 236 0.831 24.540
2 238 0.208 24.748
3 241 0.312 25.060
111 241 11.539 25.060
63 244 6.547 25.372
70 244 7.275 25.372
40 244 4.157 25.372
75 247 7.795 25.684
106 247 11.019 25.684
161 247 16.737 25.684
53 247 5.508 25.684
83 251 8.627 26.100
6 251 0.623 26.100
77 251 8.003 26.100
73 253 7.587 26.307
151 253 15.697 26.307
12 253 1.247 26.307
60 253 6.235 26.307
106 255 11.019 26.515
12 258 1.247 26.827
75 261 7.795 27.139
104 261 10.811 27.139
40 263 4.157 27.347
51 263 5.300 27.347
30 264 3.117 27.451
89 265 9.251 27.555
157 265 16.321 27.555
75 266 7.795 27.659
73 267 7.587 27.763
153 267 15.905 27.763
51 268 5.300 27.867
83 268 8.627 27.867
19 268 1.974 27.867
165 268 17.153 27.867
6 268 0.623 27.867
77 268 8.003 27.867
108 268 11.227 27.867
101 268 10.499 27.867
163 269 16.945 27.971
157 269 16.321 27.971
47 270 4.884 28.075
89 270 9.251 28.075
125 271 12.994 28.179
89 272 9.251 28.283
161 272 16.737 28.283
147 274 15.281 28.491
137 274 14.242 28.491
153 274 15.905 28.491
77 276 8.003 28.699
81 277 8.419 28.802
54 278 5.612 28.906
67 278 6.963 28.906
63 280 6.547 29.114
81 281 8.419 29.217
45 283 4.676 29.425
149 283 15.489 29.425
67 283 6.963 29.425
3 286 0.312 29.736
96 287 9.979 29.840
85 288 8.835 29.943
123 288 12.786 29.943
8 290 0.831 30.151
195 290 20.273 30.151
170 292 17.673 30.358
89 292 9.251 30.358
224 292 23.291 30.358
153 294 15.905 30.566
93 298 9.667 30.981
79 298 8.211 30.981
104 298 10.811 30.981
209 308 21.730 32.019
278 337 28.906 35.040
108 337 11.227 35.040
178 337 18.505 35.040
79 339 8.211 35.248
176 341 18.297 35.457
274 343 28.491 35.666
137 346 14.242 35.978
267 348 27.763 36.187
125 350 12.994 36.395
270 352 28.075 36.603
294 354 30.566 36.811
267 356 27.763 37.019
281 356 29.217 37.019
226 357 23.499 37.123
131 359 13.618 37.331
222 359 23.083 37.331
153 359 15.905 37.331
161 361 16.737 37.539
3 361 0.312 37.539
49 361 5.092 37.539
75 361 7.795 37.539
178 361 18.505 37.539
131 361 13.618 37.539
17 363 1.766 37.747
233 369 24.227 38.370
89 369 9.251 38.370
144 371 14.969 38.577
165 371 17.153 38.577
280 371 29.114 38.577
192 371 19.961 38.577
73 373 7.587 38.785
163 373 16.945 38.785
261 374 27.139 38.888
91 374 9.459 38.888
271 376 28.179 39.096
170 378 17.673 39.303
276 378 28.699 39.303
268 381 27.867 39.615
127 383 13.202 39.822
265 385 27.555 40.030
106 385 11.019 40.030
153 385 15.905 40.030
271 385 28.179 40.030
278 386 28.906 40.133
253 387 26.307 40.237
271 387 28.179 40.237
270 387 28.075 40.237
286 389 29.736 40.445
159 389 16.529 40.445
111 389 11.539 40.445
60 389 6.235 40.445
153 391 15.905 40.652
286 391 29.736 40.652
278 393 28.906 40.860
294 395 30.566 41.067
96 395 9.979 41.067
268 397 27.867 41.275
267 398 27.763 41.378
106 400 11.019 41.586
125 400 12.994 41.586
178 402 18.505 41.794
165 402 17.153 41.794
268 404 27.867 42.001
137 404 14.242 42.001
264 407 27.451 42.312
280 407 29.114 42.312
272 409 28.283 42.520
85 409 8.835 42.520
247 411 25.684 42.727
263 418 27.347 43.454
274 418 28.491 43.454
277 418 28.802 43.454
120 418 12.474 43.454
178 421 18.505 43.765
267 421 27.763 43.765
290 421 30.151 43.765
85 421 8.835 43.765
56 423 5.820 43.972
268 423 27.867 43.972
274 433 28.491 45.010
278 433 28.906 45.010
101 433 10.499 45.010
163 433 16.945 45.010
298 433 30.981 45.010
101 436 10.499 45.321
263 436 27.347 45.321
261 436 27.139 45.321
96 439 9.979 45.633
79 439 8.211 45.633
159 439 16.529 45.633
261 439 27.139 45.633
75 442 7.795 45.944
241 442 25.060 45.944
261 442 27.139 45.944
96 442 9.979 45.944
277 444 28.802 46.152
95 444 9.875 46.152
272 446 28.283 46.360
165 446 17.153 46.360
120 446 12.474 46.360
93 446 9.667 46.360
176 447 18.297 46.464
157 447 16.321 46.464
147 447 15.281 46.464
174 447 18.089 46.464
272 448 28.283 46.568
120 448 12.474 46.568
223 449 23.187 46.672
163 450 16.945 46.776
281 455 29.217 47.296
261 456 27.139 47.400
269 456 27.971 47.400
163 457 16.945 47.504
274 458 28.491 47.608
120 459 12.474 47.712
139 459 14.450 47.712
276 459 28.699 47.712
357 460 37.123 47.816
266 470 27.659 48.856
127 473 13.202 49.169
60 476 6.235 49.481
263 476 27.347 49.481
346 482 35.978 50.105
357 482 37.123 50.105
356 485 37.019 50.417
371 485 38.577 50.417
357 487 37.123 50.625
356 489 37.019 50.833
337 491 35.040 51.041
359 493 37.331 51.249
361 496 37.539 51.561
381 496 39.615 51.561
407 496 42.312 51.561
428 499 44.491 51.873
343 499 35.666 51.873
359 499 37.331 51.873
354 501 36.811 52.081
334 501 34.727 52.081
359 504 37.331 52.393
354 504 36.811 52.393
341 506 35.457 52.601
308 507 32.019 52.705
363 507 37.747 52.705
386 507 40.133 52.705
367 509 38.162 52.912
170 515 17.673 53.536
209 517 21.730 53.743
8 519 0.831 53.951
192 519 19.961 53.951
87 519 9.043 53.951
89 520 9.251 54.055
34 528 3.533 54.885
359 532 37.331 55.301
334 534 34.727 55.508
386 534 40.133 55.508
367 536 38.162 55.716
337 536 35.040 55.716
381 538 39.615 55.923
411 539 42.727 56.027
400 548 41.586 56.961
398 550 41.378 57.169
373 550 38.785 57.169
393 552 40.860 57.376
371 554 38.577 57.584
359 556 37.331 57.791
308 558 32.019 57.999
326 558 33.894 57.999
290 559 30.151 58.102
270 559 28.075 58.102
371 559 38.577 58.102
266 561 27.659 58.310
386 573 40.133 59.556
400 575 41.586 59.763
496 577 51.561 59.971
393 591 40.860 61.424
395 593 41.067 61.631
339 593 35.248 61.631
413 595 42.935 61.839
359 597 37.331 62.046
95 603 9.875 62.669
188 603 19.545 62.669
491 609 51.041 63.292
476 611 49.481 63.500
334 611 34.727 63.500
354 611 36.811 63.500
398 611 41.378 63.500
359 620 37.331 64.434
528 622 54.885 64.641
365 622 37.954 64.641
400 625 41.586 64.953
326 627 33.894 65.161
459 627 47.712 65.161
459 629 47.712 65.368
224 635 23.291 65.991
101 637 10.499 66.198
111 637 11.539 66.198
298 637 30.981 66.198
268 637 27.867 66.198
352 650 36.603 67.548
326 651 33.894 67.652
348 651 36.187 67.652
350 652 36.395 67.755
391 654 40.652 67.963
350 654 36.395 67.963
343 656 35.666 68.171
426 656 44.283 68.171
326 658 33.894 68.378
348 658 36.187 68.378
451 660 46.880 68.586
524 662 54.470 68.794
482 662 50.105 68.794
361 662 37.539 68.794
398 662 41.378 68.794
444 662 46.152 68.794
485 672 50.417 69.832
416 672 43.246 69.832
374 672 38.888 69.832
459 674 47.712 70.040
456 675 47.400 70.144
418 676 43.454 70.248
448 676 46.568 70.248
376 677 39.096 70.351
386 677 40.133 70.351
462 678 48.024 70.455
517 679 53.743 70.559
526 679 54.678 70.559
341 680 35.457 70.662
548 684 56.961 71.077
413 685 42.935 71.180
556 685 57.791 71.180
501 691 52.081 71.802
517 691 53.743 71.802
563 691 58.518 71.802
411 692 42.727 71.906
597 693 62.046 72.010
559 694 58.102 72.114
601 698 62.462 72.529
593 698 61.631 72.529
685 708 71.180 73.569
688 708 71.491 73.569
280 731 29.114 75.965
151 731 15.697 75.965
218 733 22.667 76.174
233 735 24.227 76.382
137 735 14.242 76.382
266 735 27.659 76.382
151 737 15.697 76.591
641 740 66.613 76.904
131 740 13.618 76.904
98 740 10.187 76.904
627 740 65.161 76.904
27 740 2.806 76.904
662 742 68.794 77.112
449 742 46.672 77.112
12 750 1.247 77.944
12 752 1.247 78.152
10 765 1.039 79.502
6 767 0.623 79.710
17 769 1.766 79.918
6 771 0.623 80.125
17 773 1.766 80.333
120 774 12.474 80.437
111 801 11.539 83.239
15 803 1.558 83.447
12 805 1.247 83.654
12 806 1.247 83.758
12 808 1.247 83.966
2 809 0.208 84.070
101 810 10.499 84.174
2 810 0.208 84.174
30 810 3.117 84.174
69 811 7.171 84.278
139 811 14.450 84.278
233 813 24.227 84.485
3 813 0.312 84.485
77 813 8.003 84.485
682 820 70.869 85.212
266 820 27.659 85.212
104 820 10.811 85.212
233 821 24.227 85.316
686 821 71.284 85.316
593 822 61.631 85.420
687 824 71.388 85.628
418 826 43.454 85.835
631 826 65.576 85.835
326 826 33.894 85.835
6 840 0.623 87.288
838 1000 87.081 103.899
761 1029 79.087 106.911
114 1029 11.851 106.911
67 1029 6.963 106.911
746 1029 77.528 106.911
507 1037 52.705 107.743
637 1039 66.198 107.951
15 1050 1.558 109.095
826 1055 85.835 109.615
838 1055 87.081 109.615
757 1081 78.671 112.319
619 1083 64.330 112.527
538 1087 55.923 112.943
493 1088 51.249 113.047
582 1088 60.490 113.047
