19 70
19 75
11 77
10 80
19 84
19 90
11 96
19 100
19 102
10 117
19 125
37 135
37 142
10 146
75 173
104 173
53 176
117 176
11 176
29 180
49 184
42 188
108 193
29 197
111 199
102 203
19 207
11 213
90 218
37 218
102 222
106 225
75 228
29 228
66 231
29 234
117 234
42 237
102 237
135 241
60 245
75 245
29 250
111 250
77 250
100 254
49 258
80 258
37 263
117 268
108 273
75 273
146 277
29 277
135 277
46 281
11 286
49 296
11 309
135 309
80 322
29 336
296 375
213 379
231 384
277 389
29 394
188 410
29 430
10 432
42 432
108 514
49 535
29 537
29 539
90 540
75 540
135 541
77 552
96 552
37 555
37 557
11 597
11 599
225 619
146 620
100 620
203 620
84 621
46 779
642 792
75 835
80 838
629 859
815 976
850 981
180 985
142 985
11 1063
