3 139 0.311 14.412
31 154 3.214 15.967
76 154 7.879 15.967
38 159 3.939 16.486
38 163 3.939 16.900
55 163 5.702 16.900
42 166 4.354 17.212
61 170 6.324 17.626
3 172 0.311 17.834
42 174 4.354 18.041
25 177 2.592 18.352
86 181 8.915 18.767
18 181 1.866 18.767
65 181 6.739 18.767
44 183 4.562 18.974
22 183 2.281 18.974
74 185 7.671 19.181
34 185 3.525 19.181
42 190 4.354 19.699
82 190 8.501 19.699
78 195 8.086 20.217
10 195 1.037 20.217
78 201 8.086 20.838
31 201 3.214 20.838
40 201 4.147 20.838
126 205 13.065 21.252
25 205 2.592 21.252
4 205 0.415 21.252
126 209 13.065 21.666
80 213 8.293 22.081
172 213 17.834 22.081
28 221 2.903 22.914
42 221 4.354 22.914
18 227 1.866 23.538
36 232 3.732 24.056
74 236 7.671 24.471
14 240 1.452 24.885
36 243 3.732 25.196
80 243 8.293 25.196
14 246 1.452 25.507
80 250 8.293 25.922
14 255 1.452 26.440
31 309 3.214 32.038
68 309 7.050 32.038
40 312 4.147 32.349
78 317 8.086 32.867
260 344 26.959 35.667
260 347 26.959 35.978
260 351 26.959 36.393
265 355 27.477 36.808
255 361 26.440 37.430
265 368 27.477 38.156
250 368 25.922 38.156
265 375 27.477 38.881
265 381 27.477 39.503
232 381 24.056 39.503
265 387 27.477 40.125
243 387 25.196 40.125
255 392 26.440 40.644
255 394 26.440 40.851
255 396 26.440 41.058
255 398 26.440 41.266
255 403 26.440 41.784
260 412 26.959 42.716
260 458 26.959 47.488
396 458 41.058 47.488
255 462 26.440 47.902
265 466 27.477 48.317
412 466 42.716 48.317
270 470 27.995 48.731
236 474 24.471 49.146
221 476 22.914 49.354
284 476 29.446 49.354
284 478 29.446 49.561
284 480 29.446 49.768
255 481 26.440 49.872
250 482 25.922 49.976
246 483 25.507 50.079
260 484 26.959 50.183
221 487 22.914 50.494
260 487 26.959 50.494
265 491 27.477 50.909
232 491 24.056 50.909
265 494 27.477 51.220
412 496 42.716 51.427
240 496 24.885 51.427
243 499 25.196 51.738
412 502 42.716 52.049
396 505 41.058 52.360
243 509 25.196 52.775
412 509 42.716 52.775
255 511 26.440 52.982
317 511 32.867 52.982
412 511 42.716 52.982
351 511 36.393 52.982
398 512 41.266 53.086
260 513 26.959 53.190
265 514 27.477 53.293
255 515 26.440 53.397
265 516 27.477 53.501
270 517 27.995 53.604
361 517 37.430 53.604
344 517 35.667 53.604
265 567 27.477 58.787
260 577 26.959 59.824
284 587 29.446 60.862
260 592 26.959 61.380
394 592 40.851 61.380
396 595 41.058 61.691
305 598 31.623 62.003
387 598 40.125 62.003
296 598 30.690 62.003
322 602 33.386 62.415
361 605 37.430 62.725
270 605 27.995 62.725
296 607 30.690 62.932
265 607 27.477 62.932
347 607 35.978 62.932
250 608 25.922 63.036
255 608 26.440 63.036
265 610 27.477 63.243
398 610 41.266 63.243
403 613 41.784 63.554
309 617 32.038 63.969
265 621 27.477 64.383
296 621 30.690 64.383
260 624 26.959 64.694
396 624 41.058 64.694
403 627 41.784 65.005
403 630 41.784 65.316
265 630 27.477 65.316
240 630 24.885 65.316
260 630 26.959 65.316
361 633 37.430 65.627
403 633 41.784 65.627
296 636 30.690 65.938
375 636 38.881 65.938
255 638 26.440 66.145
260 640 26.959 66.353
260 642 26.959 66.560
260 645 26.959 66.871
403 645 41.784 66.871
265 645 27.477 66.871
265 648 27.477 67.182
403 648 41.784 67.182
361 648 37.430 67.182
255 651 26.440 67.493
265 653 27.477 67.700
403 655 41.784 67.908
265 657 27.477 68.115
403 657 41.784 68.115
361 657 37.430 68.115
265 659 27.477 68.322
375 662 38.881 68.633
227 662 23.538 68.633
265 662 27.477 68.633
317 662 32.867 68.633
243 665 25.196 68.944
221 668 22.914 69.255
181 671 18.767 69.566
309 671 32.038 69.566
236 692 24.471 71.743
412 695 42.716 72.054
394 698 40.851 72.365
450 701 46.658 72.676
347 710 35.978 73.609
355 710 36.808 73.609
265 710 27.477 73.609
331 710 34.320 73.609
412 711 42.716 73.713
396 711 41.058 73.713
240 712 24.885 73.816
265 712 27.477 73.816
398 714 41.266 74.023
265 714 27.477 74.023
265 715 27.477 74.127
250 716 25.922 74.231
309 716 32.038 74.231
213 716 22.081 74.231
412 717 42.716 74.334
275 717 28.513 74.334
305 717 31.623 74.334
260 717 26.959 74.334
309 720 32.038 74.645
265 720 27.477 74.645
260 728 26.959 75.474
627 781 65.005 80.970
692 781 71.743 80.970
701 784 72.676 81.281
511 784 52.982 81.281
587 796 60.862 82.525
627 798 65.005 82.732
484 798 50.183 82.732
515 800 53.397 82.940
502 803 52.049 83.251
454 806 47.073 83.562
665 842 68.944 87.294
698 849 72.365 88.019
627 855 65.005 88.641
396 861 41.058 89.264
227 861 23.538 89.264
265 863 27.477 89.471
396 865 41.058 89.678
265 865 27.477 89.678
265 867 27.477 89.886
260 868 26.959 89.989
396 870 41.058 90.197
265 874 27.477 90.611
312 878 32.349 91.026
243 878 25.196 91.026
412 878 42.716 91.026
375 882 38.881 91.440
392 885 40.644 91.751
301 885 31.209 91.751
296 885 30.690 91.751
462 885 47.902 91.751
482 885 49.976 91.751
509 885 52.775 91.751
309 889 32.038 92.166
282 909 29.239 94.239
394 909 40.851 94.239
355 910 36.808 94.343
381 910 39.503 94.343
301 913 31.209 94.654
351 913 36.393 94.654
260 917 26.959 95.068
322 921 33.386 95.483
436 938 45.203 97.245
265 1007 27.477 104.399
394 1011 40.851 104.813
246 1015 25.507 105.228
265 1043 27.477 108.131
282 1046 29.239 108.442
201 1049 20.838 108.753
163 1052 16.900 109.065
174 1052 18.041 109.065
284 1059 29.446 109.789
265 1060 27.477 109.893
170 1066 17.626 110.515
42 1093 4.354 113.315
675 1121 69.981 116.215
692 1121 71.743 116.215
989 1165 102.533 120.777
1054 1167 109.271 120.984
1066 1170 110.515 121.295
1007 1170 104.399 121.295
1054 1170 109.271 121.295
92 1179 9.538 122.228
82 1182 8.501 122.539
134 1182 13.894 122.539
1041 1193 107.923 123.680
517 1321 53.604 136.952
680 1321 70.499 136.952
181 1462 18.767 151.566
78 1464 8.086 151.773
431 1464 44.684 151.773
1162 1473 120.466 152.706
1011 1473 104.813 152.706
1093 1473 113.315 152.706
1182 1475 122.539 152.913
1054 1480 109.271 153.431
1011 1480 104.813 153.431
1003 1480 103.984 153.431
981 1483 101.703 153.742
1057 1486 109.582 154.053
1027 1486 106.472 154.053
1060 1488 109.893 154.260
1015 1490 105.228 154.467
296 1501 30.690 155.607
227 1501 23.538 155.607
121 1570 12.548 162.756
130 1574 13.479 163.172
130 1577 13.479 163.484
134 1581 13.894 163.899
265 2482 27.477 257.290
243 2483 25.196 257.394
260 2485 26.959 257.601
260 2487 26.959 257.808
265 2503 27.477 259.466
246 2503 25.507 259.466
275 2506 28.513 259.777
240 2506 24.885 259.777
301 2532 31.209 262.472
265 2532 27.477 262.472
265 2534 27.477 262.679
260 2538 26.959 263.094
265 2542 27.477 263.509
496 2557 51.427 265.063
515 2559 53.397 265.271
602 2563 62.415 265.685
662 2567 68.633 266.100
648 2567 67.182 266.100
255 2648 26.440 274.496
301 2648 31.209 274.496
2490 2652 258.119 274.911
375 2652 38.881 274.911
305 2744 31.623 284.449
265 2747 27.477 284.759
236 2747 24.471 284.759
322 2750 33.386 285.070
1039 2760 107.716 286.107
2476 2785 256.668 288.698
2485 2788 257.601 289.009
446 2791 46.242 289.320
284 2909 29.446 301.550
296 2932 30.690 303.934
309 2932 32.038 303.934
396 2958 41.058 306.628
396 3049 41.058 316.063
255 3049 26.440 316.063
347 3050 35.978 316.166
412 3050 42.716 316.166
2452 3052 254.183 316.373
2452 3055 254.183 316.684
260 3055 26.959 316.684
403 3058 41.784 316.995
260 3058 26.959 316.995
2452 3062 254.183 317.410
260 3066 26.959 317.824
412 3066 42.716 317.824
398 3068 41.266 318.031
396 3070 41.058 318.238
2452 3072 254.183 318.446
2452 3074 254.183 318.653
394 3074 40.851 318.653
396 3076 41.058 318.860
412 3079 42.716 319.171
265 3079 27.477 319.171
265 3083 27.477 319.586
260 3087 26.959 320.000
260 3092 26.959 320.518
1528 3163 158.405 327.877
1406 3163 145.764 327.877
255 3341 26.440 346.324
2442 3341 253.148 346.324
361 3344 37.430 346.635
2452 3346 254.183 346.842
361 3346 37.430 346.842
270 3346 27.995 346.842
2449 3349 253.873 347.154
260 3349 26.959 347.154
2452 3351 254.183 347.361
250 3351 25.922 347.361
265 3351 27.477 347.361
396 3352 41.058 347.464
265 3354 27.477 347.672
396 3354 41.058 347.672
396 3357 41.058 347.983
396 3367 41.058 349.019
396 3380 41.058 350.368
2442 3390 253.148 351.405
2447 3398 253.666 352.233
2449 3401 253.873 352.543
305 3610 31.623 374.199
3367 3656 349.019 378.967
394 3658 40.851 379.175
3367 3658 349.019 379.175
3367 3659 349.019 379.278
396 3759 41.058 389.645
3357 3789 347.983 392.754
3357 3795 347.983 393.377
3357 3800 347.983 393.894
3403 3871 352.750 401.253
381 3871 39.503 401.253
2450 3871 253.976 401.253
205 3871 21.252 401.253
265 3886 27.477 402.808
396 3888 41.058 403.015
243 3890 25.196 403.222
309 3892 32.038 403.430
885 4048 91.751 419.595
265 4100 27.477 424.983
205 4102 21.252 425.190
1024 4116 106.161 426.640
139 4123 14.412 427.366
4053 4194 420.113 434.723
4125 4201 427.573 435.449
4205 4308 435.863 446.537
4178 4310 433.065 446.744
4131 4341 428.195 449.957
4121 4343 427.159 450.164
4067 4343 421.563 450.164
4120 4346 427.055 450.475
4046 4366 419.388 452.547
1060 4369 109.893 452.858
996 4371 103.259 453.065
3863 4390 400.423 455.036
849 4393 88.019 455.348
717 4396 74.334 455.659
796 4399 82.525 455.970
7 4458 0.726 462.082
