128 641 1413393892.406 1413393918.056
128 652 1413393892.406 1413393918.606
300 875 1413393901.006 1413393929.756
270 886 1413393899.506 1413393930.306
345 894 1413393903.256 1413393930.706
325 900 1413393902.256 1413393931.006
296 905 1413393900.806 1413393931.256
325 908 1413393902.256 1413393931.406
325 912 1413393902.256 1413393931.606
230 915 1413393897.506 1413393931.756
325 918 1413393902.256 1413393931.906
230 923 1413393897.506 1413393932.156
230 928 1413393897.506 1413393932.406
614 1059 1413393916.706 1413393938.956
599 1067 1413393915.956 1413393939.356
96 1232 1413393890.806 1413393947.606
317 1791 1413393901.856 1413393975.556
325 1797 1413393902.256 1413393975.856
230 1804 1413393897.506 1413393976.206
317 1810 1413393901.856 1413393976.506
317 1845 1413393901.856 1413393978.256
441 1881 1413393908.056 1413393980.056
96 1970 1413393890.806 1413393984.506
96 1975 1413393890.806 1413393984.756
96 1981 1413393890.806 1413393985.056
109 1986 1413393891.456 1413393985.306
96 1991 1413393890.806 1413393985.556
123 1997 1413393892.156 1413393985.856
217 2002 1413393896.856 1413393986.106
230 2008 1413393897.506 1413393986.406
325 2036 1413393902.256 1413393987.806
325 2045 1413393902.256 1413393988.256
317 2053 1413393901.856 1413393988.656
240 2058 1413393898.006 1413393988.906
