109 278 1413393891.456 1413393899.906
185 345 1413393895.256 1413393903.256
185 365 1413393895.256 1413393904.256
157 365 1413393893.856 1413393904.256
128 381 1413393892.406 1413393905.056
97 391 1413393890.856 1413393905.556
307 404 1413393901.356 1413393906.206
169 506 1413393894.456 1413393911.306
292 513 1413393900.606 1413393911.656
278 526 1413393899.906 1413393912.306
169 536 1413393894.456 1413393912.806
365 536 1413393904.256 1413393912.806
292 536 1413393900.606 1413393912.806
278 555 1413393899.906 1413393913.756
123 555 1413393892.156 1413393913.756
292 563 1413393900.606 1413393914.156
299 563 1413393900.956 1413393914.156
162 624 1413393894.106 1413393917.206
123 631 1413393892.156 1413393917.556
128 641 1413393892.406 1413393918.056
128 652 1413393892.406 1413393918.606
135 688 1413393892.756 1413393920.406
325 688 1413393902.256 1413393920.406
299 698 1413393900.956 1413393920.906
128 711 1413393892.406 1413393921.556
217 711 1413393896.856 1413393921.556
226 732 1413393897.306 1413393922.606
303 732 1413393901.156 1413393922.606
123 732 1413393892.156 1413393922.606
299 748 1413393900.956 1413393923.406
302 755 1413393901.106 1413393923.756
270 784 1413393899.506 1413393925.206
300 787 1413393901.006 1413393925.356
275 787 1413393899.756 1413393925.356
278 792 1413393899.906 1413393925.606
281 799 1413393900.056 1413393925.956
123 799 1413393892.156 1413393925.956
317 799 1413393901.856 1413393925.956
240 807 1413393898.006 1413393926.356
365 807 1413393904.256 1413393926.356
97 807 1413393890.856 1413393926.356
275 819 1413393899.756 1413393926.956
381 819 1413393905.056 1413393926.956
260 819 1413393899.006 1413393926.956
123 833 1413393892.156 1413393927.656
240 833 1413393898.006 1413393927.656
270 847 1413393899.506 1413393928.356
381 847 1413393905.056 1413393928.356
302 847 1413393901.106 1413393928.356
240 847 1413393898.006 1413393928.356
97 847 1413393890.856 1413393928.356
365 867 1413393904.256 1413393929.356
300 875 1413393901.006 1413393929.756
270 886 1413393899.506 1413393930.306
345 894 1413393903.256 1413393930.706
325 900 1413393902.256 1413393931.006
270 900 1413393899.506 1413393931.006
296 905 1413393900.806 1413393931.256
325 908 1413393902.256 1413393931.406
325 912 1413393902.256 1413393931.606
230 915 1413393897.506 1413393931.756
325 918 1413393902.256 1413393931.906
230 923 1413393897.506 1413393932.156
230 928 1413393897.506 1413393932.406
217 935 1413393896.856 1413393932.756
307 935 1413393901.356 1413393932.756
97 942 1413393890.856 1413393933.106
96 951 1413393890.806 1413393933.556
96 956 1413393890.806 1413393933.806
652 980 1413393918.606 1413393935.006
667 986 1413393919.356 1413393935.306
614 1059 1413393916.706 1413393938.956
599 1067 1413393915.956 1413393939.356
96 1232 1413393890.806 1413393947.606
123 1235 1413393892.156 1413393947.756
128 1239 1413393892.406 1413393947.956
123 1248 1413393892.156 1413393948.406
157 1279 1413393893.856 1413393949.956
317 1279 1413393901.856 1413393949.956
365 1279 1413393904.256 1413393949.956
128 1420 1413393892.406 1413393957.006
226 1429 1413393897.306 1413393957.456
201 1435 1413393896.056 1413393957.756
291 1441 1413393900.556 1413393958.056
317 1464 1413393901.856 1413393959.206
833 1536 1413393927.656 1413393962.806
144 1557 1413393893.206 1413393963.856
123 1562 1413393892.156 1413393964.106
109 1566 1413393891.456 1413393964.306
97 1570 1413393890.856 1413393964.506
391 1574 1413393905.556 1413393964.706
281 1579 1413393900.056 1413393964.956
123 1631 1413393892.156 1413393967.556
295 1647 1413393900.756 1413393968.356
135 1647 1413393892.756 1413393968.356
278 1647 1413393899.906 1413393968.356
128 1667 1413393892.406 1413393969.356
281 1731 1413393900.056 1413393972.556
266 1736 1413393899.306 1413393972.806
281 1748 1413393900.056 1413393973.406
293 1751 1413393900.656 1413393973.556
185 1751 1413393895.256 1413393973.556
240 1751 1413393898.006 1413393973.556
299 1753 1413393900.956 1413393973.656
325 1757 1413393902.256 1413393973.856
300 1761 1413393901.006 1413393974.056
307 1761 1413393901.356 1413393974.056
506 1767 1413393911.306 1413393974.356
307 1767 1413393901.356 1413393974.356
281 1777 1413393900.056 1413393974.856
302 1777 1413393901.106 1413393974.856
300 1780 1413393901.006 1413393975.006
317 1784 1413393901.856 1413393975.206
317 1791 1413393901.856 1413393975.556
325 1797 1413393902.256 1413393975.856
230 1804 1413393897.506 1413393976.206
317 1810 1413393901.856 1413393976.506
317 1845 1413393901.856 1413393978.256
240 1856 1413393898.006 1413393978.806
317 1862 1413393901.856 1413393979.106
302 1866 1413393901.106 1413393979.306
128 1871 1413393892.406 1413393979.556
300 1871 1413393901.006 1413393979.556
441 1881 1413393908.056 1413393980.056
536 1938 1413393912.806 1413393982.906
299 1952 1413393900.956 1413393983.606
226 1963 1413393897.306 1413393984.156
295 1963 1413393900.756 1413393984.156
303 1970 1413393901.156 1413393984.506
96 1970 1413393890.806 1413393984.506
96 1975 1413393890.806 1413393984.756
96 1981 1413393890.806 1413393985.056
109 1986 1413393891.456 1413393985.306
96 1991 1413393890.806 1413393985.556
123 1997 1413393892.156 1413393985.856
217 2002 1413393896.856 1413393986.106
230 2008 1413393897.506 1413393986.406
217 2019 1413393896.856 1413393986.956
325 2036 1413393902.256 1413393987.806
325 2045 1413393902.256 1413393988.256
317 2053 1413393901.856 1413393988.656
240 2058 1413393898.006 1413393988.906
162 2216 1413393894.106 1413393996.806
109 2227 1413393891.456 1413393997.356
1235 2227 1413393947.756 1413393997.356
185 2235 1413393895.256 1413393997.756
1213 2253 1413393946.656 1413393998.656
1075 2254 1413393939.756 1413393998.706
775 2254 1413393924.756 1413393998.706
1429 2254 1413393957.456 1413393998.706
1213 2254 1413393946.656 1413393998.706
1158 2254 1413393943.906 1413393998.706
1235 2258 1413393947.756 1413393998.906
1075 2261 1413393939.756 1413393999.056
591 2263 1413393915.556 1413393999.156
591 2265 1413393915.556 1413393999.256
1536 2265 1413393962.806 1413393999.256
1149 2274 1413393943.456 1413393999.706
585 2277 1413393915.256 1413393999.856
1579 2280 1413393964.956 1413394000.006
1001 2281 1413393936.056 1413394000.056
599 2281 1413393915.956 1413394000.056
1527 2281 1413393962.356 1413394000.056
1981 2282 1413393985.056 1413394000.106
1881 2282 1413393980.056 1413394000.106
1536 2282 1413393962.806 1413394000.106
1187 2283 1413393945.356 1413394000.156
1579 2283 1413393964.956 1413394000.156
1225 2285 1413393947.256 1413394000.256
1158 2287 1413393943.906 1413394000.356
