353 482 1403715541.562 1403715548.012
340 486 1403715540.912 1403715548.212
258 490 1403715536.812 1403715548.412
438 490 1403715545.812 1403715548.412
438 510 1403715545.812 1403715549.412
367 530 1403715542.262 1403715550.412
450 544 1403715546.412 1403715551.112
479 574 1403715547.862 1403715552.612
107 589 1403715529.262 1403715553.362
486 589 1403715548.212 1403715553.362
597 817 1403715553.762 1403715564.762
681 832 1403715557.962 1403715565.512
589 838 1403715553.362 1403715565.812
699 843 1403715558.862 1403715566.062
655 857 1403715556.662 1403715566.762
597 860 1403715553.762 1403715566.912
597 861 1403715553.762 1403715566.962
808 924 1403715564.312 1403715570.112
808 932 1403715564.312 1403715570.512
817 935 1403715564.762 1403715570.662
817 941 1403715564.762 1403715570.962
482 949 1403715548.012 1403715571.362
490 949 1403715548.412 1403715571.362
817 959 1403715564.762 1403715571.862
832 980 1403715565.512 1403715572.912
808 980 1403715564.312 1403715572.912
832 994 1403715565.512 1403715573.612
603 1046 1403715554.062 1403715576.212
597 1059 1403715553.762 1403715576.862
857 1093 1403715566.762 1403715578.562
479 1096 1403715547.862 1403715578.712
479 1099 1403715547.862 1403715578.862
479 1105 1403715547.862 1403715579.162
479 1108 1403715547.862 1403715579.312
479 1110 1403715547.862 1403715579.412
479 1114 1403715547.862 1403715579.612
832 1114 1403715565.512 1403715579.612
438 1125 1403715545.812 1403715580.162
479 1125 1403715547.862 1403715580.162
258 1125 1403715536.812 1403715580.162
107 1297 1403715529.262 1403715588.762
482 1297 1403715548.012 1403715588.762
838 1297 1403715565.812 1403715588.762
315 1302 1403715539.662 1403715589.012
808 1317 1403715564.312 1403715589.762
490 1323 1403715548.412 1403715590.062
832 1347 1403715565.512 1403715591.262
808 1477 1403715564.312 1403715597.762
367 1646 1403715542.262 1403715606.212
637 1647 1403715555.762 1403715606.262
1388 1659 1403715593.312 1403715606.862
1108 1659 1403715579.312 1403715606.862
