8 60 0.832 6.230
20 63 2.080 6.541
10 65 1.041 6.748
14 67 1.457 6.956
16 69 1.665 7.163
8 72 0.832 7.474
4 76 0.416 7.888
5 79 0.520 8.199
14 82 1.457 8.511
25 84 2.599 8.718
25 86 2.599 8.926
8 87 0.832 9.030
25 89 2.599 9.237
16 91 1.665 9.445
20 93 2.080 9.652
4 95 0.416 9.860
16 97 1.665 10.067
25 100 2.599 10.379
12 103 1.249 10.690
12 105 1.249 10.898
20 108 2.080 11.209
14 112 1.457 11.624
41 112 4.257 11.624
25 117 2.599 12.143
25 121 2.599 12.558
8 121 0.832 12.558
20 126 2.080 13.076
35 130 3.635 13.491
65 134 6.748 13.906
65 137 6.748 14.218
72 140 7.474 14.529
76 142 7.888 14.737
20 142 2.080 14.737
91 144 9.445 14.945
45 147 4.672 15.256
97 150 10.067 15.567
30 150 3.116 15.567
76 150 7.888 15.567
54 152 5.607 15.775
105 153 10.898 15.878
103 155 10.690 16.086
79 155 8.199 16.086
65 157 6.748 16.294
8 159 0.832 16.501
91 159 9.445 16.501
79 159 8.199 16.501
105 159 10.898 16.501
16 162 1.665 16.812
45 166 4.672 17.228
14 170 1.457 17.643
45 170 4.672 17.643
16 173 1.665 17.954
84 173 8.718 17.954
95 177 9.860 18.370
76 180 7.888 18.681
60 183 6.230 18.992
72 185 7.474 19.200
100 185 10.379 19.200
65 186 6.748 19.304
91 188 9.445 19.511
65 190 6.748 19.718
84 192 8.718 19.926
89 192 9.237 19.926
45 192 4.672 19.926
12 194 1.249 20.133
30 196 3.116 20.340
155 222 16.086 23.040
126 222 13.076 23.040
76 222 7.888 23.040
159 237 16.501 24.595
180 237 18.681 24.595
194 239 20.133 24.803
166 239 17.228 24.803
121 242 12.558 25.114
155 245 16.086 25.426
147 277 15.256 28.746
159 280 16.501 29.058
117 280 12.143 29.058
117 283 12.143 29.369
30 285 3.116 29.576
89 299 9.237 31.029
155 299 16.086 31.029
180 299 18.681 31.029
212 299 22.002 31.029
134 302 13.906 31.340
84 302 8.718 31.340
60 306 6.230 31.755
87 319 9.030 33.103
155 319 16.086 33.103
108 331 11.209 34.348
144 331 14.945 34.348
144 333 14.945 34.555
152 333 15.775 34.555
144 336 14.945 34.866
134 336 13.906 34.866
270 364 28.019 37.770
277 368 28.746 38.185
166 395 17.228 40.988
173 398 17.954 41.299
256 401 26.567 41.611
159 401 16.501 41.611
266 405 27.604 42.025
313 410 32.481 42.544
283 416 29.369 43.166
60 433 6.230 44.930
147 433 15.256 44.930
126 433 13.076 44.930
144 436 14.945 45.241
105 439 10.898 45.552
180 439 18.681 45.552
173 492 17.954 51.051
108 494 11.209 51.259
152 519 15.775 53.852
180 519 18.681 53.852
137 524 14.218 54.370
155 524 16.086 54.370
200 528 20.755 54.785
499 594 51.777 61.634
364 594 37.770 61.634
383 598 39.744 62.049
313 602 32.481 62.464
424 602 43.996 62.464
380 602 39.433 62.464
398 606 41.299 62.880
313 606 32.481 62.880
235 673 24.388 69.829
322 677 33.414 70.244
237 677 24.595 70.244
270 677 28.019 70.244
309 677 32.066 70.244
155 681 16.086 70.660
273 696 28.331 72.216
309 696 32.066 72.216
292 715 30.303 74.188
285 715 29.576 74.188
306 718 31.755 74.500
270 732 28.019 75.953
245 735 25.426 76.264
502 757 52.088 78.545
292 772 30.303 80.101
259 775 26.878 80.412
144 781 14.945 81.034
709 819 73.565 84.974
673 821 69.829 85.181
641 821 66.511 85.181
729 824 75.642 85.492
313 827 32.481 85.803
252 827 26.152 85.803
405 829 42.025 86.011
266 839 27.604 87.048
769 850 79.789 88.189
622 850 64.541 88.189
673 953 69.829 98.879
398 1028 41.299 106.657
805 1039 83.523 107.798
757 1042 78.545 108.109
386 1133 40.055 117.547
