496 608 1403638152.095 1403638157.695
202 621 1403638137.395 1403638158.345
456 638 1403638150.095 1403638159.195
476 645 1403638151.095 1403638159.545
414 650 1403638147.995 1403638159.795
205 654 1403638137.545 1403638159.995
205 660 1403638137.545 1403638160.295
40 671 1403638129.295 1403638160.845
515 691 1403638153.045 1403638161.845
206 691 1403638137.595 1403638161.845
63 711 1403638130.445 1403638162.845
206 731 1403638137.595 1403638163.845
202 737 1403638137.395 1403638164.145
476 739 1403638151.095 1403638164.245
205 740 1403638137.545 1403638164.295
202 742 1403638137.395 1403638164.395
78 744 1403638131.195 1403638164.495
57 745 1403638130.145 1403638164.545
476 747 1403638151.095 1403638164.645
456 748 1403638150.095 1403638164.695
414 748 1403638147.995 1403638164.695
57 749 1403638130.145 1403638164.745
476 750 1403638151.095 1403638164.795
131 751 1403638133.845 1403638164.845
414 751 1403638147.995 1403638164.845
202 752 1403638137.395 1403638164.895
41 754 1403638129.345 1403638164.995
41 756 1403638129.345 1403638165.095
205 759 1403638137.545 1403638165.245
412 764 1403638147.895 1403638165.495
412 770 1403638147.895 1403638165.795
412 777 1403638147.895 1403638166.145
476 786 1403638151.095 1403638166.595
412 786 1403638147.895 1403638166.595
202 798 1403638137.395 1403638167.195
645 835 1403638159.545 1403638169.045
737 835 1403638164.145 1403638169.045
752 837 1403638164.895 1403638169.145
744 839 1403638164.495 1403638169.245
737 839 1403638164.145 1403638169.245
770 842 1403638165.795 1403638169.395
745 843 1403638164.545 1403638169.445
835 933 1403638169.045 1403638173.945
839 938 1403638169.245 1403638174.195
752 944 1403638164.895 1403638174.495
744 951 1403638164.495 1403638174.845
691 960 1403638161.845 1403638175.295
78 970 1403638131.195 1403638175.795
565 1024 1403638155.545 1403638178.495
750 1024 1403638164.795 1403638178.495
206 1024 1403638137.595 1403638178.495
185 1041 1403638136.545 1403638179.345
131 1070 1403638133.845 1403638180.795
1163 1523 1403638185.445 1403638203.445
1070 1525 1403638180.795 1403638203.545
1041 1529 1403638179.345 1403638203.745
1161 1542 1403638185.345 1403638204.395
1046 1542 1403638179.595 1403638204.395
1119 1546 1403638183.245 1403638204.595
1065 1546 1403638180.545 1403638204.595
1150 1558 1403638184.795 1403638205.195
1141 1560 1403638184.345 1403638205.295
691 1567 1403638161.845 1403638205.645
752 1570 1403638164.895 1403638205.795
621 1570 1403638158.345 1403638205.795
745 1571 1403638164.545 1403638205.845
770 1574 1403638165.795 1403638205.995
747 1574 1403638164.645 1403638205.995
740 1578 1403638164.295 1403638206.195
748 1582 1403638164.695 1403638206.395
671 1582 1403638160.845 1403638206.395
638 1587 1403638159.195 1403638206.645
923 1633 1403638173.445 1403638208.945
833 1636 1403638168.945 1403638209.095
839 1637 1403638169.245 1403638209.145
844 1638 1403638169.495 1403638209.195
844 1639 1403638169.495 1403638209.245
842 1641 1403638169.395 1403638209.345
835 1645 1403638169.045 1403638209.545
1567 1649 1403638205.645 1403638209.745
835 1656 1403638169.045 1403638210.095
843 1676 1403638169.445 1403638211.095
786 1676 1403638166.595 1403638211.095
1571 1676 1403638205.845 1403638211.095
1558 1696 1403638205.195 1403638212.095
1571 1696 1403638205.845 1403638212.095
960 1707 1403638175.295 1403638212.645
1154 1710 1403638184.995 1403638212.795
982 1710 1403638176.395 1403638212.795
999 1711 1403638177.245 1403638212.845
1065 1712 1403638180.545 1403638212.895
1056 1714 1403638180.095 1403638212.995
1041 1736 1403638179.345 1403638214.095
1117 1891 1403638183.145 1403638221.845
1127 1891 1403638183.645 1403638221.845
1137 1891 1403638184.145 1403638221.845
1081 1918 1403638181.345 1403638223.195
1325 1931 1403638193.545 1403638223.845
1185 1931 1403638186.545 1403638223.845
1076 1931 1403638181.095 1403638223.845
1161 1934 1403638185.345 1403638223.995
1117 1934 1403638183.145 1403638223.995
1185 1935 1403638186.545 1403638224.045
210 1941 1403638137.795 1403638224.345
41 1952 1403638129.345 1403638224.895
412 1953 1403638147.895 1403638224.945
412 1954 1403638147.895 1403638224.995
210 1955 1403638137.795 1403638225.045
52 1958 1403638129.895 1403638225.195
