13 71 1.348 7.366
19 71 1.970 7.366
26 73 2.696 7.573
19 75 1.970 7.780
30 77 3.110 7.988
22 80 2.281 8.299
13 83 1.348 8.610
13 86 1.348 8.921
1 89 0.104 9.232
15 91 1.555 9.439
38 91 3.940 9.439
22 94 2.281 9.750
22 96 2.281 9.957
7 96 0.726 9.957
7 98 0.726 10.164
36 98 3.733 10.164
56 100 5.809 10.371
24 100 2.488 10.371
28 102 2.903 10.579
48 104 4.979 10.786
56 104 5.809 10.786
52 106 5.394 10.994
13 106 1.348 10.994
58 108 6.017 11.201
5 110 0.520 11.408
5 112 0.520 11.616
24 112 2.488 11.616
28 115 2.903 11.927
46 117 4.771 12.135
19 120 1.970 12.445
63 120 6.536 12.445
52 120 5.394 12.445
30 120 3.110 12.445
17 123 1.763 12.757
63 126 6.536 13.068
5 126 0.520 13.068
36 128 3.733 13.275
73 128 7.573 13.275
60 128 6.225 13.275
15 131 1.555 13.586
28 131 2.903 13.586
77 133 7.988 13.793
71 135 7.366 14.001
4 137 0.415 14.208
44 139 4.563 14.415
9 142 0.933 14.726
66 145 6.847 15.037
19 145 1.970 15.037
46 147 4.771 15.245
33 150 3.422 15.556
60 152 6.225 15.763
20 152 2.074 15.763
1 152 0.104 15.763
58 154 6.017 15.971
60 156 6.225 16.178
68 158 7.054 16.386
60 160 6.225 16.593
40 162 4.148 16.801
3 162 0.311 16.801
9 164 0.933 17.008
26 164 2.696 17.008
80 166 8.299 17.216
7 168 0.726 17.423
42 170 4.356 17.631
58 172 6.017 17.838
52 174 5.394 18.045
36 174 3.733 18.045
26 176 2.696 18.253
106 176 10.994 18.253
131 176 13.586 18.253
63 176 6.536 18.253
24 178 2.488 18.460
73 180 7.573 18.667
52 182 5.394 18.875
89 184 9.232 19.082
40 184 4.148 19.082
40 186 4.148 19.290
100 186 10.371 19.290
115 188 11.927 19.497
83 188 8.610 19.497
52 190 5.394 19.704
63 190 6.536 19.704
91 190 9.439 19.704
48 190 4.979 19.704
68 192 7.054 19.912
60 192 6.225 19.912
106 194 10.994 20.119
68 196 7.054 20.326
73 198 7.573 20.534
50 198 5.186 20.534
13 199 1.348 20.637
7 200 0.726 20.741
68 201 7.054 20.844
19 203 1.970 21.052
71 203 7.366 21.052
104 213 10.786 22.088
123 214 12.757 22.192
100 214 10.371 22.192
168 215 17.423 22.296
117 215 12.135 22.296
120 216 12.445 22.399
33 218 3.422 22.607
11 218 1.140 22.607
162 223 16.801 23.125
77 226 7.988 23.436
89 229 9.232 23.746
115 229 11.927 23.746
133 243 13.793 25.197
139 246 14.415 25.508
89 246 9.232 25.508
162 249 16.801 25.819
108 258 11.201 26.752
50 259 5.186 26.856
54 261 5.602 27.063
63 261 6.536 27.063
73 261 7.573 27.063
135 272 14.001 28.204
170 275 17.631 28.515
170 277 17.631 28.723
104 277 10.786 28.723
188 277 19.497 28.723
176 299 18.253 31.005
154 301 15.971 31.213
170 301 17.631 31.213
190 303 19.704 31.420
126 305 13.068 31.627
209 305 21.674 31.627
106 306 10.994 31.731
160 306 16.593 31.731
139 307 14.415 31.835
194 307 20.119 31.835
196 308 20.326 31.939
174 308 18.045 31.939
174 310 18.045 32.146
199 310 20.637 32.146
150 310 15.556 32.146
166 312 17.216 32.354
198 314 20.534 32.561
221 318 22.917 32.976
256 320 26.545 33.183
249 322 25.819 33.391
249 325 25.819 33.701
216 328 22.399 34.012
219 328 22.710 34.012
258 338 26.752 35.049
135 343 14.001 35.567
106 344 10.994 35.670
156 344 16.178 35.670
178 344 18.460 35.670
192 357 19.912 37.018
209 359 21.674 37.225
216 359 22.399 37.225
186 359 19.290 37.225
186 361 19.290 37.433
198 361 20.534 37.433
219 361 22.710 37.433
108 364 11.201 37.744
158 367 16.386 38.055
98 367 10.164 38.055
201 369 20.844 38.263
176 371 18.253 38.469
207 371 21.466 38.469
308 373 31.939 38.677
178 373 18.460 38.677
200 373 20.741 38.677
147 375 15.245 38.884
199 376 20.637 38.988
152 377 15.763 39.092
184 377 19.082 39.092
201 377 20.844 39.092
190 378 19.704 39.195
150 378 15.556 39.195
154 379 15.971 39.299
158 380 16.386 39.403
154 382 15.971 39.610
117 382 12.135 39.610
164 384 17.008 39.817
170 385 17.631 39.921
110 385 11.408 39.921
180 387 18.667 40.128
150 387 15.556 40.128
201 387 20.844 40.128
115 389 11.927 40.336
182 389 18.875 40.336
198 389 20.534 40.336
66 391 6.847 40.543
63 393 6.536 40.751
108 395 11.201 40.958
150 404 15.556 41.892
166 404 17.216 41.892
186 404 19.290 41.892
63 406 6.536 42.100
63 408 6.536 42.307
75 408 7.780 42.307
120 408 12.445 42.307
108 408 11.201 42.307
33 410 3.422 42.514
48 412 4.979 42.722
186 417 19.290 43.241
180 419 18.667 43.448
184 419 19.082 43.448
203 419 21.052 43.448
198 421 20.534 43.655
176 421 18.253 43.655
178 424 18.460 43.967
166 424 17.216 43.967
188 427 19.497 44.278
190 429 19.704 44.485
199 431 20.637 44.692
213 431 22.088 44.692
238 431 24.679 44.692
100 431 10.371 44.692
243 433 25.197 44.900
214 435 22.192 45.107
199 438 20.637 45.418
172 442 17.838 45.833
203 442 21.052 45.833
201 445 20.844 46.144
205 445 21.259 46.144
188 445 19.497 46.144
241 448 24.990 46.455
252 448 26.130 46.455
213 484 22.088 50.184
201 486 20.844 50.392
218 488 22.607 50.599
200 490 20.741 50.806
15 492 1.555 51.013
19 492 1.970 51.013
56 495 5.809 51.323
54 498 5.602 51.634
110 502 11.408 52.048
158 508 16.386 52.669
170 513 17.631 53.188
120 518 12.445 53.708
417 558 43.241 57.859
424 562 43.967 58.273
429 576 44.485 59.726
389 576 40.336 59.726
438 579 45.418 60.037
536 587 55.577 60.867
672 714 69.681 74.035
595 714 61.696 74.035
692 744 71.754 77.145
651 819 67.503 84.921
597 819 61.904 84.921
624 819 64.703 84.921
628 821 65.118 85.128
442 1032 45.833 107.004
182 1142 18.875 118.415
200 1142 20.741 118.415
162 1144 16.801 118.622
201 1146 20.844 118.830
424 1166 43.967 120.903
427 1170 44.278 121.318
252 1186 26.130 122.977
215 1189 22.296 123.288
7 1243 0.726 128.888
142 1282 14.726 132.932
211 1282 21.881 132.932
75 1284 7.780 133.139
44 1286 4.563 133.347
307 1392 31.835 144.343
1261 1551 130.754 160.832
355 1630 36.811 169.025
305 1667 31.627 172.863
384 1670 39.817 173.174
1476 1721 153.055 178.462
412 1750 42.722 181.470
445 1752 46.144 181.678
435 1754 45.107 181.885
1205 1858 124.948 192.674
1183 1858 122.666 192.674
1284 1861 133.139 192.985
1241 1864 128.680 193.296
178 1977 18.460 205.014
213 1979 22.088 205.221
213 1981 22.088 205.429
243 1984 25.197 205.740
216 2038 22.399 211.345
246 2041 25.508 211.656
272 2044 28.204 211.968
236 2048 24.472 212.383
1224 2087 126.918 216.427
1161 2089 120.385 216.635
1235 2098 128.058 217.568
814 2107 84.403 218.501
825 2121 85.543 219.952
170 2177 17.631 225.760
172 2179 17.838 225.967
162 2179 16.801 225.967
201 2179 20.844 225.967
427 2188 44.278 226.900
492 2191 51.013 227.212
427 2194 44.278 227.523
474 2219 49.148 230.115
1153 2308 119.555 239.343
1101 2319 114.163 240.483
2147 2395 222.649 248.363
2268 2397 235.196 248.570
2338 2448 242.453 253.859
2315 2448 240.068 253.859
2420 2477 250.955 256.868
2182 2506 226.278 259.875
2167 2506 224.723 259.875
2216 2508 229.804 260.082
2179 2508 225.967 260.082
2262 2511 234.574 260.394
2172 2511 225.241 260.394
2115 2511 219.330 260.394
2231 2511 231.360 260.394
2175 2514 225.552 260.705
2278 2516 236.233 260.913
2205 2519 228.664 261.223
2332 2521 241.831 261.430
2111 2521 218.916 261.430
2179 2521 225.967 261.430
2266 2524 234.989 261.741
2203 2595 228.456 269.105
2117 2598 219.538 269.416
2115 2601 219.330 269.727
2107 2601 218.501 269.727
2147 2604 222.649 270.038
2107 2607 218.501 270.349
2270 2607 235.403 270.349
2438 2636 252.822 273.357
2493 2640 258.527 273.773
2139 2693 221.819 279.273
2041 2693 211.656 279.273
2169 2757 224.930 285.912
2124 2757 220.264 285.912
2072 2757 214.872 285.912
2399 2784 248.778 288.712
2137 2787 221.612 289.023
2461 3016 255.207 312.773
2101 3037 217.879 314.951
2130 3039 220.886 315.159
2137 3041 221.612 315.366
2191 3063 227.212 317.648
2281 3063 236.544 317.648
2145 3116 222.441 323.147
2137 3117 221.612 323.250
2464 3191 255.519 330.925
2459 3216 255.000 333.518
2412 3216 250.125 333.518
2483 3385 257.490 351.049
2463 3388 255.415 351.360
2459 3391 255.000 351.671
2427 3394 251.681 351.982
2445 3396 253.548 352.189
2464 3400 255.519 352.603
2408 3409 249.711 353.536
2427 3415 251.681 354.158
2464 3420 255.519 354.677
2266 3425 234.989 355.197
2491 3425 258.319 355.197
2167 3425 224.723 355.197
2402 3603 249.089 373.661
2463 3605 255.415 373.868
401 3701 41.581 383.823
460 3701 47.698 383.823
472 3701 48.941 383.823
2486 3735 257.801 387.349
2115 3824 219.330 396.580
2137 3826 221.612 396.787
2109 3826 218.708 396.787
2089 3826 216.635 396.787
2467 3867 255.831 401.038
2453 3867 254.378 401.038
2473 3869 256.452 401.245
2465 3872 255.622 401.556
2463 3874 255.415 401.764
2420 3876 250.955 401.971
2450 3876 254.067 401.971
2459 3878 255.000 402.178
2466 3880 255.726 402.386
2478 3880 256.971 402.386
2463 3882 255.415 402.593
2410 3884 249.918 402.800
2466 3886 255.726 403.008
2456 3889 254.689 403.319
2464 3889 255.519 403.319
2414 3900 250.333 404.459
3878 3953 402.178 409.954
2270 3961 235.403 410.784
3889 3971 403.319 411.821
3826 4008 396.787 415.656
3893 4008 403.733 415.656
3859 4011 400.209 415.968
3844 4014 398.653 416.279
3891 4017 403.526 416.590
3867 4126 401.038 427.895
2199 4164 228.042 431.835
935 4207 96.948 436.298
941 4210 97.571 436.610
