146 817 1403715280.562 1403715314.112
146 884 1403715280.562 1403715317.462
145 923 1403715280.512 1403715319.412
496 923 1403715298.062 1403715319.412
602 963 1403715303.362 1403715321.412
779 992 1403715312.212 1403715322.862
461 1010 1403715296.312 1403715323.762
197 1115 1403715283.112 1403715329.012
461 1115 1403715296.312 1403715329.012
146 1158 1403715280.562 1403715331.162
779 1196 1403715312.212 1403715333.062
748 1235 1403715310.662 1403715335.012
496 1274 1403715298.062 1403715336.962
179 1323 1403715282.212 1403715339.412
699 1390 1403715308.212 1403715342.762
992 1440 1403715322.862 1403715345.262
1010 1483 1403715323.762 1403715347.412
1010 1503 1403715323.762 1403715348.412
817 1579 1403715314.112 1403715352.212
1115 1643 1403715329.012 1403715355.412
992 1676 1403715322.862 1403715357.062
817 1708 1403715314.112 1403715358.662
817 1733 1403715314.112 1403715359.912
817 1761 1403715314.112 1403715361.312
817 1781 1403715314.112 1403715362.312
817 1802 1403715314.112 1403715363.362
1390 1827 1403715342.762 1403715364.612
1708 1827 1403715358.662 1403715364.612
1676 1875 1403715357.062 1403715367.012
1708 1891 1403715358.662 1403715367.812
1643 1908 1403715355.412 1403715368.662
1708 1937 1403715358.662 1403715370.112
617 2039 1403715304.112 1403715375.212
1781 2059 1403715362.312 1403715376.212
1827 2059 1403715364.612 1403715376.212
1733 2079 1403715359.912 1403715377.212
1733 2099 1403715359.912 1403715378.212
1761 2167 1403715361.312 1403715381.612
1483 2469 1403715347.412 1403715396.712
2039 2493 1403715375.212 1403715397.912
2039 2513 1403715375.212 1403715398.912
884 2547 1403715317.462 1403715400.612
2079 2561 1403715377.212 1403715401.312
2079 2572 1403715377.212 1403715401.862
1323 2572 1403715339.412 1403715401.862
461 2572 1403715296.312 1403715401.862
817 2580 1403715314.112 1403715402.262
2059 2590 1403715376.212 1403715402.762
2059 2600 1403715376.212 1403715403.262
817 2614 1403715314.112 1403715403.962
2039 2622 1403715375.212 1403715404.362
2079 2630 1403715377.212 1403715404.762
1158 2638 1403715331.162 1403715405.162
2059 2646 1403715376.212 1403715405.562
2513 2655 1403715398.912 1403715406.012
2513 2666 1403715398.912 1403715406.562
2513 2681 1403715398.912 1403715407.312
2600 2681 1403715403.262 1403715407.312
2513 2688 1403715398.912 1403715407.662
2600 2693 1403715403.262 1403715407.912
2513 2693 1403715398.912 1403715407.912
2513 2696 1403715398.912 1403715408.062
2600 2696 1403715403.262 1403715408.062
1643 2697 1403715355.412 1403715408.112
1643 2698 1403715355.412 1403715408.162
2448 2698 1403715395.662 1403715408.162
1676 2699 1403715357.062 1403715408.212
2469 2699 1403715396.712 1403715408.212
2561 2700 1403715401.312 1403715408.262
1733 2701 1403715359.912 1403715408.312
1643 2702 1403715355.412 1403715408.362
2493 2703 1403715397.912 1403715408.412
2561 2705 1403715401.312 1403715408.512
1733 2705 1403715359.912 1403715408.512
1708 2707 1403715358.662 1403715408.612
389 2819 1403715292.712 1403715414.212
992 2820 1403715322.862 1403715414.262
1010 2821 1403715323.762 1403715414.312
1274 2828 1403715336.962 1403715414.662
335 2830 1403715290.012 1403715414.762
1010 2833 1403715323.762 1403715414.912
1235 2836 1403715335.012 1403715415.062
2469 2838 1403715396.712 1403715415.162
1115 2838 1403715329.012 1403715415.162
1708 2850 1403715358.662 1403715415.762
