10 45 1.041 4.672
10 50 1.041 5.192
14 54 1.457 5.607
12 56 1.249 5.815
14 58 1.457 6.022
8 60 0.832 6.230
15 63 1.561 6.541
10 65 1.041 6.748
14 67 1.457 6.956
4 69 0.416 7.163
8 72 0.832 7.474
4 76 0.416 7.888
14 79 1.457 8.199
14 82 1.457 8.511
15 84 1.561 8.718
10 86 1.041 8.926
8 87 0.832 9.030
12 89 1.249 9.237
41 91 4.257 9.445
27 93 2.806 9.652
4 96 0.416 9.964
23 99 2.391 10.275
36 102 3.738 10.587
15 102 1.561 10.587
18 104 1.873 10.794
27 106 2.806 11.002
27 109 2.806 11.313
41 113 4.257 11.728
4 113 0.416 11.728
14 118 1.457 12.246
23 123 2.391 12.765
41 127 4.257 13.180
58 131 6.022 13.595
63 135 6.541 14.010
27 135 2.806 14.010
23 138 2.391 14.322
79 141 8.199 14.633
36 143 3.738 14.841
65 143 6.748 14.841
45 146 4.672 15.152
65 149 6.748 15.463
4 151 0.416 15.671
56 153 5.815 15.878
14 153 1.457 15.878
12 155 1.249 16.086
79 155 8.199 16.086
63 155 6.541 16.086
58 155 6.022 16.086
60 157 6.230 16.294
79 159 8.199 16.501
104 159 10.794 16.501
91 162 9.445 16.812
14 162 1.457 16.812
102 166 10.587 17.228
45 166 4.672 17.228
60 183 6.230 18.992
27 185 2.806 19.200
72 185 7.474 19.200
65 186 6.748 19.304
91 188 9.445 19.511
65 190 6.748 19.718
104 192 10.794 19.926
84 192 8.718 19.926
45 192 4.672 19.926
65 200 6.748 20.755
131 200 13.595 20.755
99 200 10.275 20.755
153 202 15.878 20.963
79 202 8.199 20.963
69 202 7.163 20.963
127 202 13.180 20.963
106 202 11.002 20.963
89 202 9.237 20.963
84 204 8.718 21.171
155 204 16.086 21.171
50 204 5.192 21.171
153 206 15.878 21.379
96 209 9.964 21.690
157 212 16.294 22.002
36 212 3.738 22.002
153 215 15.878 22.314
166 218 17.228 22.625
138 218 14.322 22.625
135 222 14.010 23.040
131 226 13.595 23.455
104 226 10.794 23.455
99 229 10.275 23.766
157 229 16.294 23.766
157 232 16.294 24.077
27 232 2.806 24.077
143 235 14.841 24.388
149 237 15.463 24.595
180 237 18.681 24.595
104 252 10.794 26.152
118 256 12.246 26.567
138 256 14.322 26.567
82 256 8.511 26.567
56 259 5.815 26.878
96 263 9.964 27.293
41 267 4.257 27.708
69 267 7.163 27.708
118 281 12.246 29.161
173 281 17.954 29.161
118 284 12.246 29.473
170 284 17.643 29.473
79 287 8.199 29.784
146 287 15.152 29.784
65 291 6.748 30.199
102 294 10.587 30.510
162 297 16.812 30.821
118 331 12.246 34.348
149 333 15.463 34.555
149 335 15.463 34.763
143 338 14.841 35.074
271 382 28.123 39.640
222 384 23.040 39.848
256 401 26.567 41.611
278 404 28.850 41.922
259 408 26.878 42.336
256 408 26.567 42.336
284 439 29.473 45.552
356 442 36.941 45.864
333 455 34.555 47.214
259 455 26.878 47.214
341 459 35.385 47.629
320 459 33.207 47.629
366 463 37.978 48.044
274 467 28.435 48.459
263 471 27.293 48.874
237 475 24.595 49.288
294 475 30.510 49.288
263 480 27.293 49.807
326 484 33.829 50.222
215 487 22.314 50.533
335 490 34.763 50.844
155 490 16.086 50.844
366 492 37.978 51.051
347 494 36.007 51.259
237 496 24.595 51.466
271 496 28.123 51.466
335 499 34.763 51.777
271 502 28.123 52.088
304 502 31.547 52.088
338 502 35.074 52.088
206 502 21.379 52.088
248 502 25.737 52.088
300 506 31.133 52.503
320 510 33.207 52.918
259 510 26.878 52.918
267 514 27.708 53.333
341 514 35.385 53.333
155 519 16.086 53.852
155 524 16.086 54.370
439 589 45.552 61.115
451 594 46.798 61.634
358 598 37.148 62.049
284 607 29.473 62.984
304 607 31.547 62.984
338 607 35.074 62.984
401 613 41.611 63.607
366 623 37.978 64.644
467 643 48.459 66.718
448 643 46.487 66.718
294 643 30.510 66.718
12 677 1.249 70.244
291 704 30.199 73.046
284 706 29.473 73.253
297 708 30.821 73.461
331 710 34.348 73.669
323 722 33.518 74.915
274 722 28.435 74.915
235 725 24.388 75.227
382 725 39.640 75.227
344 728 35.696 75.539
229 730 23.766 75.746
366 742 37.978 76.990
281 746 29.161 77.404
278 746 28.850 77.404
263 750 27.293 77.819
209 754 21.690 78.234
373 763 38.705 79.167
284 776 29.473 80.515
439 776 45.552 80.515
681 776 70.660 80.515
347 779 36.007 80.826
232 781 24.077 81.034
259 781 26.878 81.034
328 783 34.037 81.241
278 785 28.850 81.449
338 785 35.074 81.449
237 788 24.595 81.760
271 788 28.123 81.760
252 790 26.152 81.967
570 798 59.144 82.797
589 801 61.115 83.108
685 803 71.075 83.315
271 815 28.123 84.559
316 832 32.792 86.322
502 832 52.088 86.322
623 871 64.644 90.375
584 877 60.597 90.998
613 886 63.607 91.931
192 906 19.926 94.004
245 909 25.426 94.315
256 913 26.567 94.730
284 913 29.473 94.730
267 916 27.708 95.041
838 935 86.944 97.011
710 950 73.669 98.567
746 950 77.404 98.567
781 950 81.034 98.567
404 967 41.922 100.331
757 1026 78.545 106.449
733 1026 76.057 106.449
813 1028 84.352 106.657
776 1049 80.515 108.835
673 1049 69.829 108.835
76 1070 7.888 111.013
291 1070 30.199 111.013
439 1070 45.552 111.013
12 1075 1.249 111.531
96 1075 9.964 111.531
