208 1004 1403636590.164 1403636629.964
134 1007 1403636586.464 1403636630.114
373 1014 1403636598.414 1403636630.464
161 1014 1403636587.814 1403636630.464
85 1027 1403636584.014 1403636631.114
172 1031 1403636588.364 1403636631.314
283 1034 1403636593.914 1403636631.464
386 1043 1403636599.064 1403636631.914
274 1043 1403636593.464 1403636631.914
161 1043 1403636587.814 1403636631.914
373 1043 1403636598.414 1403636631.914
311 1052 1403636595.314 1403636632.364
285 1056 1403636594.014 1403636632.564
161 1056 1403636587.814 1403636632.564
373 1057 1403636598.414 1403636632.614
314 1059 1403636595.464 1403636632.714
274 1067 1403636593.464 1403636633.114
161 1067 1403636587.814 1403636633.114
269 1078 1403636593.214 1403636633.664
271 1085 1403636593.314 1403636634.014
161 1085 1403636587.814 1403636634.014
285 1093 1403636594.014 1403636634.414
373 1102 1403636598.414 1403636634.864
283 1113 1403636593.914 1403636635.414
85 1120 1403636584.014 1403636635.764
285 1120 1403636594.014 1403636635.764
172 1120 1403636588.364 1403636635.764
283 1125 1403636593.914 1403636636.014
311 1125 1403636595.314 1403636636.014
290 1128 1403636594.264 1403636636.164
271 1129 1403636593.314 1403636636.214
283 1129 1403636593.914 1403636636.214
386 1131 1403636599.064 1403636636.314
161 1133 1403636587.814 1403636636.414
386 1134 1403636599.064 1403636636.464
85 1134 1403636584.014 1403636636.464
384 1138 1403636598.964 1403636636.664
265 1139 1403636593.014 1403636636.714
280 1140 1403636593.764 1403636636.764
271 1141 1403636593.314 1403636636.814
311 1142 1403636595.314 1403636636.864
271 1143 1403636593.314 1403636636.914
283 1144 1403636593.914 1403636636.964
380 1145 1403636598.764 1403636637.014
290 1147 1403636594.264 1403636637.114
373 1155 1403636598.414 1403636637.514
161 1158 1403636587.814 1403636637.664
384 1160 1403636598.964 1403636637.764
386 1162 1403636599.064 1403636637.864
380 1165 1403636598.764 1403636638.014
161 1165 1403636587.814 1403636638.014
388 1165 1403636599.164 1403636638.014
283 1165 1403636593.914 1403636638.014
290 1168 1403636594.264 1403636638.164
384 1168 1403636598.964 1403636638.164
161 1169 1403636587.814 1403636638.214
380 1170 1403636598.764 1403636638.264
388 1171 1403636599.164 1403636638.314
274 1173 1403636593.464 1403636638.414
161 1173 1403636587.814 1403636638.414
388 1180 1403636599.164 1403636638.764
161 1180 1403636587.814 1403636638.764
280 1180 1403636593.764 1403636638.764
283 1184 1403636593.914 1403636638.964
386 1184 1403636599.064 1403636638.964
322 1187 1403636595.864 1403636639.114
383 1191 1403636598.914 1403636639.314
373 1194 1403636598.414 1403636639.464
325 1195 1403636596.014 1403636639.514
285 1197 1403636594.014 1403636639.614
283 1199 1403636593.914 1403636639.714
208 1200 1403636590.164 1403636639.764
247 1201 1403636592.114 1403636639.814
285 1201 1403636594.014 1403636639.814
303 1202 1403636594.914 1403636639.864
85 1203 1403636584.014 1403636639.914
303 1206 1403636594.914 1403636640.064
285 1206 1403636594.014 1403636640.064
380 1213 1403636598.764 1403636640.414
322 1217 1403636595.864 1403636640.614
172 1217 1403636588.364 1403636640.614
384 1217 1403636598.964 1403636640.614
290 1217 1403636594.264 1403636640.614
247 1221 1403636592.114 1403636640.814
979 1221 1403636628.714 1403636640.814
920 1221 1403636625.764 1403636640.814
285 1226 1403636594.014 1403636641.064
910 1227 1403636625.264 1403636641.114
101 1228 1403636584.814 1403636641.164
994 1230 1403636629.464 1403636641.264
303 1230 1403636594.914 1403636641.264
109 1234 1403636585.214 1403636641.464
101 1238 1403636584.814 1403636641.664
979 1241 1403636628.714 1403636641.814
1007 1247 1403636630.114 1403636642.114
922 1249 1403636625.864 1403636642.214
303 1258 1403636594.914 1403636642.664
247 1262 1403636592.114 1403636642.864
322 1268 1403636595.864 1403636643.164
247 1274 1403636592.114 1403636643.464
994 1280 1403636629.464 1403636643.764
922 1286 1403636625.864 1403636644.064
109 1286 1403636585.214 1403636644.064
910 1293 1403636625.264 1403636644.414
924 1293 1403636625.964 1403636644.414
1014 1296 1403636630.464 1403636644.564
109 1296 1403636585.214 1403636644.564
303 1296 1403636594.914 1403636644.564
912 1301 1403636625.364 1403636644.814
373 1301 1403636598.414 1403636644.814
201 1303 1403636589.814 1403636644.914
994 1305 1403636629.464 1403636645.014
979 1307 1403636628.714 1403636645.114
932 1313 1403636626.364 1403636645.414
932 1316 1403636626.364 1403636645.564
960 1321 1403636627.764 1403636645.814
201 1323 1403636589.814 1403636645.914
1001 1325 1403636629.814 1403636646.014
383 1325 1403636598.914 1403636646.014
906 1326 1403636625.064 1403636646.064
908 1328 1403636625.164 1403636646.164
1031 1328 1403636631.314 1403636646.164
1027 1330 1403636631.114 1403636646.264
979 1330 1403636628.714 1403636646.264
923 1332 1403636625.914 1403636646.364
101 1336 1403636584.814 1403636646.564
109 1337 1403636585.214 1403636646.614
925 1340 1403636626.014 1403636646.764
1007 1340 1403636630.114 1403636646.764
322 1340 1403636595.864 1403636646.764
109 1343 1403636585.214 1403636646.914
255 1346 1403636592.514 1403636647.064
1031 1346 1403636631.314 1403636647.064
1014 1349 1403636630.464 1403636647.214
283 1349 1403636593.914 1403636647.214
925 1351 1403636626.014 1403636647.314
1014 1352 1403636630.464 1403636647.364
979 1352 1403636628.714 1403636647.364
283 1353 1403636593.914 1403636647.414
1014 1353 1403636630.464 1403636647.414
908 1353 1403636625.164 1403636647.414
265 1353 1403636593.014 1403636647.414
303 1354 1403636594.914 1403636647.464
201 1354 1403636589.814 1403636647.464
1031 1355 1403636631.314 1403636647.514
960 1356 1403636627.764 1403636647.564
925 1358 1403636626.014 1403636647.664
274 1358 1403636593.464 1403636647.664
1067 1358 1403636633.114 1403636647.664
112 1358 1403636585.364 1403636647.664
987 1362 1403636629.114 1403636647.864
283 1366 1403636593.914 1403636648.064
1144 1386 1403636636.964 1403636649.064
1144 1400 1403636636.964 1403636649.764
1034 1420 1403636631.464 1403636650.764
990 1443 1403636629.264 1403636651.914
1286 1451 1403636644.064 1403636652.314
1343 1471 1403636646.914 1403636653.314
1340 1491 1403636646.764 1403636654.314
1332 1503 1403636646.364 1403636654.914
1056 1503 1403636632.564 1403636654.914
1173 1508 1403636638.414 1403636655.164
1133 1514 1403636636.414 1403636655.464
1160 1514 1403636637.764 1403636655.464
1241 1514 1403636641.814 1403636655.464
1102 1514 1403636634.864 1403636655.464
1307 1520 1403636645.114 1403636655.764
1120 1520 1403636635.764 1403636655.764
1316 1523 1403636645.564 1403636655.914
1173 1523 1403636638.414 1403636655.914
1203 1525 1403636639.914 1403636656.014
1346 1525 1403636647.064 1403636656.014
1353 1527 1403636647.414 1403636656.114
929 1527 1403636626.214 1403636656.114
1125 1527 1403636636.014 1403636656.114
1093 1527 1403636634.414 1403636656.114
1059 1528 1403636632.714 1403636656.164
1129 1530 1403636636.214 1403636656.264
1056 1532 1403636632.564 1403636656.364
1328 1536 1403636646.164 1403636656.564
1059 1538 1403636632.714 1403636656.664
991 1540 1403636629.314 1403636656.764
1128 1543 1403636636.164 1403636656.914
1203 1545 1403636639.914 1403636657.014
1313 1545 1403636645.414 1403636657.014
1138 1545 1403636636.664 1403636657.014
1337 1545 1403636646.614 1403636657.014
929 1545 1403636626.214 1403636657.014
255 1545 1403636592.514 1403636657.014
1303 1550 1403636644.914 1403636657.264
987 1555 1403636629.114 1403636657.514
979 1562 1403636628.714 1403636657.864
112 1572 1403636585.364 1403636658.364
1142 1585 1403636636.864 1403636659.014
990 1606 1403636629.264 1403636660.064
1268 1631 1403636643.164 1403636661.314
1305 1671 1403636645.014 1403636663.314
1144 1671 1403636636.964 1403636663.314
1199 1671 1403636639.714 1403636663.314
1120 1671 1403636635.764 1403636663.314
380 1671 1403636598.764 1403636663.314
1262 1697 1403636642.864 1403636664.614
1362 1697 1403636647.864 1403636664.614
303 1697 1403636594.914 1403636664.614
991 1697 1403636629.314 1403636664.614
1323 1697 1403636645.914 1403636664.614
1296 1712 1403636644.564 1403636665.364
1443 1712 1403636651.914 1403636665.364
1316 1722 1403636645.564 1403636665.864
1134 1728 1403636636.464 1403636666.164
1228 1735 1403636641.164 1403636666.514
197 1735 1403636589.614 1403636666.514
1330 1739 1403636646.264 1403636666.714
1031 1739 1403636631.314 1403636666.714
991 1740 1403636629.314 1403636666.764
1323 1742 1403636645.914 1403636666.864
1353 1743 1403636647.414 1403636666.914
1134 1743 1403636636.464 1403636666.914
1303 1747 1403636644.914 1403636667.114
1321 1747 1403636645.814 1403636667.114
1340 1748 1403636646.764 1403636667.164
1354 1748 1403636647.464 1403636667.164
1366 1748 1403636648.064 1403636667.164
1443 1749 1403636651.914 1403636667.214
1125 1749 1403636636.014 1403636667.214
1144 1751 1403636636.964 1403636667.314
109 1751 1403636585.214 1403636667.314
1168 1751 1403636638.164 1403636667.314
1340 1751 1403636646.764 1403636667.314
1093 1756 1403636634.414 1403636667.564
1356 1756 1403636647.564 1403636667.564
1356 1757 1403636647.564 1403636667.614
975 1757 1403636628.514 1403636667.614
1330 1758 1403636646.264 1403636667.664
979 1759 1403636628.714 1403636667.714
1102 1760 1403636634.864 1403636667.764
975 1760 1403636628.514 1403636667.764
1144 1760 1403636636.964 1403636667.764
1316 1761 1403636645.564 1403636667.814
1296 1761 1403636644.564 1403636667.814
1332 1761 1403636646.364 1403636667.814
1131 1762 1403636636.314 1403636667.864
1366 1762 1403636648.064 1403636667.864
1043 1762 1403636631.914 1403636667.864
1293 1762 1403636644.414 1403636667.864
1336 1762 1403636646.564 1403636667.864
1125 1763 1403636636.014 1403636667.914
1353 1763 1403636647.414 1403636667.914
971 1764 1403636628.314 1403636667.964
1133 1765 1403636636.414 1403636668.014
1323 1766 1403636645.914 1403636668.064
1354 1766 1403636647.464 1403636668.064
1078 1768 1403636633.664 1403636668.164
1280 1768 1403636643.764 1403636668.164
1330 1772 1403636646.264 1403636668.364
1230 1772 1403636641.264 1403636668.364
991 1772 1403636629.314 1403636668.364
1343 1772 1403636646.914 1403636668.364
1301 1772 1403636644.814 1403636668.364
1280 1773 1403636643.764 1403636668.414
1031 1773 1403636631.314 1403636668.414
1165 1775 1403636638.014 1403636668.514
1340 1775 1403636646.764 1403636668.514
994 1775 1403636629.464 1403636668.514
1305 1775 1403636645.014 1403636668.514
1014 1775 1403636630.464 1403636668.514
983 1780 1403636628.914 1403636668.764
1138 1787 1403636636.664 1403636669.114
987 1787 1403636629.114 1403636669.114
991 1794 1403636629.314 1403636669.464
983 1798 1403636628.914 1403636669.664
101 1798 1403636584.814 1403636669.664
1120 1803 1403636635.764 1403636669.914
112 1803 1403636585.364 1403636669.914
1346 1805 1403636647.064 1403636670.014
1057 1805 1403636632.614 1403636670.014
1173 1809 1403636638.414 1403636670.214
1131 1809 1403636636.314 1403636670.214
1059 1811 1403636632.714 1403636670.314
1343 1811 1403636646.914 1403636670.314
1057 1815 1403636632.614 1403636670.514
1330 1815 1403636646.264 1403636670.514
994 1815 1403636629.464 1403636670.514
990 1817 1403636629.264 1403636670.614
1203 1817 1403636639.914 1403636670.614
1195 1820 1403636639.514 1403636670.764
1007 1820 1403636630.114 1403636670.764
1303 1826 1403636644.914 1403636671.064
101 1826 1403636584.814 1403636671.064
1286 1846 1403636644.064 1403636672.064
1067 1846 1403636633.114 1403636672.064
1323 1846 1403636645.914 1403636672.064
1139 1866 1403636636.714 1403636673.064
994 1906 1403636629.464 1403636675.064
101 1906 1403636584.814 1403636675.064
1227 1906 1403636641.114 1403636675.064
1059 1914 1403636632.714 1403636675.464
1120 1916 1403636635.764 1403636675.564
1034 1916 1403636631.464 1403636675.564
1180 1916 1403636638.764 1403636675.564
1165 1924 1403636638.014 1403636675.964
991 1932 1403636629.314 1403636676.364
1144 1932 1403636636.964 1403636676.364
1228 1936 1403636641.164 1403636676.564
1809 1958 1403636670.214 1403636677.664
1751 1961 1403636667.314 1403636677.814
1764 1966 1403636667.964 1403636678.064
1508 1966 1403636655.164 1403636678.064
1749 1968 1403636667.214 1403636678.164
1508 1968 1403636655.164 1403636678.164
1527 1971 1403636656.114 1403636678.314
1740 1977 1403636666.764 1403636678.614
1846 1980 1403636672.064 1403636678.764
1728 2001 1403636666.164 1403636679.814
1787 2003 1403636669.114 1403636679.914
1805 2005 1403636670.014 1403636680.014
1728 2005 1403636666.164 1403636680.014
1743 2008 1403636666.914 1403636680.164
1809 2011 1403636670.214 1403636680.314
1748 2013 1403636667.164 1403636680.414
1722 2019 1403636665.864 1403636680.714
1916 2023 1403636675.564 1403636680.914
1780 2024 1403636668.764 1403636680.964
1550 2024 1403636657.264 1403636680.964
1924 2026 1403636675.964 1403636681.064
1740 2031 1403636666.764 1403636681.314
1748 2031 1403636667.164 1403636681.314
1129 2078 1403636636.214 1403636683.664
1113 2078 1403636635.414 1403636683.664
112 2099 1403636585.364 1403636684.714
1102 2103 1403636634.864 1403636684.914
924 2103 1403636625.964 1403636684.914
1067 2107 1403636633.114 1403636685.114
101 2109 1403636584.814 1403636685.214
1451 2113 1403636652.314 1403636685.414
1739 2115 1403636666.714 1403636685.514
1955 2118 1403636677.514 1403636685.664
1751 2118 1403636667.314 1403636685.664
1128 2121 1403636636.164 1403636685.814
1740 2121 1403636666.764 1403636685.814
1125 2122 1403636636.014 1403636685.864
1142 2122 1403636636.864 1403636685.864
1031 2123 1403636631.314 1403636685.914
1798 2144 1403636669.664 1403636686.964
1451 2156 1403636652.314 1403636687.564
1158 2156 1403636637.664 1403636687.564
983 2158 1403636628.914 1403636687.664
971 2163 1403636628.314 1403636687.914
1740 2219 1403636666.764 1403636690.714
1798 2219 1403636669.664 1403636690.714
1757 2228 1403636667.614 1403636691.164
1722 2228 1403636665.864 1403636691.164
1353 2233 1403636647.414 1403636691.414
1735 2237 1403636666.514 1403636691.614
1697 2244 1403636664.614 1403636691.964
1740 2284 1403636666.764 1403636693.964
1735 2289 1403636666.514 1403636694.214
1514 2330 1403636655.464 1403636696.264
1820 2330 1403636670.764 1403636696.264
1751 2349 1403636667.314 1403636697.214
1757 2353 1403636667.614 1403636697.414
1914 2353 1403636675.464 1403636697.414
1762 2358 1403636667.864 1403636697.664
1815 2360 1403636670.514 1403636697.764
1520 2362 1403636655.764 1403636697.864
1420 2367 1403636650.764 1403636698.114
1794 2367 1403636669.464 1403636698.114
1451 2371 1403636652.314 1403636698.314
1748 2379 1403636667.164 1403636698.714
1787 2379 1403636669.114 1403636698.714
1451 2379 1403636652.314 1403636698.714
1523 2414 1403636655.914 1403636700.464
1471 2425 1403636653.314 1403636701.014
1606 2492 1403636660.064 1403636704.364
1671 2497 1403636663.314 1403636704.614
1631 2500 1403636661.314 1403636704.764
1697 2505 1403636664.614 1403636705.014
1606 2508 1403636660.064 1403636705.164
1631 2520 1403636661.314 1403636705.764
1631 2522 1403636661.314 1403636705.864
201 2531 1403636589.814 1403636706.314
303 2531 1403636594.914 1403636706.314
1145 2531 1403636637.014 1403636706.314
1491 2531 1403636654.314 1403636706.314
2300 2535 1403636694.764 1403636706.514
106 2535 1403636585.064 1403636706.514
2258 2539 1403636692.664 1403636706.714
975 2544 1403636628.514 1403636706.964
2358 2545 1403636697.664 1403636707.014
2071 2547 1403636683.314 1403636707.114
2333 2548 1403636696.414 1403636707.164
1321 2548 1403636645.814 1403636707.164
2244 2548 1403636691.964 1403636707.164
975 2550 1403636628.514 1403636707.264
2109 2550 1403636685.214 1403636707.264
2107 2552 1403636685.114 1403636707.364
2244 2554 1403636691.964 1403636707.464
1004 2555 1403636629.964 1403636707.514
2181 2557 1403636688.814 1403636707.614
2019 2559 1403636680.714 1403636707.714
1230 2562 1403636641.264 1403636707.864
983 2564 1403636628.914 1403636707.964
1228 2567 1403636641.164 1403636708.114
1323 2567 1403636645.914 1403636708.114
2099 2567 1403636684.714 1403636708.114
2023 2567 1403636680.914 1403636708.114
2219 2571 1403636690.714 1403636708.314
991 2573 1403636629.314 1403636708.414
2156 2575 1403636687.564 1403636708.514
2252 2575 1403636692.364 1403636708.514
2219 2576 1403636690.714 1403636708.564
2168 2578 1403636688.164 1403636708.664
2125 2578 1403636686.014 1403636708.664
987 2581 1403636629.114 1403636708.814
987 2584 1403636629.114 1403636708.964
991 2624 1403636629.314 1403636710.964
1093 2627 1403636634.414 1403636711.114
1451 2627 1403636652.314 1403636711.114
1034 2646 1403636631.464 1403636712.064
1230 2653 1403636641.264 1403636712.414
2314 2654 1403636695.464 1403636712.464
2033 2654 1403636681.414 1403636712.464
1323 2655 1403636645.914 1403636712.514
2252 2655 1403636692.364 1403636712.514
1451 2655 1403636652.314 1403636712.514
2168 2657 1403636688.164 1403636712.614
1280 2657 1403636643.764 1403636712.614
1230 2659 1403636641.264 1403636712.714
1325 2659 1403636646.014 1403636712.714
1811 2666 1403636670.314 1403636713.064
2151 2666 1403636687.314 1403636713.064
1697 2670 1403636664.614 1403636713.264
1798 2670 1403636669.664 1403636713.264
1735 2670 1403636666.514 1403636713.264
1059 2680 1403636632.714 1403636713.764
1139 2684 1403636636.714 1403636713.964
1817 2694 1403636670.614 1403636714.464
1722 2697 1403636665.864 1403636714.614
1803 2698 1403636669.914 1403636714.664
1743 2733 1403636666.914 1403636716.414
1958 2740 1403636677.664 1403636716.764
1550 2744 1403636657.264 1403636716.964
990 2773 1403636629.264 1403636718.414
1340 2773 1403636646.764 1403636718.414
1128 2773 1403636636.164 1403636718.414
1916 2773 1403636675.564 1403636718.414
1491 2777 1403636654.314 1403636718.614
1916 2777 1403636675.564 1403636718.614
1129 2781 1403636636.214 1403636718.814
2552 2781 1403636707.364 1403636718.814
1735 2781 1403636666.514 1403636718.814
1056 2781 1403636632.564 1403636718.814
1138 2787 1403636636.664 1403636719.114
1366 2787 1403636648.064 1403636719.114
1805 2829 1403636670.014 1403636721.214
1914 2829 1403636675.464 1403636721.214
2081 2869 1403636683.814 1403636723.214
1059 2876 1403636632.714 1403636723.564
1162 2877 1403636637.864 1403636723.614
1142 2881 1403636636.864 1403636723.814
1142 2886 1403636636.864 1403636724.064
1102 2886 1403636634.864 1403636724.064
1004 2889 1403636629.964 1403636724.214
1027 2889 1403636631.114 1403636724.214
1296 2889 1403636644.564 1403636724.214
929 2891 1403636626.214 1403636724.314
987 2891 1403636629.114 1403636724.314
1977 2891 1403636678.614 1403636724.314
1102 2891 1403636634.864 1403636724.314
999 2903 1403636629.714 1403636724.914
106 2903 1403636585.064 1403636724.914
1955 2909 1403636677.514 1403636725.214
1059 2909 1403636632.714 1403636725.214
1307 2909 1403636645.114 1403636725.214
991 2909 1403636629.314 1403636725.214
1805 2934 1403636670.014 1403636726.464
1451 2934 1403636652.314 1403636726.464
1757 2956 1403636667.614 1403636727.564
1817 2979 1403636670.614 1403636728.714
1520 2979 1403636655.764 1403636728.714
1968 2979 1403636678.164 1403636728.714
991 3006 1403636629.314 1403636730.064
1133 3006 1403636636.414 1403636730.064
1027 3006 1403636631.114 1403636730.064
1989 3006 1403636679.214 1403636730.064
106 3011 1403636585.064 1403636730.314
112 3011 1403636585.364 1403636730.314
1316 3013 1403636645.564 1403636730.414
112 3014 1403636585.364 1403636730.464
1142 3036 1403636636.864 1403636731.564
1131 3046 1403636636.314 1403636732.064
2168 3046 1403636688.164 1403636732.064
112 3053 1403636585.364 1403636732.414
2163 3053 1403636687.914 1403636732.414
1305 3056 1403636645.014 1403636732.564
1961 3056 1403636677.814 1403636732.564
2181 3056 1403636688.814 1403636732.564
2576 3063 1403636708.564 1403636732.914
2109 3063 1403636685.214 1403636732.914
1914 3063 1403636675.464 1403636732.914
2163 3063 1403636687.914 1403636732.914
1330 3068 1403636646.264 1403636733.164
1914 3071 1403636675.464 1403636733.314
1562 3078 1403636657.864 1403636733.664
2107 3102 1403636685.114 1403636734.864
2033 3102 1403636681.414 1403636734.864
2053 3112 1403636682.414 1403636735.364
1924 3112 1403636675.964 1403636735.364
1914 3128 1403636675.464 1403636736.164
1336 3132 1403636646.564 1403636736.364
2109 3132 1403636685.214 1403636736.364
1936 3139 1403636676.564 1403636736.714
2109 3139 1403636685.214 1403636736.714
1916 3148 1403636675.564 1403636737.164
1555 3148 1403636657.514 1403636737.164
1773 3154 1403636668.414 1403636737.464
1712 3154 1403636665.364 1403636737.464
2125 3154 1403636686.014 1403636737.464
2576 3160 1403636708.564 1403636737.764
1543 3169 1403636656.914 1403636738.214
1293 3169 1403636644.414 1403636738.214
1846 3181 1403636672.064 1403636738.814
2131 3201 1403636686.314 1403636739.814
2122 3230 1403636685.864 1403636741.264
1955 3230 1403636677.514 1403636741.264
2425 3230 1403636701.014 1403636741.264
1313 3292 1403636645.414 1403636744.364
2151 3292 1403636687.314 1403636744.364
1916 3292 1403636675.564 1403636744.364
1914 3296 1403636675.464 1403636744.564
2394 3296 1403636699.464 1403636744.564
1697 3299 1403636664.614 1403636744.714
2425 3299 1403636701.014 1403636744.714
1451 3300 1403636652.314 1403636744.764
2451 3304 1403636702.314 1403636744.964
2427 3306 1403636701.114 1403636745.064
1958 3311 1403636677.664 1403636745.314
1349 3311 1403636647.214 1403636745.314
2023 3316 1403636680.914 1403636745.564
1004 3316 1403636629.964 1403636745.564
1936 3316 1403636676.564 1403636745.564
1924 3319 1403636675.964 1403636745.714
2451 3319 1403636702.314 1403636745.714
2443 3323 1403636701.914 1403636745.914
1916 3330 1403636675.564 1403636746.264
1238 3330 1403636641.664 1403636746.264
1722 3330 1403636665.864 1403636746.264
1809 3330 1403636670.214 1403636746.264
1958 3330 1403636677.664 1403636746.264
2576 3330 1403636708.564 1403636746.264
2443 3330 1403636701.914 1403636746.264
1301 3330 1403636644.814 1403636746.264
2109 3330 1403636685.214 1403636746.264
2451 3333 1403636702.314 1403636746.414
1004 3333 1403636629.964 1403636746.414
2576 3333 1403636708.564 1403636746.414
1740 3336 1403636666.764 1403636746.564
1451 3345 1403636652.314 1403636747.014
1764 3352 1403636667.964 1403636747.364
2456 3359 1403636702.564 1403636747.714
2427 3364 1403636701.114 1403636747.964
2003 3367 1403636679.914 1403636748.114
2554 3367 1403636707.464 1403636748.114
2443 3373 1403636701.914 1403636748.414
2181 3378 1403636688.814 1403636748.664
2448 3381 1403636702.164 1403636748.814
2482 3389 1403636703.864 1403636749.214
2019 3392 1403636680.714 1403636749.364
2383 3392 1403636698.914 1403636749.364
2562 3392 1403636707.864 1403636749.364
2456 3392 1403636702.564 1403636749.364
1986 3416 1403636679.064 1403636750.564
1712 3416 1403636665.364 1403636750.564
1924 3416 1403636675.964 1403636750.564
1958 3422 1403636677.664 1403636750.864
2427 3422 1403636701.114 1403636750.864
1722 3427 1403636665.864 1403636751.114
2427 3427 1403636701.114 1403636751.114
1798 3435 1403636669.664 1403636751.514
1697 3435 1403636664.614 1403636751.514
1451 3441 1403636652.314 1403636751.814
1313 3444 1403636645.414 1403636751.964
2203 3444 1403636689.914 1403636751.964
1358 3444 1403636647.664 1403636751.964
1366 3471 1403636648.064 1403636753.314
2500 3471 1403636704.764 1403636753.314
1924 3479 1403636675.964 1403636753.714
1739 3490 1403636666.714 1403636754.264
1811 3498 1403636670.314 1403636754.664
2497 3500 1403636704.614 1403636754.764
1757 3500 1403636667.614 1403636754.764
2627 3500 1403636711.114 1403636754.764
2078 3502 1403636683.664 1403636754.864
1743 3502 1403636666.914 1403636754.864
2181 3502 1403636688.814 1403636754.864
1525 3502 1403636656.014 1403636754.864
1916 3502 1403636675.564 1403636754.864
303 3502 1403636594.914 1403636754.864
1336 3502 1403636646.564 1403636754.864
1113 3504 1403636635.414 1403636754.964
1133 3504 1403636636.414 1403636754.964
1305 3504 1403636645.014 1403636754.964
1129 3509 1403636636.214 1403636755.214
1129 3518 1403636636.214 1403636755.664
1138 3518 1403636636.664 1403636755.664
2615 3518 1403636710.514 1403636755.664
2814 3524 1403636720.464 1403636755.964
1131 3530 1403636636.314 1403636756.264
1057 3530 1403636632.614 1403636756.264
1125 3537 1403636636.014 1403636756.614
2348 3537 1403636697.164 1403636756.614
1200 3537 1403636639.764 1403636756.614
1968 3537 1403636678.164 1403636756.614
2081 3537 1403636683.814 1403636756.614
2575 3537 1403636708.514 1403636756.614
2700 3537 1403636714.764 1403636756.614
1241 3537 1403636641.814 1403636756.614
2670 3537 1403636713.264 1403636756.614
2756 3537 1403636717.564 1403636756.614
2482 3537 1403636703.864 1403636756.614
1293 3540 1403636644.414 1403636756.764
1230 3540 1403636641.264 1403636756.764
999 3560 1403636629.714 1403636757.764
1001 3562 1403636629.814 1403636757.864
1004 3565 1403636629.964 1403636758.014
1007 3566 1403636630.114 1403636758.064
1001 3567 1403636629.814 1403636758.114
1001 3569 1403636629.814 1403636758.214
2425 3578 1403636701.014 1403636758.664
1443 3580 1403636651.914 1403636758.764
1740 3580 1403636666.764 1403636758.764
2289 3580 1403636694.214 1403636758.764
2934 3585 1403636726.464 1403636759.014
1131 3587 1403636636.314 1403636759.114
1203 3590 1403636639.914 1403636759.264
3323 3592 1403636745.914 1403636759.364
1125 3592 1403636636.014 1403636759.364
2082 3592 1403636683.864 1403636759.364
247 3595 1403636592.114 1403636759.514
2281 3595 1403636693.814 1403636759.514
2760 3595 1403636717.764 1403636759.514
1809 3595 1403636670.214 1403636759.514
3323 3595 1403636745.914 1403636759.514
2829 3595 1403636721.214 1403636759.514
1307 3597 1403636645.114 1403636759.614
3352 3597 1403636747.364 1403636759.614
303 3597 1403636594.914 1403636759.614
265 3600 1403636593.014 1403636759.764
265 3603 1403636593.014 1403636759.914
1128 3604 1403636636.164 1403636759.964
383 3604 1403636598.914 1403636759.964
2535 3606 1403636706.514 1403636760.064
303 3606 1403636594.914 1403636760.064
1325 3608 1403636646.014 1403636760.164
1757 3608 1403636667.614 1403636760.164
1168 3608 1403636638.164 1403636760.164
247 3612 1403636592.114 1403636760.364
247 3613 1403636592.114 1403636760.414
271 3613 1403636593.314 1403636760.414
328 3614 1403636596.164 1403636760.464
197 3615 1403636589.614 1403636760.514
384 3626 1403636598.964 1403636761.064
384 3628 1403636598.964 1403636761.164
386 3631 1403636599.064 1403636761.314
85 3631 1403636584.014 1403636761.314
380 3634 1403636598.764 1403636761.464
85 3636 1403636584.014 1403636761.564
383 3636 1403636598.914 1403636761.564
386 3637 1403636599.064 1403636761.614
85 3637 1403636584.014 1403636761.614
280 3638 1403636593.764 1403636761.664
373 3640 1403636598.414 1403636761.764
325 3642 1403636596.014 1403636761.864
373 3642 1403636598.414 1403636761.864
373 3646 1403636598.414 1403636762.064
280 3647 1403636593.764 1403636762.114
307 3650 1403636595.114 1403636762.264
85 3650 1403636584.014 1403636762.264
3373 3650 1403636748.414 1403636762.264
386 3650 1403636599.064 1403636762.264
1138 3650 1403636636.664 1403636762.264
280 3650 1403636593.764 1403636762.264
373 3651 1403636598.414 1403636762.314
85 3651 1403636584.014 1403636762.314
325 3653 1403636596.014 1403636762.414
280 3653 1403636593.764 1403636762.414
208 3655 1403636590.164 1403636762.514
373 3655 1403636598.414 1403636762.514
