26 127 2.709 13.225
15 128 1.563 13.329
9 129 0.938 13.434
26 129 2.709 13.434
28 131 2.917 13.642
55 131 5.729 13.642
32 133 3.334 13.850
49 134 5.104 13.954
39 135 4.062 14.058
54 136 5.625 14.163
49 137 5.104 14.267
22 137 2.292 14.267
30 138 3.125 14.371
57 140 5.937 14.579
9 142 0.938 14.787
13 144 1.354 14.996
28 146 2.917 15.204
57 147 5.937 15.308
50 149 5.208 15.516
30 151 3.125 15.725
32 154 3.334 16.037
60 156 6.249 16.245
9 156 0.938 16.245
57 158 5.937 16.453
2 159 0.208 16.557
5 159 0.521 16.557
55 160 5.729 16.662
15 161 1.563 16.766
32 161 3.334 16.766
47 161 4.896 16.766
60 161 6.249 16.766
43 163 4.479 16.974
13 165 1.354 17.182
61 165 6.353 17.182
32 167 3.334 17.390
61 167 6.353 17.390
113 169 11.767 17.598
60 169 6.249 17.598
55 171 5.729 17.807
43 171 4.479 17.807
52 173 5.416 18.015
22 175 2.292 18.223
41 177 4.271 18.431
81 178 8.435 18.535
22 179 2.292 18.639
52 181 5.416 18.848
20 181 2.084 18.848
20 183 2.084 19.056
47 186 4.896 19.368
52 188 5.416 19.576
22 190 2.292 19.784
98 190 10.205 19.784
60 190 6.249 19.784
47 190 4.896 19.784
61 192 6.353 19.992
60 192 6.249 19.992
93 194 9.685 20.200
49 194 5.104 20.200
75 194 7.811 20.200
26 196 2.709 20.408
54 198 5.625 20.616
83 198 8.643 20.616
43 198 4.479 20.616
55 200 5.729 20.825
43 201 4.479 20.929
54 203 5.625 21.137
59 204 6.145 21.241
65 205 6.770 21.345
85 205 8.852 21.345
67 206 6.978 21.449
57 208 5.937 21.657
65 209 6.770 21.761
73 210 7.602 21.865
104 210 10.830 21.865
20 210 2.084 21.865
87 211 9.060 21.969
41 211 4.271 21.969
65 212 6.770 22.073
93 212 9.685 22.073
55 212 5.729 22.073
60 213 6.249 22.177
28 213 2.917 22.177
135 213 14.058 22.177
93 213 9.685 22.177
89 214 9.268 22.281
113 214 11.767 22.281
83 215 8.643 22.385
100 216 10.413 22.489
102 216 10.622 22.489
124 217 12.913 22.593
41 217 4.271 22.593
71 217 7.394 22.593
7 217 0.729 22.593
93 217 9.685 22.593
45 217 4.687 22.593
22 219 2.292 22.801
3 219 0.313 22.801
77 221 8.019 23.009
30 223 3.125 23.217
67 225 6.978 23.425
117 227 12.184 23.634
75 229 7.811 23.842
60 229 6.249 23.842
127 230 13.225 23.946
100 230 10.413 23.946
124 230 12.913 23.946
140 232 14.579 24.154
161 232 16.766 24.154
50 232 5.208 24.154
30 234 3.125 24.362
41 234 4.271 24.362
102 235 10.622 24.466
151 235 15.725 24.466
50 236 5.208 24.570
32 236 3.334 24.570
64 236 6.666 24.570
47 238 4.896 24.778
138 239 14.371 24.882
81 239 8.435 24.882
111 239 11.559 24.882
24 239 2.500 24.882
55 241 5.729 25.090
57 243 5.937 25.298
140 243 14.579 25.298
32 243 3.334 25.298
69 244 7.186 25.402
102 245 10.622 25.507
52 245 5.416 25.507
93 247 9.685 25.715
140 248 14.579 25.819
93 248 9.685 25.819
63 248 6.561 25.819
126 250 13.121 26.027
115 250 11.975 26.027
171 250 17.807 26.027
64 251 6.666 26.131
47 251 4.896 26.131
179 252 18.639 26.235
26 252 2.709 26.235
60 254 6.249 26.443
22 254 2.292 26.443
57 256 5.937 26.651
87 258 9.060 26.863
131 258 13.642 26.863
146 258 15.204 26.863
39 260 4.062 27.068
179 262 18.639 27.276
32 264 3.334 27.485
179 266 18.639 27.693
59 266 6.145 27.693
75 266 7.811 27.693
39 266 4.062 27.693
200 266 20.825 27.693
111 266 11.559 27.693
93 266 9.685 27.693
149 266 15.516 27.693
126 266 13.121 27.693
190 268 19.784 27.901
28 268 2.917 27.901
