2 39 0.208 4.045
6 44 0.623 4.563
9 45 0.934 4.667
11 46 1.141 4.771
9 47 0.934 4.874
11 48 1.141 4.978
2 49 0.208 5.082
11 50 1.141 5.185
6 51 0.623 5.289
15 53 1.556 5.496
7 55 0.726 5.704
2 57 0.208 5.911
5 57 0.519 5.911
9 58 0.934 6.015
2 59 0.208 6.118
7 59 0.726 6.118
6 60 0.623 6.222
2 62 0.208 6.429
5 62 0.519 6.429
5 63 0.519 6.533
9 64 0.934 6.637
13 66 1.349 6.844
2 68 0.208 7.051
4 70 0.415 7.259
6 72 0.623 7.466
11 73 1.141 7.570
6 74 0.623 7.674
7 75 0.726 7.777
15 75 1.556 7.777
9 76 0.934 7.881
6 77 0.623 7.985
6 80 0.623 8.296
7 81 0.726 8.400
17 82 1.764 8.503
9 83 0.934 8.607
7 84 0.726 8.711
13 85 1.349 8.814
13 86 1.349 8.918
13 87 1.349 9.022
17 88 1.764 9.126
11 88 1.141 9.126
11 89 1.141 9.229
5 90 0.519 9.333
26 91 2.697 9.437
4 91 0.415 9.437
22 92 2.282 9.540
4 92 0.415 9.540
11 93 1.141 9.644
7 95 0.726 9.851
42 95 4.356 9.851
22 97 2.282 10.058
1 98 0.104 10.162
22 98 2.282 10.162
17 99 1.764 10.266
6 100 0.623 10.370
13 101 1.349 10.473
17 102 1.764 10.577
28 103 2.904 10.681
13 104 1.349 10.784
17 105 1.764 10.888
37 107 3.838 11.096
13 107 1.349 11.096
28 107 2.904 11.096
17 109 1.764 11.303
57 110 5.911 11.407
2 111 0.208 11.511
51 112 5.289 11.614
7 112 0.726 11.614
42 112 4.356 11.614
13 112 1.349 11.614
13 113 1.349 11.718
55 113 5.704 11.718
1 114 0.104 11.821
33 114 3.423 11.821
24 115 2.490 11.925
8 116 0.830 12.029
6 117 0.623 12.132
8 118 0.830 12.236
9 119 0.934 12.340
22 120 2.282 12.443
42 120 4.356 12.443
8 121 0.830 12.547
11 122 1.141 12.651
20 122 2.075 12.651
5 123 0.519 12.754
32 123 3.319 12.754
6 124 0.623 12.858
28 125 2.904 12.961
4 125 0.415 12.961
11 126 1.141 13.065
34 126 3.527 13.065
11 127 1.141 13.169
29 128 3.008 13.272
33 129 3.423 13.376
11 129 1.141 13.376
15 130 1.556 13.480
42 130 4.356 13.480
34 131 3.527 13.583
6 132 0.623 13.687
11 133 1.141 13.791
50 134 5.185 13.894
6 135 0.623 13.998
34 135 3.527 13.998
27 136 2.801 14.102
20 137 2.075 14.206
8 138 0.830 14.309
28 138 2.904 14.309
22 138 2.282 14.309
11 139 1.141 14.413
33 139 3.423 14.413
22 140 2.282 14.517
6 140 0.623 14.517
48 141 4.978 14.620
8 142 0.830 14.724
48 142 4.978 14.724
43 143 4.460 14.827
41 144 4.252 14.932
28 146 2.904 15.139
30 146 3.112 15.139
24 147 2.490 15.242
46 147 4.771 15.242
22 148 2.282 15.346
30 148 3.112 15.346
20 148 2.075 15.346
26 149 2.697 15.450
8 149 0.830 15.450
30 150 3.112 15.553
6 150 0.623 15.553
38 150 3.941 15.553
22 151 2.282 15.657
27 151 2.801 15.657
22 152 2.282 15.760
44 153 4.563 15.864
33 153 3.423 15.864
22 154 2.282 15.968
6 154 0.623 15.968
24 155 2.490 16.071
31 156 3.215 16.175
22 156 2.282 16.175
24 157 2.490 16.279
37 157 3.838 16.279
24 158 2.490 16.382
8 158 0.830 16.382
6 159 0.623 16.486
42 159 4.356 16.486
33 160 3.423 16.590
98 161 10.162 16.693
26 161 2.697 16.693
45 163 4.667 16.901
99 163 10.266 16.901
17 163 1.764 16.901
97 164 10.058 17.004
7 164 0.726 17.004
124 165 12.858 17.108
20 165 2.075 17.108
114 165 11.821 17.108
77 165 7.985 17.108
49 165 5.082 17.108
7 166 0.726 17.212
46 167 4.771 17.315
32 167 3.319 17.315
44 172 4.563 17.834
118 172 12.236 17.834
115 173 11.925 17.938
27 174 2.801 18.041
123 175 12.754 18.145
97 176 10.058 18.248
91 176 9.437 18.248
120 176 12.443 18.248
117 177 12.132 18.352
116 178 12.029 18.456
46 179 4.771 18.559
59 180 6.118 18.663
30 180 3.112 18.663
133 181 13.791 18.766
44 181 4.563 18.766
20 181 2.075 18.766
115 182 11.925 18.870
121 183 12.547 18.974
57 184 5.911 19.077
44 184 4.563 19.077
115 184 11.925 19.077
127 185 13.169 19.181
116 186 12.029 19.285
29 187 3.008 19.388
42 187 4.356 19.388
118 188 12.236 19.492
62 188 6.429 19.492
129 188 13.376 19.492
57 188 5.911 19.492
144 189 14.932 19.595
46 189 4.771 19.595
131 189 13.583 19.595
36 190 3.734 19.699
121 190 12.547 19.699
17 191 1.764 19.803
13 192 1.349 19.906
90 192 9.333 19.906
7 193 0.726 20.010
70 194 7.259 20.114
27 194 2.801 20.114
11 194 1.141 20.114
118 195 12.236 20.217
13 200 1.349 20.735
26 200 2.697 20.735
41 201 4.252 20.839
17 201 1.764 20.839
11 206 1.141 21.357
20 206 2.075 21.357
7 207 0.726 21.461
1 208 0.104 21.565
43 208 4.460 21.565
75 208 7.777 21.565
6 208 0.623 21.565
13 209 1.349 21.668
13 211 1.349 21.875
7 213 0.726 22.083
152 215 15.760 22.290
24 215 2.490 22.290
20 215 2.075 22.290
156 215 16.175 22.290
9 219 0.934 22.704
22 219 2.282 22.704
27 221 2.801 22.912
11 221 1.141 22.912
175 247 18.145 25.606
154 252 15.968 26.124
166 252 17.212 26.124
149 253 15.450 26.228
168 265 17.419 27.472
151 265 15.657 27.472
157 265 16.279 27.472
168 266 17.419 27.575
168 267 17.419 27.679
195 268 20.217 27.783
167 269 17.315 27.887
33 270 3.423 27.990
219 331 22.704 34.314
217 344 22.497 35.661
233 345 24.156 35.765
231 346 23.948 35.868
265 347 27.472 35.972
258 347 26.746 35.972
268 348 27.783 36.076
245 349 25.399 36.180
216 349 22.394 36.180
269 350 27.887 36.283
235 350 24.363 36.283
227 351 23.534 36.387
266 351 27.575 36.387
213 351 22.083 36.387
248 352 25.710 36.491
235 352 24.363 36.491
224 352 23.223 36.491
266 352 27.575 36.491
280 352 29.026 36.491
249 353 25.814 36.594
266 354 27.575 36.698
223 354 23.119 36.698
268 355 27.783 36.801
268 356 27.783 36.905
254 357 26.332 37.009
268 357 27.783 37.009
269 357 27.887 37.009
267 358 27.679 37.113
227 359 23.534 37.216
276 359 28.612 37.216
270 360 27.990 37.320
255 360 26.435 37.320
268 361 27.783 37.424
252 363 26.124 37.631
223 363 23.119 37.631
214 363 22.186 37.631
226 364 23.430 37.735
269 365 27.887 37.838
254 365 26.332 37.838
272 366 28.197 37.942
228 367 23.637 38.046
267 368 27.679 38.149
270 369 27.990 38.253
267 370 27.679 38.356
268 371 27.783 38.460
274 371 28.405 38.460
272 372 28.197 38.564
223 373 23.119 38.667
303 374 31.410 38.771
236 374 24.467 38.771
268 375 27.783 38.875
279 375 28.923 38.875
287 375 29.752 38.875
250 376 25.917 38.978
221 377 22.912 39.082
219 378 22.704 39.186
219 379 22.704 39.289
269 380 27.887 39.393
234 381 24.259 39.496
282 381 29.234 39.496
287 381 29.752 39.496
269 381 27.887 39.496
228 381 23.637 39.496
219 383 22.704 39.704
230 383 23.845 39.704
267 384 27.679 39.808
294 384 30.477 39.808
302 385 31.307 39.911
265 385 27.472 39.911
287 385 29.752 39.911
288 385 29.856 39.911
273 385 28.301 39.911
289 385 29.959 39.911
302 386 31.307 40.015
231 387 23.948 40.119
287 387 29.752 40.119
285 387 29.545 40.119
298 387 30.892 40.119
286 387 29.648 40.119
224 387 23.223 40.119
300 388 31.099 40.222
227 388 23.534 40.222
287 388 29.752 40.222
228 388 23.637 40.222
299 389 30.996 40.326
291 389 30.166 40.326
228 390 23.637 40.430
296 391 30.684 40.533
224 391 23.223 40.533
275 391 28.508 40.533
227 393 23.534 40.741
302 393 31.307 40.741
231 394 23.948 40.844
302 395 31.307 40.948
300 396 31.099 41.052
300 402 31.099 41.674
287 402 29.752 41.674
319 402 33.071 41.674
327 402 33.899 41.674
337 402 34.935 41.674
341 417 35.350 43.228
337 422 34.935 43.746
339 423 35.143 43.850
338 429 35.039 44.472
338 430 35.039 44.576
338 431 35.039 44.679
338 432 35.039 44.783
338 433 35.039 44.886
373 434 38.667 44.990
373 435 38.667 45.094
338 446 35.039 46.234
373 446 38.667 46.234
373 447 38.667 46.337
374 448 38.771 46.441
308 448 31.929 46.441
326 449 33.795 46.545
273 452 28.301 46.856
341 452 35.350 46.856
331 452 34.314 46.856
263 452 27.265 46.856
321 453 33.276 46.959
278 454 28.819 47.063
321 454 33.276 47.063
274 454 28.405 47.063
373 455 38.667 47.167
268 455 27.783 47.167
287 455 29.752 47.167
373 456 38.667 47.270
371 456 38.460 47.270
374 457 38.771 47.374
330 457 34.210 47.374
331 458 34.314 47.477
341 458 35.350 47.477
289 458 29.959 47.477
375 459 38.875 47.581
269 460 27.887 47.685
316 460 32.758 47.685
334 460 34.624 47.685
342 460 35.454 47.685
314 461 32.551 47.789
317 461 32.862 47.789
381 461 39.496 47.789
339 462 35.143 47.892
357 462 37.009 47.892
374 463 38.771 47.996
268 463 27.783 47.996
320 463 33.173 47.996
351 463 36.387 47.996
365 464 37.838 48.099
373 464 38.667 48.099
381 465 39.496 48.203
378 466 39.186 48.307
374 467 38.771 48.410
230 468 23.845 48.514
224 468 23.223 48.514
386 468 40.015 48.514
338 468 35.039 48.514
269 468 27.887 48.514
223 469 23.119 48.618
375 469 38.875 48.618
377 469 39.082 48.618
375 470 38.875 48.722
333 470 34.521 48.722
224 471 23.223 48.825
233 471 24.156 48.825
375 472 38.875 48.929
365 473 37.838 49.032
374 474 38.771 49.136
269 475 27.887 49.239
374 475 38.771 49.239
300 475 31.099 49.239
374 476 38.771 49.343
377 476 39.082 49.343
224 477 23.223 49.447
338 477 35.039 49.447
377 477 39.082 49.447
339 477 35.143 49.447
224 478 23.223 49.551
293 478 30.374 49.551
374 479 38.771 49.654
377 480 39.082 49.758
227 480 23.534 49.758
377 481 39.082 49.861
219 482 22.704 49.965
338 482 35.039 49.965
291 482 30.166 49.965
374 483 38.771 50.069
273 484 28.301 50.172
377 484 39.082 50.172
230 485 23.845 50.276
383 485 39.704 50.276
393 486 40.741 50.379
375 486 38.875 50.379
407 486 42.192 50.379
377 488 39.082 50.587
378 489 39.186 50.690
377 490 39.082 50.794
374 492 38.771 51.001
374 493 38.771 51.105
346 494 35.868 51.209
373 494 38.667 51.209
345 494 35.765 51.209
379 495 39.289 51.312
372 496 38.564 51.416
270 497 27.990 51.520
317 497 32.862 51.520
307 497 31.825 51.520
293 497 30.374 51.520
288 498 29.856 51.623
404 499 41.881 51.727
410 499 42.503 51.727
394 499 40.844 51.727
398 499 41.259 51.727
394 500 40.844 51.831
321 501 33.276 51.934
269 501 27.887 51.934
334 501 34.624 51.934
336 503 34.832 52.142
320 503 33.173 52.142
383 504 39.704 52.245
335 504 34.728 52.245
285 504 29.545 52.245
288 504 29.856 52.245
411 505 42.607 52.349
375 505 38.875 52.349
383 505 39.704 52.349
385 505 39.911 52.349
374 506 38.771 52.453
385 506 39.911 52.453
404 506 41.881 52.453
375 507 38.875 52.557
396 507 41.052 52.557
385 508 39.911 52.660
420 508 43.539 52.660
314 509 32.551 52.764
377 509 39.082 52.764
338 509 35.039 52.764
375 510 38.875 52.868
374 511 38.771 52.971
381 512 39.496 53.075
384 512 39.808 53.075
421 512 43.643 53.075
338 512 35.039 53.075
375 513 38.875 53.178
377 513 39.082 53.178
379 514 39.289 53.282
375 514 38.875 53.282
307 515 31.825 53.386
320 515 33.173 53.386
377 515 39.082 53.386
414 515 42.917 53.386
322 516 33.380 53.489
329 516 34.106 53.489
351 517 36.387 53.593
293 517 30.374 53.593
419 518 43.436 53.697
375 518 38.875 53.697
386 518 40.015 53.697
389 518 40.326 53.697
302 518 31.307 53.697
289 518 29.959 53.697
261 519 27.057 53.800
345 519 35.765 53.800
348 519 36.076 53.800
302 520 31.307 53.904
331 520 34.314 53.904
378 520 39.186 53.904
414 520 42.917 53.904
292 521 30.270 54.008
310 521 32.136 54.008
321 521 33.276 54.008
349 521 36.180 54.008
373 521 38.667 54.008
335 521 34.728 54.008
325 521 33.691 54.008
269 522 27.887 54.111
378 522 39.186 54.111
331 522 34.314 54.111
260 522 26.954 54.111
374 524 38.771 54.319
318 525 32.966 54.422
371 525 38.460 54.422
411 525 42.607 54.422
383 525 39.704 54.422
319 526 33.071 54.526
325 526 33.691 54.526
376 526 38.978 54.526
371 527 38.460 54.630
377 527 39.082 54.630
305 528 31.617 54.733
348 528 36.076 54.733
378 528 39.186 54.733
315 528 32.654 54.733
421 528 43.643 54.733
331 529 34.314 54.837
350 529 36.283 54.837
345 529 35.765 54.837
426 529 44.161 54.837
416 529 43.125 54.837
316 529 32.758 54.837
351 530 36.387 54.941
372 530 38.564 54.941
310 530 32.136 54.941
310 531 32.136 55.044
310 532 32.136 55.148
269 532 27.887 55.148
320 533 33.173 55.252
325 533 33.691 55.252
274 533 28.405 55.252
315 534 32.654 55.355
317 534 32.862 55.355
288 534 29.856 55.355
318 535 32.966 55.459
293 536 30.374 55.563
310 536 32.136 55.563
288 537 29.856 55.666
284 537 29.441 55.666
276 538 28.612 55.770
312 538 32.343 55.770
268 539 27.783 55.874
309 540 32.032 55.977
319 540 33.071 55.977
348 541 36.076 56.081
280 541 29.026 56.081
374 541 38.771 56.081
398 541 41.259 56.081
421 541 43.643 56.081
276 542 28.612 56.184
375 542 38.875 56.184
351 542 36.387 56.184
400 543 41.466 56.288
307 544 31.825 56.392
334 544 34.624 56.392
375 544 38.875 56.392
268 545 27.783 56.495
284 545 29.441 56.495
335 546 34.728 56.599
325 546 33.691 56.599
319 546 33.071 56.599
420 547 43.539 56.702
260 548 26.954 56.806
319 548 33.071 56.806
273 548 28.301 56.806
274 548 28.405 56.806
272 549 28.197 56.910
309 549 32.032 56.910
268 549 27.783 56.910
282 549 29.234 56.910
315 549 32.654 56.910
377 549 39.082 56.910
425 549 44.057 56.910
268 550 27.783 57.013
291 550 30.166 57.013
366 551 37.942 57.117
375 551 38.875 57.117
416 551 43.125 57.117
449 552 46.545 57.221
457 552 47.374 57.221
322 553 33.380 57.324
320 553 33.173 57.324
312 553 32.343 57.324
369 554 38.253 57.428
428 554 44.368 57.428
375 554 38.875 57.428
360 554 37.320 57.428
406 555 42.088 57.531
345 556 35.765 57.635
269 556 27.887 57.635
374 557 38.771 57.739
310 557 32.136 57.739
409 557 42.399 57.739
400 557 41.466 57.739
380 557 39.393 57.739
416 557 43.125 57.739
378 558 39.186 57.842
437 558 45.301 57.842
399 559 41.363 57.946
385 559 39.911 57.946
414 559 42.917 57.946
416 559 43.125 57.946
375 560 38.875 58.050
439 560 45.508 58.050
428 560 44.368 58.050
414 560 42.917 58.050
396 560 41.052 58.050
386 560 40.015 58.050
350 561 36.283 58.153
371 561 38.460 58.153
380 561 39.393 58.153
415 561 43.021 58.153
397 561 41.155 58.153
424 561 43.954 58.153
343 561 35.557 58.153
312 562 32.343 58.257
365 562 37.838 58.257
471 562 48.825 58.257
317 562 32.862 58.257
375 562 38.875 58.257
375 563 38.875 58.360
404 563 41.881 58.360
388 563 40.222 58.360
397 563 41.155 58.360
412 564 42.710 58.464
437 564 45.301 58.464
284 564 29.441 58.464
429 564 44.472 58.464
414 564 42.917 58.464
312 564 32.343 58.464
433 565 44.886 58.568
416 565 43.125 58.568
314 566 32.551 58.671
433 566 44.886 58.671
431 566 44.679 58.671
320 567 33.173 58.775
415 568 43.021 58.879
435 569 45.094 58.982
424 571 43.954 59.190
312 571 32.343 59.190
345 571 35.765 59.190
454 571 47.063 59.190
438 571 45.405 59.190
408 571 42.296 59.190
421 571 43.643 59.190
457 571 47.374 59.190
380 572 39.393 59.294
438 573 45.405 59.397
436 573 45.197 59.397
438 574 45.405 59.501
439 574 45.508 59.501
421 574 43.643 59.501
436 575 45.197 59.605
471 575 48.825 59.605
457 575 47.374 59.605
461 575 47.789 59.605
414 575 42.917 59.605
416 575 43.125 59.605
381 576 39.496 59.708
456 576 47.270 59.708
444 577 46.027 59.812
458 577 47.477 59.812
221 577 22.912 59.812
423 577 43.850 59.812
453 577 46.959 59.812
415 577 43.021 59.812
433 578 44.886 59.916
456 578 47.270 59.916
456 579 47.270 60.019
289 579 29.959 60.019
435 579 45.094 60.019
309 579 32.032 60.019
230 579 23.845 60.019
436 580 45.197 60.123
439 580 45.508 60.123
422 581 43.746 60.227
338 581 35.039 60.227
453 582 46.959 60.330
307 582 31.825 60.330
302 582 31.307 60.330
324 582 33.588 60.330
374 582 38.771 60.330
226 582 23.430 60.330
453 583 46.959 60.434
380 583 39.393 60.434
385 583 39.911 60.434
419 583 43.436 60.434
396 584 41.052 60.538
436 585 45.197 60.641
434 586 44.990 60.745
437 587 45.301 60.849
394 588 40.844 60.952
434 588 44.990 60.952
236 589 24.467 61.056
226 589 23.430 61.056
373 590 38.667 61.160
413 590 42.814 61.160
421 591 43.643 61.263
230 591 23.845 61.263
428 591 44.368 61.263
474 591 49.136 61.263
407 591 42.192 61.263
409 591 42.399 61.263
496 592 51.416 61.367
438 593 45.405 61.471
405 597 41.985 61.885
481 597 49.861 61.885
385 597 39.911 61.885
410 597 42.503 61.885
375 598 38.875 61.989
436 598 45.197 61.989
298 598 30.892 61.989
309 598 32.032 61.989
437 598 45.301 61.989
312 599 32.343 62.092
305 599 31.617 62.092
439 600 45.508 62.197
293 600 30.374 62.197
300 600 31.099 62.197
438 601 45.405 62.300
432 601 44.783 62.300
319 601 33.071 62.300
452 602 46.856 62.403
434 602 44.990 62.403
436 603 45.197 62.507
413 603 42.814 62.507
319 604 33.071 62.611
317 604 32.862 62.611
461 605 47.789 62.714
223 605 23.119 62.714
400 605 41.466 62.714
312 605 32.343 62.714
321 605 33.276 62.714
339 605 35.143 62.714
377 605 39.082 62.714
388 605 40.222 62.714
418 605 43.332 62.714
447 606 46.337 62.818
374 608 38.771 63.025
366 608 37.942 63.025
420 608 43.539 63.025
305 609 31.617 63.129
320 609 33.173 63.129
419 609 43.436 63.129
312 610 32.343 63.232
325 610 33.691 63.232
339 610 35.143 63.232
503 610 52.142 63.232
388 611 40.222 63.336
259 611 26.850 63.336
328 611 34.002 63.336
379 611 39.289 63.336
322 613 33.380 63.543
320 613 33.173 63.543
343 613 35.557 63.543
390 613 40.430 63.543
339 613 35.143 63.543
384 613 39.808 63.543
396 614 41.052 63.647
269 615 27.887 63.750
305 615 31.617 63.750
294 615 30.477 63.750
223 615 23.119 63.750
385 615 39.911 63.750
373 615 38.667 63.750
216 615 22.394 63.750
287 616 29.752 63.854
374 616 38.771 63.854
319 616 33.071 63.854
346 616 35.868 63.854
460 617 47.685 63.957
299 618 30.996 64.061
307 618 31.825 64.061
333 618 34.521 64.061
349 618 36.180 64.061
455 619 47.167 64.164
318 619 32.966 64.164
418 619 43.332 64.164
413 620 42.814 64.268
377 621 39.082 64.372
348 621 36.076 64.372
356 622 36.905 64.475
286 622 29.648 64.475
417 622 43.228 64.475
442 623 45.819 64.579
421 623 43.643 64.579
437 623 45.301 64.579
449 624 46.545 64.683
420 624 43.539 64.683
374 624 38.771 64.683
319 624 33.071 64.683
288 624 29.856 64.683
289 624 29.959 64.683
312 624 32.343 64.683
380 624 39.393 64.683
413 625 42.814 64.786
310 625 32.136 64.786
291 625 30.166 64.786
307 626 31.825 64.890
292 626 30.270 64.890
286 627 29.648 64.993
273 627 28.301 64.993
375 628 38.875 65.097
288 628 29.856 65.097
299 629 30.996 65.200
312 629 32.343 65.200
438 629 45.405 65.200
447 629 46.337 65.200
345 630 35.765 65.304
291 630 30.166 65.304
312 630 32.343 65.304
336 630 34.832 65.304
325 631 33.691 65.408
435 631 45.094 65.408
438 631 45.405 65.408
423 631 43.850 65.408
321 632 33.276 65.511
227 632 23.534 65.511
255 637 26.435 66.030
313 637 32.447 66.030
316 637 32.758 66.030
389 637 40.326 66.030
317 638 32.862 66.133
364 638 37.735 66.133
249 638 25.814 66.133
375 638 38.875 66.133
302 639 31.307 66.237
433 640 44.886 66.341
310 641 32.136 66.445
404 642 41.881 66.548
434 642 44.990 66.548
417 642 43.228 66.548
434 643 44.990 66.652
436 643 45.197 66.652
423 643 43.850 66.652
309 644 32.032 66.755
315 645 32.654 66.859
296 645 30.684 66.859
310 645 32.136 66.859
313 646 32.447 66.963
312 647 32.343 67.066
243 648 25.192 67.170
236 648 24.467 67.170
224 648 23.223 67.170
246 649 25.503 67.274
390 649 40.430 67.274
307 650 31.825 67.377
288 650 29.856 67.377
371 650 38.460 67.377
315 650 32.654 67.377
367 651 38.046 67.481
304 651 31.514 67.481
296 651 30.684 67.481
315 651 32.654 67.481
292 652 30.270 67.584
304 652 31.514 67.584
387 652 40.119 67.584
293 653 30.374 67.688
319 653 33.071 67.688
399 653 41.363 67.688
307 653 31.825 67.688
456 653 47.270 67.688
377 654 39.082 67.792
374 654 38.771 67.792
373 654 38.667 67.792
312 655 32.343 67.895
279 655 28.923 67.895
276 655 28.612 67.895
291 655 30.166 67.895
438 656 45.405 67.999
374 656 38.771 67.999
336 658 34.832 68.206
335 658 34.728 68.206
424 659 43.954 68.309
245 659 25.399 68.309
236 659 24.467 68.309
287 659 29.752 68.309
397 660 41.155 68.413
312 661 32.343 68.517
355 661 36.801 68.517
315 662 32.654 68.620
263 663 27.265 68.724
274 663 28.405 68.724
279 663 28.923 68.724
501 664 51.934 68.827
388 665 40.222 68.931
396 665 41.052 68.931
316 666 32.758 69.034
369 666 38.253 69.034
321 666 33.276 69.034
310 667 32.136 69.138
372 667 38.564 69.138
252 667 26.124 69.138
374 667 38.771 69.138
289 667 29.959 69.138
247 668 25.606 69.242
374 668 38.771 69.242
247 669 25.606 69.345
426 669 44.161 69.345
348 669 36.076 69.345
482 670 49.965 69.449
449 670 46.545 69.449
398 670 41.259 69.449
387 670 40.119 69.449
304 671 31.514 69.553
330 672 34.210 69.656
376 672 38.978 69.656
309 673 32.032 69.760
270 673 27.990 69.760
478 673 49.551 69.760
285 673 29.545 69.760
358 673 37.113 69.760
293 674 30.374 69.863
321 675 33.276 69.967
375 675 38.875 69.967
261 676 27.057 70.070
307 676 31.825 70.070
228 677 23.637 70.174
335 678 34.728 70.278
375 678 38.875 70.278
397 678 41.155 70.278
374 679 38.771 70.381
292 680 30.270 70.485
313 680 32.447 70.485
431 680 44.679 70.485
339 681 35.143 70.589
404 681 41.881 70.589
385 681 39.911 70.589
349 681 36.180 70.589
310 681 32.136 70.589
293 681 30.374 70.589
315 682 32.654 70.692
329 683 34.106 70.796
312 683 32.343 70.796
459 683 47.581 70.796
371 683 38.460 70.796
422 683 43.746 70.796
404 683 41.881 70.796
414 683 42.917 70.796
318 684 32.966 70.900
344 684 35.661 70.900
438 685 45.405 71.003
307 686 31.825 71.107
313 686 32.447 71.107
286 687 29.648 71.211
292 687 30.270 71.211
373 687 38.667 71.211
312 688 32.343 71.314
286 688 29.648 71.314
330 688 34.210 71.314
315 688 32.654 71.314
304 689 31.514 71.418
292 689 30.270 71.418
276 689 28.612 71.418
274 690 28.405 71.522
273 690 28.301 71.522
377 691 39.082 71.625
330 691 34.210 71.625
298 691 30.892 71.625
287 691 29.752 71.625
317 692 32.862 71.729
436 692 45.197 71.729
314 693 32.551 71.833
313 693 32.447 71.833
325 693 33.691 71.833
437 694 45.301 71.937
430 694 44.576 71.937
424 694 43.954 71.937
377 694 39.082 71.937
381 695 39.496 72.040
281 695 29.130 72.040
323 696 33.484 72.144
322 696 33.380 72.144
388 696 40.222 72.144
374 696 38.771 72.144
334 697 34.624 72.248
325 697 33.691 72.248
388 697 40.222 72.248
390 697 40.430 72.248
305 697 31.617 72.248
307 702 31.825 72.766
280 702 29.026 72.766
269 702 27.887 72.766
283 702 29.337 72.766
329 703 34.106 72.870
297 703 30.788 72.870
224 703 23.223 72.870
268 703 27.783 72.870
480 703 49.758 72.870
321 709 33.276 73.492
284 709 29.441 73.492
331 709 34.314 73.492
374 710 38.771 73.595
296 711 30.684 73.699
310 712 32.136 73.803
320 713 33.173 73.906
283 713 29.337 73.906
296 713 30.684 73.906
313 713 32.447 73.906
335 714 34.728 74.010
314 715 32.551 74.114
292 716 30.270 74.217
350 716 36.283 74.217
333 717 34.521 74.321
336 717 34.832 74.321
305 718 31.617 74.425
296 718 30.684 74.425
300 719 31.099 74.528
405 719 41.985 74.528
292 720 30.270 74.632
310 720 32.136 74.632
321 725 33.276 75.150
328 725 34.002 75.150
327 725 33.899 75.150
310 726 32.136 75.254
268 727 27.783 75.358
296 727 30.684 75.358
305 727 31.617 75.358
346 727 35.868 75.358
327 727 33.899 75.358
279 728 28.923 75.461
288 728 29.856 75.461
299 729 30.996 75.565
230 730 23.845 75.669
312 730 32.343 75.669
459 730 47.581 75.669
493 730 51.105 75.669
496 730 51.416 75.669
338 730 35.039 75.669
338 731 35.039 75.772
337 731 34.935 75.772
373 736 38.667 76.290
292 736 30.270 76.290
287 736 29.752 76.290
302 737 31.307 76.394
221 737 22.912 76.394
268 737 27.783 76.394
293 737 30.374 76.394
338 738 35.039 76.498
330 738 34.210 76.498
431 738 44.679 76.498
417 738 43.228 76.498
227 738 23.534 76.498
321 739 33.276 76.601
412 739 42.710 76.601
221 739 22.912 76.601
376 739 38.978 76.601
330 739 34.210 76.601
305 740 31.617 76.705
374 740 38.771 76.705
288 741 29.856 76.808
266 741 27.575 76.808
390 742 40.430 76.912
305 742 31.617 76.912
292 743 30.270 77.016
305 743 31.617 77.016
490 743 50.794 77.016
263 744 27.265 77.119
303 744 31.410 77.119
405 745 41.985 77.223
300 745 31.099 77.223
385 745 39.911 77.223
236 745 24.467 77.223
377 746 39.082 77.326
303 746 31.410 77.326
402 746 41.674 77.326
305 746 31.617 77.326
407 747 42.192 77.430
423 747 43.850 77.430
298 747 30.892 77.430
416 747 43.125 77.430
615 748 63.750 77.534
305 748 31.617 77.534
276 748 28.612 77.534
399 752 41.363 77.948
327 752 33.899 77.948
276 752 28.612 77.948
400 752 41.466 77.948
376 753 38.978 78.052
363 753 37.631 78.052
416 753 43.125 78.052
287 754 29.752 78.155
268 754 27.783 78.155
305 754 31.617 78.155
324 754 33.588 78.155
292 759 30.270 78.674
303 759 31.410 78.674
304 760 31.514 78.777
315 760 32.654 78.777
297 761 30.788 78.881
292 761 30.270 78.881
397 761 41.155 78.881
386 761 40.015 78.881
292 762 30.270 78.985
338 763 35.039 79.088
380 763 39.393 79.088
318 763 32.966 79.088
373 763 38.667 79.088
312 763 32.343 79.088
624 767 64.683 79.503
662 768 68.620 79.606
618 769 64.061 79.710
649 769 67.274 79.710
624 769 64.683 79.710
658 770 68.206 79.814
631 771 65.408 79.917
624 772 64.683 80.021
632 773 65.511 80.125
626 773 64.890 80.125
624 774 64.683 80.228
648 775 67.170 80.332
655 776 67.895 80.436
692 776 71.729 80.436
665 776 68.931 80.436
625 776 64.786 80.436
625 777 64.786 80.539
628 777 65.097 80.539
644 777 66.755 80.539
648 777 67.170 80.539
640 778 66.341 80.643
654 779 67.792 80.747
633 779 65.615 80.747
645 779 66.859 80.747
615 780 63.750 80.850
650 780 67.377 80.850
678 781 70.278 80.954
655 782 67.895 81.058
648 782 67.170 81.058
659 783 68.309 81.161
651 783 67.481 81.161
627 784 64.993 81.265
384 788 39.808 81.680
377 788 39.082 81.680
256 789 26.539 81.783
333 789 34.521 81.783
390 789 40.430 81.783
381 789 39.496 81.783
247 789 25.606 81.783
486 796 50.379 82.509
488 796 50.587 82.509
488 797 50.587 82.612
385 798 39.911 82.716
385 799 39.911 82.820
241 799 24.985 82.820
309 799 32.032 82.820
374 799 38.771 82.820
490 799 50.794 82.820
228 799 23.637 82.820
377 800 39.082 82.923
307 800 31.825 82.923
337 800 34.935 82.923
230 801 23.845 83.027
334 801 34.624 83.027
388 802 40.222 83.130
305 802 31.617 83.130
341 803 35.350 83.234
375 803 38.875 83.234
336 803 34.832 83.234
388 804 40.222 83.338
329 804 34.106 83.338
381 804 39.496 83.338
377 805 39.082 83.442
385 805 39.911 83.442
393 805 40.741 83.442
418 805 43.332 83.442
234 806 24.259 83.545
238 806 24.674 83.545
318 806 32.966 83.545
684 806 70.900 83.545
310 807 32.136 83.649
375 807 38.875 83.649
310 808 32.136 83.753
377 809 39.082 83.856
488 809 50.587 83.856
312 810 32.343 83.960
298 815 30.892 84.478
312 816 32.343 84.582
388 824 40.222 85.411
397 824 41.155 85.411
287 825 29.752 85.515
298 825 30.892 85.515
302 826 31.307 85.619
375 827 38.875 85.723
287 827 29.752 85.723
684 828 70.900 85.826
756 829 78.363 85.930
683 829 70.796 85.930
668 854 69.242 88.522
720 854 74.632 88.522
681 855 70.589 88.626
747 856 77.430 88.730
678 856 70.278 88.730
801 861 83.027 89.248
813 862 84.271 89.352
801 862 83.027 89.352
