7 107
21 111
21 115
7 120
54 124
7 124
63 128
63 132
63 136
79 143
34 143
79 149
43 154
69 154
34 158
28 158
54 163
87 163
59 169
46 174
37 174
21 181
13 181
69 186
65 190
25 190
31 194
3 194
25 200
69 200
69 206
63 206
4 212
54 212
28 216
34 219
46 221
37 221
120 223
37 226
25 231
95 231
40 231
59 231
69 237
43 237
87 243
87 249
63 255
25 255
46 259
71 272
31 272
143 272
68 277
136 277
149 282
65 282
87 286
107 286
54 290
174 290
21 290
65 290
111 295
65 295
190 299
50 317
95 317
95 323
69 323
43 327
87 330
34 332
7 334
69 334
87 336
11 336
158 339
120 339
87 339
219 341
174 345
87 351
43 356
95 356
28 360
31 364
54 368
154 372
25 372
111 372
231 377
290 377
143 382
265 386
226 386
259 403
255 405
255 407
194 407
143 407
216 408
255 409
216 411
255 411
226 413
163 415
143 417
63 417
249 417
237 418
249 420
136 420
286 420
223 422
231 424
163 439
249 439
149 442
69 454
102 454
63 456
163 456
136 472
309 472
111 476
143 479
111 482
59 486
136 486
219 499
265 503
299 503
115 533
174 533
216 533
190 537
345 541
87 541
399 544
334 547
223 547
403 549
405 551
399 554
395 557
397 560
395 563
63 571
95 571
87 571
68 584
21 587
71 587
9 589
34 592
295 606
377 606
265 606
50 608
43 608
456 608
408 610
395 612
408 614
401 616
401 618
386 618
401 620
377 623
420 626
405 626
439 629
259 650
533 671
525 671
533 675
190 689
9 695
120 695
527 695
530 697
491 699
533 699
580 701
525 704
527 707
525 709
610 709
554 712
549 712
602 716
602 722
525 722
454 732
377 732
541 732
587 732
