779 991
884 1010
779 1109
145 1154
462 1154
179 1204
815 1242
179 1242
748 1283
621 1283
779 1333
145 1392
1109 1440
1010 1483
349 1503
349 1579
349 1643
269 1676
1333 1676
815 1708
815 1733
956 1760
815 1780
1283 1803
815 1835
1676 1875
1708 1891
1803 1908
1780 1938
145 1987
1579 2017
1109 2037
1708 2037
926 2428
1987 2448
2077 2468
991 2468
400 2489
779 2489
2077 2503
2077 2543
1109 2560
815 2560
2077 2571
815 2579
2017 2588
2097 2597
956 2609
2017 2609
2077 2618
1010 2626
400 2626
2077 2635
1333 2643
2077 2643
349 2654
1333 2654
2597 2692
2597 2694
2503 2696
2543 2697
1643 2698
1643 2702
1676 2703
621 2703
2588 2704
2579 2707
1708 2707
1760 2710
2588 2711
1780 2711
2489 2713
2597 2719
1242 2816
1010 2819
991 2819
956 2820
1333 2820
375 2820
1109 2821
375 2825
1333 2828
1010 2830
926 2831
375 2833
884 2834
991 2834
1333 2834
991 2836
1283 2849
