39 127 4.062 13.225
13 128 1.354 13.329
28 129 2.917 13.434
28 131 2.917 13.642
55 131 5.729 13.642
32 133 3.334 13.850
28 134 2.917 13.954
28 135 2.917 14.058
32 136 3.334 14.163
32 137 3.334 14.267
28 138 2.917 14.371
55 140 5.729 14.579
17 140 1.771 14.579
9 142 0.938 14.787
13 144 1.354 14.996
59 144 6.145 14.996
59 145 6.145 15.100
55 147 5.729 15.308
17 147 1.771 15.308
30 149 3.125 15.516
9 149 0.938 15.516
39 152 4.062 15.829
32 155 3.334 16.141
15 157 1.563 16.349
17 159 1.771 16.557
82 160 8.539 16.662
32 161 3.334 16.766
30 163 3.125 16.974
55 165 5.729 17.182
39 165 4.062 17.182
32 167 3.334 17.390
92 167 9.581 17.390
60 169 6.249 17.598
88 169 9.164 17.598
50 169 5.208 17.598
66 170 6.874 17.703
80 171 8.331 17.807
52 173 5.416 18.015
46 175 4.791 18.223
86 177 8.956 18.431
68 178 7.082 18.535
60 179 6.249 18.639
96 181 9.997 18.848
52 181 5.416 18.848
20 183 2.084 19.056
84 186 8.748 19.368
84 188 8.748 19.576
42 188 4.375 19.576
22 190 2.292 19.784
84 190 8.748 19.784
60 190 6.249 19.784
90 190 9.372 19.784
82 192 8.539 19.992
86 194 8.956 20.200
46 196 4.791 20.408
94 198 9.789 20.616
54 198 5.625 20.616
92 200 9.581 20.825
39 201 4.062 20.929
13 201 1.354 20.929
24 201 2.500 20.929
54 202 5.625 21.033
88 202 9.164 21.033
59 204 6.145 21.241
48 204 5.000 21.241
92 205 9.581 21.345
94 205 9.789 21.345
46 205 4.791 21.345
70 206 7.290 21.449
90 206 9.372 21.449
57 208 5.937 21.657
32 209 3.334 21.761
86 209 8.956 21.761
115 209 11.975 21.761
78 209 8.123 21.761
86 210 8.956 21.865
20 210 2.084 21.865
104 210 10.830 21.865
28 211 2.917 21.969
50 211 5.208 21.969
55 212 5.729 22.073
68 212 7.082 22.073
60 213 6.249 22.177
28 213 2.917 22.177
135 213 14.058 22.177
72 213 7.498 22.177
82 215 8.539 22.385
24 215 2.500 22.385
50 216 5.208 22.489
100 216 10.413 22.489
50 217 5.208 22.593
122 218 12.705 22.697
55 220 5.729 22.905
66 220 6.874 22.905
82 222 8.539 23.113
70 222 7.290 23.113
42 222 4.375 23.113
30 224 3.125 23.321
62 226 6.457 23.530
108 226 11.246 23.530
120 227 12.496 23.634
61 227 6.353 23.634
120 229 12.496 23.842
60 229 6.249 23.842
32 231 3.334 24.050
66 233 6.874 24.258
44 233 4.583 24.258
127 233 13.225 24.258
155 233 16.141 24.258
74 235 7.706 24.466
44 236 4.583 24.570
70 236 7.290 24.570
50 236 5.208 24.570
55 238 5.729 24.778
155 239 16.141 24.882
111 239 11.559 24.882
24 239 2.500 24.882
145 241 15.100 25.090
55 241 5.729 25.090
28 243 2.917 25.298
111 244 11.559 25.402
64 244 6.666 25.402
44 244 4.583 25.402
102 245 10.622 25.507
102 246 10.622 25.611
74 246 7.706 25.611
52 246 5.416 25.611
94 248 9.789 25.819
140 248 14.579 25.819
144 249 14.996 25.923
64 251 6.666 26.131
183 252 19.056 26.235
80 253 8.331 26.339
59 253 6.145 26.339
126 255 13.121 26.548
167 257 17.390 26.758
22 259 2.292 26.964
20 261 2.084 27.172
57 261 5.937 27.172
190 261 19.784 27.172
55 263 5.729 27.380
155 263 16.141 27.380
138 265 14.371 27.588
190 267 19.784 27.797
61 267 6.353 27.797
90 267 9.372 27.797
44 267 4.583 27.797
113 267 11.767 27.797
