149 578
399 580
169 596
418 597
411 599
434 599
421 613
497 616
129 616
400 616
502 618
527 618
431 622
393 622
150 622
501 623
482 625
502 628
399 631
487 632
450 632
411 632
473 633
124 634
393 635
495 639
459 643
398 643
170 646
399 649
137 649
502 649
459 649
581 652
493 656
152 656
447 660
467 660
132 665
152 672
393 672
597 688
504 689
599 691
132 694
597 697
628 699
600 708
596 709
625 712
600 712
595 715
597 717
625 732
599 733
625 737
507 738
599 739
404 739
646 739
492 739
602 740
656 754
618 763
493 774
605 774
584 781
418 781
425 781
160 786
160 789
739 795
701 798
742 798
740 799
709 799
697 800
709 801
694 802
739 803
732 805
712 808
732 809
727 809
699 815
741 822
742 822
701 822
733 822
740 837
718 844
704 844
740 849
694 854
704 854
718 867
665 878
689 911
742 911
418 936
459 936
137 938
431 939
81 939
837 941
493 941
394 941
527 944
492 956
425 957
580 957
798 957
493 957
602 957
588 958
586 960
643 960
600 960
574 962
815 962
596 965
411 965
815 965
427 968
603 970
591 970
599 970
160 990
493 1007
586 1007
418 1007
584 1007
465 1031
578 1046
527 1082
411 1128
427 1134
497 1137
465 1139
411 1139
169 1143
407 1143
581 1143
501 1143
479 1143
593 1163
492 1170
803 1185
867 1185
795 1208
580 1208
580 1222
603 1224
495 1224
137 1224
407 1224
580 1224
595 1230
597 1231
602 1233
578 1239
686 1239
593 1240
660 1240
601 1242
593 1242
599 1242
431 1245
599 1247
581 1252
897 1252
786 1254
574 1257
600 1257
603 1257
584 1260
665 1261
601 1261
791 1261
910 1261
596 1264
802 1264
81 1265
599 1266
600 1266
596 1267
799 1267
815 1268
599 1269
605 1270
597 1270
798 1271
808 1271
646 1272
905 1272
601 1273
911 1311
600 1313
808 1314
590 1340
527 1342
146 1346
965 1374
1333 1374
1290 1374
699 1374
697 1376
718 1376
1303 1378
958 1379
1305 1380
686 1380
1261 1381
1257 1383
1291 1386
1304 1386
798 1392
1288 1392
1325 1395
1270 1395
701 1395
805 1395
1007 1395
738 1395
701 1399
968 1402
1267 1402
934 1405
600 1405
597 1408
939 1410
597 1413
1381 1415
808 1416
600 1418
1383 1418
1078 1425
956 1425
623 1425
808 1425
798 1425
1007 1436
1379 1436
934 1463
632 1463
1078 1463
1264 1463
684 1463
1233 1573
1082 1573
934 1573
1134 1573
613 1593
1222 1593
609 1608
962 1613
1282 1616
1270 1620
1383 1622
1337 1622
1291 1622
1231 1622
805 1625
944 1629
599 1632
956 1632
596 1640
1139 1640
600 1642
956 1642
597 1645
1267 1648
1075 1650
595 1650
590 1653
965 1673
596 1673
1247 1679
733 1679
1137 1679
809 1699
939 1699
786 1699
600 1711
911 1716
944 1716
1340 1716
701 1723
733 1726
944 1729
1222 1729
1290 1729
798 1731
922 1734
944 1734
965 1734
798 1734
684 1734
1082 1734
958 1737
1379 1738
601 1738
1257 1738
1289 1738
786 1738
635 1738
956 1742
908 1745
754 1745
1230 1745
1079 1745
1347 1745
805 1745
1046 1745
1170 1751
905 1753
1269 1757
1337 1759
957 1759
1305 1761
1298 1765
905 1765
689 1765
956 1767
799 1767
708 1768
591 1768
1270 1768
656 1768
1297 1768
1342 1768
697 1768
590 1773
625 1773
1381 1773
1055 1787
1233 1788
1222 1788
939 1788
944 1791
956 1794
1271 1794
740 1795
956 1797
910 1799
956 1799
584 1799
932 1805
808 1805
686 1805
1383 1805
962 1805
733 1810
1304 1810
1240 1810
595 1810
1392 1810
944 1813
803 1816
1291 1818
1333 1820
1305 1822
1295 1823
715 1824
1310 1825
694 1825
718 1825
1240 1825
1342 1825
802 1825
795 1826
1242 1826
1260 1827
1269 1827
941 1828
1242 1828
1082 1829
602 1830
1291 1831
990 1832
603 1832
910 1832
1265 1833
1268 1834
795 1835
595 1835
697 1835
1332 1835
1325 1836
1139 1837
601 1842
932 1844
1078 1844
1296 1845
602 1845
956 1845
1279 1850
602 1851
597 1857
1163 1859
601 1859
1254 1859
593 1862
1128 1864
1267 1864
956 1869
1264 1898
595 1898
795 1898
1265 1905
706 1905
936 1906
1265 1908
936 1909
1079 1909
808 1909
595 1911
672 1911
815 1911
1379 1914
1277 1914
625 1917
1208 1919
965 1920
595 1921
684 1923
602 1923
596 1924
1381 1924
1271 1926
956 1926
910 1928
596 1930
1245 1933
1240 1937
1378 1937
822 1937
739 1943
1163 1943
944 1943
643 1943
1208 1949
763 1949
699 1954
601 1954
748 1954
1271 1956
939 1956
957 1961
600 1966
649 1966
1751 1972
1731 1972
1332 1972
808 1972
591 1973
965 1975
1279 1975
1290 1978
1257 1981
936 1981
990 1981
1317 1981
688 1984
944 1984
1252 1993
748 1993
960 2013
739 2039
493 2060
1723 2079
1716 2079
599 2080
1679 2080
837 2089
1973 2089
1782 2089
1416 2091
1425 2093
1608 2103
1645 2103
1785 2114
1290 2141
1332 2162
704 2163
740 2164
1770 2179
1593 2179
492 2219
1645 2219
1376 2219
1785 2220
1813 2220
1622 2220
1734 2221
2135 2221
600 2224
602 2229
908 2240
789 2253
791 2253
2124 2261
1416 2261
1410 2278
1785 2278
2134 2281
1679 2283
1835 2283
1723 2283
1794 2293
527 2305
1608 2305
1753 2305
741 2341
1290 2348
2093 2350
1297 2350
1233 2353
1279 2353
733 2353
732 2355
1242 2355
1270 2360
2218 2367
1264 2375
1224 2380
803 2403
1270 2403
596 2412
1085 2412
479 2417
81 2421
2360 2518
601 2532
2079 2535
1265 2535
706 2537
1317 2537
1254 2537
2060 2542
2220 2552
2162 2554
1425 2555
805 2555
1386 2557
939 2557
2134 2557
1673 2557
2341 2557
596 2557
2350 2561
2124 2561
2162 2565
2039 2565
2350 2565
2162 2567
1261 2571
2261 2571
939 2573
2360 2577
2240 2577
1348 2577
1640 2577
1399 2577
795 2599
1079 2601
2056 2603
1031 2603
795 2605
701 2608
493 2608
808 2608
889 2608
939 2608
2162 2611
580 2611
2283 2612
1271 2612
1289 2612
2386 2612
613 2612
2444 2612
2060 2612
889 2612
1770 2612
1333 2613
697 2613
1299 2615
741 2616
1298 2619
739 2625
1298 2625
2134 2625
938 2626
744 2628
2270 2636
