366 389
121 393
92 394
410 783
361 784
388 813
399 815
345 817
389 824
356 827
388 832
388 834
396 834
240 834
396 838
363 838
341 842
361 842
341 845
363 845
345 848
393 852
345 854
343 855
345 857
345 860
292 864
389 866
302 872
388 878
396 885
368 885
361 893
345 893
386 893
368 908
382 920
267 931
292 941
370 955
292 955
368 972
348 983
383 992
399 992
368 992
363 998
348 1002
366 1002
373 1007
366 1010
348 1010
363 1016
396 1016
788 1016
373 1020
394 1020
375 1023
366 1023
370 1026
229 1027
368 1028
356 1028
375 1029
368 1029
375 1030
383 1031
370 1031
394 1033
370 1037
368 1037
786 1043
368 1043
375 1047
298 1047
343 1054
370 1054
380 1054
368 1059
343 1063
370 1063
356 1068
796 1068
386 1068
375 1068
368 1068
370 1073
370 1076
370 1082
361 1083
370 1085
348 1085
341 1088
7 1088
370 1088
370 1092
783 1092
832 1092
370 1097
827 1097
784 1097
399 1100
832 1106
229 1111
827 1111
510 1111
370 1111
370 1118
370 1123
832 1128
399 1134
389 1134
116 1142
827 1147
796 1147
784 1147
156 1154
805 1154
817 1159
375 1159
240 1164
832 1167
370 1171
370 1174
298 1174
151 1175
827 1177
375 1177
817 1178
366 1179
399 1179
348 1181
151 1190
121 1198
240 1198
156 1202
156 1204
827 1209
824 1212
824 1214
368 1216
370 1219
343 1222
370 1226
151 1232
832 1244
908 1244
151 1264
793 1264
793 1284
368 1284
827 1304
796 1324
366 1324
852 1344
151 1364
860 1364
824 1384
1106 1404
1128 1424
1026 1441
1047 1446
1100 1453
1026 1456
848 1459
1026 1459
838 1459
1002 1463
1002 1468
838 1475
1020 1495
885 1495
1123 1495
998 1514
931 1518
832 1518
908 1519
824 1519
1216 1520
878 1522
838 1522
1198 1529
116 1529
145 1532
1023 1532
864 1532
1106 1537
1171 1537
941 1537
1002 1557
1204 1557
893 1557
1002 1577
1123 1590
834 1590
1002 1610
1068 1610
1033 1622
878 1638
1082 1644
1167 1649
1204 1651
1111 1653
1002 1653
866 1656
1175 1658
893 1661
1212 1664
1209 1668
1167 1671
1142 1671
1106 1671
1010 1671
827 1671
955 1678
1167 1686
1007 1686
1033 1686
1212 1696
872 1696
1134 1696
885 1707
1020 1707
1171 1707
1033 1740
1016 1761
1171 1769
1106 1769
838 1769
1441 1769
151 1775
1076 1775
1364 1799
151 1819
1459 1819
855 1827
834 1827
842 1866
1212 1866
1198 1866
414 1866
1076 1872
1123 1875
1088 1875
1142 1875
832 1878
834 1884
1159 1891
1190 1891
834 1896
1147 1898
805 1901
151 1902
1174 1902
1020 1904
1175 1906
1123 1906
1029 1911
1142 1911
893 1911
842 1911
824 1911
1082 1913
832 1923
1159 1923
1175 1925
145 1927
1020 1927
834 1929
838 1929
1007 1930
1118 1931
1010 1931
1020 1933
1128 1933
156 1933
1174 1943
1068 1946
121 1946
893 1946
1026 1948
824 1951
1106 1956
1441 1956
1016 1959
972 1959
1111 1962
848 1967
1059 1970
145 1970
1010 1970
983 1970
832 1971
1047 1974
1142 1974
1106 1977
1002 1982
1106 1987
1026 1988
827 1990
1020 1990
1007 1992
1016 2012
1154 2021
1068 2021
832 2036
834 2041
1111 2050
145 2050
834 2050
941 2056
1128 2056
1007 2056
1651 2056
838 2056
151 2056
824 2062
1962 2079
1537 2082
1902 2082
1923 2096
1740 2105
1943 2105
1740 2107
1970 2107
1557 2107
1649 2107
1925 2107
1441 2133
1927 2138
151 2138
1971 2138
1520 2138
1988 2157
2036 2164
2036 2169
1982 2189
1992 2194
1971 2198
1901 2200
2050 2206
1577 2209
1977 2209
2056 2209
1971 2211
1977 2215
1475 2219
1982 2220
1933 2225
1992 2227
1982 2228
1913 2230
1990 2232
1827 2232
1404 2232
1974 2234
1761 2240
2012 2243
1967 2243
1943 2247
1970 2247
1971 2256
1971 2265
1520 2265
1971 2300
1557 2300
1761 2300
1911 2316
1653 2324
1956 2324
1943 2329
1610 2329
824 2347
793 2352
813 2352
145 2360
302 2363
485 2365
824 2368
1123 2368
2105 2370
832 2374
2132 2374
1027 2376
1047 2376
824 2376
373 2387
860 2392
151 2397
165 2398
1063 2404
827 2404
1111 2404
838 2405
1068 2405
838 2407
832 2409
842 2411
848 2413
1027 2416
1020 2416
1106 2424
1007 2429
838 2434
151 2434
2240 2437
2240 2439
1059 2441
2206 2444
1063 2444
1010 2444
832 2444
1068 2446
2209 2446
2194 2449
2206 2453
2194 2456
2227 2458
827 2460
1222 2460
2194 2460
2228 2460
1118 2460
1111 2464
1212 2464
2079 2464
1054 2466
1123 2468
779 2471
1967 2471
998 2471
2316 2471
368 2471
151 2471
1016 2482
931 2483
1020 2486
2247 2490
872 2490
834 2494
885 2494
2300 2497
838 2499
2225 2502
972 2502
2316 2504
1082 2504
885 2504
2228 2506
1020 2507
1020 2509
151 2512
1100 2512
955 2514
2227 2514
842 2514
2247 2519
2316 2519
817 2519
2157 2519
1092 2519
2228 2522
2230 2523
2243 2526
1658 2526
1047 2526
2316 2533
1076 2533
1026 2533
1016 2535
2234 2535
838 2535
1118 2537
2230 2537
2230 2540
2194 2541
2200 2554
1946 2559
2211 2562
1769 2562
2227 2562
2206 2568
1913 2571
2316 2576
1891 2579
1799 2579
1204 2587
1171 2587
1106 2590
2234 2590
2215 2590
2332 2594
2138 2594
854 2594
885 2597
1951 2597
1118 2597
1911 2597
1175 2597
2157 2601
2352 2601
805 2601
2232 2610
1059 2617
860 2621
955 2630
2324 2630
2243 2630
2198 2638
2352 2640
2169 2640
1857 2640
2247 2640
1054 2640
852 2643
1913 2643
2232 2643
2157 2643
872 2643
1769 2643
1007 2648
2206 2650
872 2650
1134 2651
2341 2651
2324 2653
1590 2653
2256 2653
1134 2658
2341 2658
2206 2658
2198 2660
1740 2671
1159 2671
2206 2671
1088 2676
1142 2676
1971 2679
2225 2686
1842 2690
2316 2694
2206 2694
1324 2694
1118 2694
2324 2697
1106 2697
1990 2697
992 2697
878 2701
2324 2703
1020 2703
941 2717
1010 2721
2075 2734
151 2734
845 2734
1990 2756
1656 2765
1902 2765
2062 2768
848 2770
1967 2770
1537 2794
1866 2799
1948 2805
1962 2811
1495 2811
1962 2818
2115 2818
1982 2823
1901 2826
1404 2826
1967 2834
1653 2836
1902 2836
1384 2836
1324 2836
2107 2838
1284 2841
1495 2844
1962 2844
2126 2844
1974 2850
1522 2856
1284 2856
2206 2861
1904 2861
1441 2861
1842 2861
1456 2866
2070 2869
1424 2869
1982 2876
2056 2876
2215 2881
1520 2887
1664 2887
2079 2887
2169 2887
2157 2898
1495 2905
1174 2908
1990 2910
1324 2910
1906 2910
2115 2910
1212 2910
1649 2910
1923 2922
1990 2924
2211 2926
2234 2926
1896 2926
1974 2926
2341 2926
1967 2928
2329 2928
1232 2928
2240 2931
2107 2931
2329 2931
2316 2941
2157 2941
2107 2941
1990 2941
1198 2941
1852 2954
1118 2954
2398 2963
1933 2978
2477 2978
1707 2978
1970 2980
2215 2980
2050 2980
1324 2989
1174 2997
2471 3003
1010 3003
2497 3003
2050 3003
366 3003
1023 3006
1962 3006
1927 3006
