18 81 1.871 8.415
9 84 0.935 8.728
49 86 5.093 8.937
9 88 0.935 9.146
49 90 5.093 9.354
9 94 0.935 9.771
9 97 0.935 10.083
49 100 5.093 10.395
9 103 0.935 10.706
53 106 5.508 11.018
65 109 6.751 11.330
40 109 4.158 11.330
49 112 5.093 11.642
18 114 1.871 11.850
18 116 1.871 12.058
14 119 1.455 12.370
2 121 0.208 12.578
3 124 0.312 12.890
9 126 0.935 13.098
18 128 1.871 13.306
9 131 0.935 13.617
65 131 6.751 13.617
40 134 4.158 13.929
65 134 6.751 13.929
18 137 1.871 14.240
90 140 9.354 14.551
18 140 1.871 14.551
5 140 0.520 14.551
94 142 9.771 14.759
27 145 2.807 15.070
40 148 4.158 15.381
27 150 2.807 15.589
18 153 1.871 15.900
2 156 0.208 16.212
97 156 10.083 16.212
90 156 9.354 16.212
57 158 5.922 16.419
57 161 5.922 16.731
79 161 8.206 16.731
57 164 5.922 17.042
27 164 2.807 17.042
86 166 8.937 17.250
5 166 0.520 17.250
27 176 2.807 18.288
9 179 0.935 18.600
14 182 1.455 18.911
27 185 2.807 19.222
9 187 0.935 19.430
18 189 1.871 19.637
2 192 0.208 19.949
2 195 0.208 20.260
18 198 1.871 20.571
3 200 0.312 20.779
40 202 4.158 20.986
9 204 0.935 21.194
3 207 0.312 21.505
27 209 2.807 21.712
27 211 2.807 21.920
5 213 0.520 22.128
3 213 0.312 22.128
18 215 1.871 22.335
57 217 5.922 22.543
14 220 1.455 22.854
9 222 0.935 23.062
14 224 1.455 23.269
49 226 5.093 23.477
114 228 11.850 23.685
14 236 1.455 24.515
97 239 10.083 24.827
116 239 12.058 24.827
112 243 11.642 25.242
106 247 11.018 25.657
88 251 9.146 26.073
53 255 5.508 26.489
5 257 0.520 26.697
57 260 5.922 27.008
2 263 0.208 27.321
9 263 0.935 27.321
49 265 5.093 27.529
179 274 18.600 28.463
187 277 19.430 28.775
156 280 16.212 29.086
142 283 14.759 29.397
192 283 19.949 29.397
168 286 17.458 29.708
168 289 17.458 30.019
158 291 16.419 30.227
134 291 13.929 30.227
209 303 21.712 31.472
220 303 22.854 31.472
200 303 20.779 31.472
142 303 14.759 31.472
168 306 17.458 31.784
81 309 8.415 32.095
65 317 6.751 32.925
128 321 13.306 33.340
124 324 12.890 33.651
158 324 16.419 33.651
192 327 19.949 33.962
150 327 15.589 33.962
88 327 9.146 33.962
94 329 9.771 34.170
148 329 15.381 34.170
230 329 23.892 34.170
40 332 4.158 34.481
209 332 21.712 34.481
49 334 5.093 34.689
9 357 0.935 37.077
260 372 27.008 38.632
40 391 4.158 40.604
40 393 4.158 40.812
263 394 27.321 40.916
217 395 22.543 41.020
311 395 32.303 41.020
313 397 32.510 41.228
207 397 21.505 41.228
230 397 23.892 41.228
202 397 20.986 41.228
224 400 23.269 41.541
158 404 16.419 41.958
168 407 17.458 42.271
81 407 8.415 42.271
204 410 21.194 42.583
168 410 17.458 42.583
148 414 15.381 43.000
236 414 24.515 43.000
327 414 33.962 43.000
142 454 14.759 47.152
166 484 17.250 50.269
142 484 14.759 50.269
255 490 26.489 50.894
215 497 22.335 51.623
202 497 20.986 51.623
334 501 34.689 52.040
255 501 26.489 52.040
200 501 20.779 52.040
128 501 13.306 52.040
410 508 42.583 52.766
424 542 44.040 56.292
361 542 37.490 56.292
418 545 43.416 56.603
463 545 48.086 56.603
173 548 17.977 56.915
207 548 21.505 56.915
421 548 43.728 56.915
432 551 44.870 57.226
435 553 45.181 57.434
195 571 20.260 59.303
317 571 32.925 59.303
424 578 44.040 60.029
426 581 44.248 60.341
224 599 23.269 62.210
361 622 37.490 64.600
414 624 43.000 64.808
121 647 12.578 67.196
166 663 17.250 68.858
454 675 47.152 70.105
538 675 55.877 70.105
313 740 32.510 76.855
298 744 30.953 77.272
298 748 30.953 77.688
267 748 27.736 77.688
707 763 73.424 79.248
374 766 38.839 79.559
523 816 54.322 84.750
574 820 59.614 85.167
574 824 59.614 85.584
697 824 72.387 85.584
381 874 39.566 90.782
257 889 26.697 92.342
523 907 54.322 94.213
514 934 53.388 97.019
324 949 33.651 98.579
251 949 26.073 98.579
389 954 40.396 99.098
215 954 22.335 99.098
334 954 34.689 99.098
538 966 55.877 100.346
588 966 61.067 100.346
400 979 41.541 101.697
321 981 33.340 101.905
263 1009 27.321 104.820
319 1045 33.133 108.558
251 1045 26.073 108.558
567 1054 58.888 109.492
585 1057 60.756 109.804
535 1057 55.566 109.804
508 1057 52.766 109.804
202 1065 20.986 110.635
226 1070 23.477 111.155
171 1070 17.769 111.155
480 1098 49.853 114.070
542 1114 56.292 115.729
574 1114 59.614 115.729
556 1131 57.745 117.494
599 1131 62.210 117.494
551 1134 57.226 117.805
586 1170 60.860 121.544
545 1170 56.603 121.544
585 1174 60.756 121.960
571 1174 59.303 121.960
606 1174 62.937 121.960
558 1178 57.953 122.375
619 1178 64.288 122.375
548 1182 56.915 122.791
707 1186 73.424 123.206
615 1189 63.873 123.518
514 1189 53.388 123.518
551 1208 57.226 125.493
567 1211 58.888 125.805
545 1214 56.603 126.116
571 1214 59.303 126.116
497 1214 51.623 126.116
523 1217 54.322 126.428
545 1217 56.603 126.428
571 1217 59.303 126.428
585 1220 60.756 126.740
558 1223 57.953 127.052
592 1223 61.483 127.052
519 1230 53.907 127.780
571 1230 59.303 127.780
586 1230 60.860 127.780
606 1230 62.937 127.780
578 1236 60.029 128.405
514 1236 53.388 128.405
531 1236 55.151 128.405
586 1236 60.860 128.405
583 1242 60.548 129.029
1048 1277 108.869 132.670
707 1289 73.424 133.918
586 1297 60.860 134.752
523 1307 54.322 135.793
1186 1449 123.206 150.555
523 1466 54.322 152.321
372 1569 38.632 163.026
1039 1596 107.935 165.833
1111 1596 115.418 165.833
1075 1596 111.677 165.833
1065 1603 110.635 166.560
1178 1683 122.375 174.877
1114 1683 115.729 174.877
545 1717 56.603 178.409
523 1719 54.322 178.617
1616 1726 167.909 179.344
1603 1784 166.560 185.363
1572 1784 163.338 185.363
1515 1787 157.415 185.675
1692 1787 175.814 185.675
1654 1813 171.861 188.377
1806 2019 187.649 209.791
1695 2067 176.125 214.779
1695 2070 176.125 215.091
1733 2098 180.070 218.001
1746 2165 181.419 224.962
1637 2237 170.091 232.452
1762 2237 183.080 232.452
1697 2327 176.333 241.808
1662 2327 172.693 241.808
1635 2327 169.883 241.808
1662 2331 172.693 242.224
1645 2335 170.924 242.640
1637 2338 170.091 242.952
1645 2341 170.924 243.264
1683 2344 174.877 243.576
1701 2347 176.749 243.888
1108 2361 115.107 245.345
1214 2370 126.116 246.281
1699 2426 176.541 252.104
1616 2429 167.909 252.415
1080 2443 112.198 253.870
1280 2443 132.982 253.870
1641 2455 170.507 255.118
1739 2457 180.693 255.326
1823 2457 189.415 255.326
1645 2460 170.924 255.638
1654 2460 171.861 255.638
1765 2460 183.391 255.638
1704 2466 177.060 256.262
1662 2466 172.693 256.262
1590 2466 165.209 256.262
1762 2466 183.080 256.262
1675 2474 174.045 257.096
1704 2474 177.060 257.096
1697 2556 176.333 265.623
1704 2559 177.060 265.935
1662 2562 172.693 266.247
1627 2703 169.051 280.900
1739 2705 180.693 281.107
185 2767 19.222 287.544
1830 2767 190.141 287.544
1731 2769 179.863 287.752
1637 2771 170.091 287.959
1635 2771 169.883 287.959
1658 2793 172.277 290.243
1823 2793 189.415 290.243
1629 2793 169.259 290.243
1675 2793 174.045 290.243
1699 2793 176.541 290.243
1639 2836 170.299 294.708
1774 2838 184.325 294.915
1641 2840 170.507 295.123
1639 2856 170.299 296.782
1662 2874 172.693 298.651
1669 2877 173.421 298.964
1612 2879 167.494 299.172
1675 2941 174.045 305.618
1724 2945 179.136 306.036
1620 3051 168.324 317.054
1616 3055 167.909 317.469
1714 3055 178.098 317.469
2752 3058 285.986 317.781
2762 3130 287.025 325.262
2802 3163 291.178 328.691
2815 3165 292.528 328.899
2734 3317 284.117 344.686
3262 3406 338.973 353.938
421 3510 43.728 364.741
2176 3589 226.106 372.950
2750 3618 285.779 375.965
2769 3618 287.752 375.965
2767 3621 287.544 376.276
1325 3627 137.668 376.900
2834 3717 294.500 386.256
1635 3763 169.883 391.031
384 3947 39.877 410.149
2941 3961 305.618 411.605
