73 361 1403636862.302 1403636876.702
361 382 1403636876.702 1403636877.752
8 382 1403636859.052 1403636877.752
356 384 1403636876.452 1403636877.852
370 386 1403636877.152 1403636877.952
361 388 1403636876.702 1403636878.052
366 389 1403636876.952 1403636878.102
89 392 1403636863.102 1403636878.252
361 393 1403636876.702 1403636878.302
8 395 1403636859.052 1403636878.402
8 399 1403636859.052 1403636878.602
8 401 1403636859.052 1403636878.702
8 409 1403636859.052 1403636879.102
389 413 1403636878.102 1403636879.302
8 417 1403636859.052 1403636879.502
8 426 1403636859.052 1403636879.952
401 781 1403636878.702 1403636897.702
409 783 1403636879.102 1403636897.802
305 814 1403636873.902 1403636899.352
184 816 1403636867.852 1403636899.452
184 818 1403636867.852 1403636899.552
401 818 1403636878.702 1403636899.552
388 826 1403636878.052 1403636899.952
395 828 1403636878.402 1403636900.052
389 833 1403636878.102 1403636900.302
330 833 1403636875.152 1403636900.302
389 835 1403636878.102 1403636900.402
225 835 1403636869.902 1403636900.402
366 838 1403636876.952 1403636900.552
361 842 1403636876.702 1403636900.752
236 842 1403636870.452 1403636900.752
300 845 1403636873.652 1403636900.902
211 848 1403636869.202 1403636901.052
366 848 1403636876.952 1403636901.052
366 852 1403636876.952 1403636901.252
395 854 1403636878.402 1403636901.352
345 857 1403636875.902 1403636901.502
345 860 1403636875.902 1403636901.652
381 863 1403636877.702 1403636901.802
236 865 1403636870.452 1403636901.902
395 871 1403636878.402 1403636902.202
395 875 1403636878.402 1403636902.402
294 881 1403636873.352 1403636902.702
305 890 1403636873.902 1403636903.152
392 899 1403636878.252 1403636903.602
361 911 1403636876.702 1403636904.202
395 922 1403636878.402 1403636904.752
392 931 1403636878.252 1403636905.202
366 943 1403636876.952 1403636905.802
370 955 1403636877.152 1403636906.402
366 971 1403636876.952 1403636907.202
781 983 1403636897.702 1403636907.802
413 983 1403636879.302 1403636907.802
399 991 1403636878.602 1403636908.202
240 991 1403636870.652 1403636908.202
236 997 1403636870.452 1403636908.502
417 1003 1403636879.502 1403636908.802
809 1003 1403636899.102 1403636908.802
392 1003 1403636878.252 1403636908.802
366 1007 1403636876.952 1403636909.002
366 1011 1403636876.952 1403636909.202
389 1011 1403636878.102 1403636909.202
392 1016 1403636878.252 1403636909.452
370 1021 1403636877.152 1403636909.702
347 1021 1403636876.002 1403636909.702
366 1023 1403636876.952 1403636909.802
393 1024 1403636878.302 1403636909.852
401 1024 1403636878.702 1403636909.852
370 1026 1403636877.152 1403636909.952
236 1027 1403636870.452 1403636910.002
395 1027 1403636878.402 1403636910.002
368 1029 1403636877.052 1403636910.102
417 1035 1403636879.502 1403636910.402
361 1035 1403636876.702 1403636910.402
370 1038 1403636877.152 1403636910.552
368 1043 1403636877.052 1403636910.802
417 1048 1403636879.502 1403636911.052
370 1053 1403636877.152 1403636911.302
375 1059 1403636877.402 1403636911.602
225 1062 1403636869.902 1403636911.752
370 1062 1403636877.152 1403636911.752
392 1067 1403636878.252 1403636912.002
417 1067 1403636879.502 1403636912.002
370 1071 1403636877.152 1403636912.202
370 1074 1403636877.152 1403636912.352
370 1076 1403636877.152 1403636912.452
370 1080 1403636877.152 1403636912.652
356 1080 1403636876.452 1403636912.652
377 1083 1403636877.502 1403636912.802
361 1083 1403636876.702 1403636912.802
375 1084 1403636877.402 1403636912.852
417 1085 1403636879.502 1403636912.902
368 1086 1403636877.052 1403636912.952
413 1089 1403636879.302 1403636913.102
366 1093 1403636876.952 1403636913.302
812 1094 1403636899.252 1403636913.352
399 1094 1403636878.602 1403636913.352
417 1095 1403636879.502 1403636913.402
370 1098 1403636877.152 1403636913.552
828 1103 1403636900.052 1403636913.802
417 1103 1403636879.502 1403636913.802
826 1105 1403636899.952 1403636913.902
828 1114 1403636900.052 1403636914.352
151 1120 1403636866.202 1403636914.652
300 1120 1403636873.652 1403636914.652
796 1120 1403636898.452 1403636914.652
92 1128 1403636863.252 1403636915.052
485 1136 1403636882.902 1403636915.452
818 1138 1403636899.552 1403636915.552
800 1138 1403636898.652 1403636915.552
828 1142 1403636900.052 1403636915.752
828 1148 1403636900.052 1403636916.052
899 1156 1403636903.602 1403636916.452
826 1156 1403636899.952 1403636916.452
375 1159 1403636877.402 1403636916.602
481 1165 1403636882.702 1403636916.902
399 1165 1403636878.602 1403636916.902
151 1169 1403636866.202 1403636917.102
857 1173 1403636901.502 1403636917.302
377 1177 1403636877.502 1403636917.502
159 1178 1403636866.602 1403636917.552
366 1179 1403636876.952 1403636917.602
818 1181 1403636899.552 1403636917.702
153 1181 1403636866.302 1403636917.702
417 1181 1403636879.502 1403636917.702
153 1193 1403636866.302 1403636918.302
366 1193 1403636876.952 1403636918.302
159 1197 1403636866.602 1403636918.502
857 1197 1403636901.502 1403636918.502
356 1197 1403636876.452 1403636918.502
890 1204 1403636903.152 1403636918.852
417 1204 1403636879.502 1403636918.852
818 1204 1403636899.552 1403636918.852
351 1207 1403636876.202 1403636919.002
413 1211 1403636879.302 1403636919.202
151 1214 1403636866.202 1403636919.352
366 1214 1403636876.952 1403636919.352
230 1216 1403636870.152 1403636919.452
852 1217 1403636901.252 1403636919.502
366 1219 1403636876.952 1403636919.602
375 1222 1403636877.402 1403636919.752
343 1222 1403636875.802 1403636919.752
366 1230 1403636876.952 1403636920.152
151 1232 1403636866.202 1403636920.252
159 1238 1403636866.602 1403636920.552
800 1238 1403636898.652 1403636920.552
413 1238 1403636879.302 1403636920.552
417 1258 1403636879.502 1403636921.552
159 1278 1403636866.602 1403636922.552
899 1298 1403636903.602 1403636923.552
860 1322 1403636901.652 1403636924.752
92 1322 1403636863.252 1403636924.752
871 1342 1403636902.202 1403636925.752
417 1362 1403636879.502 1403636926.752
159 1362 1403636866.602 1403636926.752
1016 1382 1403636909.452 1403636927.752
159 1382 1403636866.602 1403636927.752
159 1402 1403636866.602 1403636928.752
1043 1422 1403636910.802 1403636929.752
1076 1422 1403636912.452 1403636929.752
1142 1442 1403636915.752 1403636930.752
848 1442 1403636901.052 1403636930.752
1074 1448 1403636912.352 1403636931.052
911 1448 1403636904.202 1403636931.052
1011 1453 1403636909.202 1403636931.302
1086 1453 1403636912.952 1403636931.302
1026 1456 1403636909.952 1403636931.452
863 1460 1403636901.802 1403636931.652
826 1468 1403636899.952 1403636932.052
159 1472 1403636866.602 1403636932.252
838 1475 1403636900.552 1403636932.402
1156 1495 1403636916.452 1403636933.402
931 1495 1403636905.202 1403636933.402
1095 1515 1403636913.402 1403636934.402
1003 1515 1403636908.802 1403636934.402
833 1515 1403636900.302 1403636934.402
151 1518 1403636866.202 1403636934.552
931 1518 1403636905.202 1403636934.552
1083 1519 1403636912.802 1403636934.602
1148 1520 1403636916.052 1403636934.652
1043 1520 1403636910.802 1403636934.652
1103 1521 1403636913.802 1403636934.702
1142 1521 1403636915.752 1403636934.702
1207 1525 1403636919.002 1403636934.902
1177 1529 1403636917.502 1403636935.102
1197 1532 1403636918.502 1403636935.252
1023 1532 1403636909.802 1403636935.252
1021 1536 1403636909.702 1403636935.452
1048 1542 1403636911.052 1403636935.752
153 1542 1403636866.302 1403636935.752
860 1542 1403636901.652 1403636935.752
911 1542 1403636904.202 1403636935.752
881 1562 1403636902.702 1403636936.752
1103 1579 1403636913.802 1403636937.602
1021 1599 1403636909.702 1403636938.602
860 1619 1403636901.652 1403636939.602
865 1625 1403636901.902 1403636939.902
1086 1638 1403636912.952 1403636940.552
1007 1638 1403636909.002 1403636940.552
860 1638 1403636901.652 1403636940.552
875 1644 1403636902.402 1403636940.852
826 1644 1403636899.952 1403636940.852
899 1649 1403636903.602 1403636941.102
860 1651 1403636901.652 1403636941.202
1204 1651 1403636918.852 1403636941.202
881 1653 1403636902.702 1403636941.302
1173 1653 1403636917.302 1403636941.302
899 1653 1403636903.602 1403636941.302
1232 1653 1403636920.252 1403636941.302
1159 1656 1403636916.602 1403636941.452
1114 1656 1403636914.352 1403636941.452
1156 1668 1403636916.452 1403636942.052
1011 1673 1403636909.202 1403636942.302
1258 1679 1403636921.552 1403636942.602
1181 1688 1403636917.702 1403636943.052
881 1688 1403636902.702 1403636943.052
1165 1701 1403636916.902 1403636943.702
1120 1701 1403636914.652 1403636943.702
1095 1701 1403636913.402 1403636943.702
1232 1710 1403636920.252 1403636944.152
1230 1742 1403636920.152 1403636945.752
826 1742 1403636899.952 1403636945.752
991 1765 1403636908.202 1403636946.902
863 1770 1403636901.802 1403636947.152
854 1770 1403636901.352 1403636947.152
1093 1775 1403636913.302 1403636947.402
1156 1798 1403636916.452 1403636948.552
1029 1818 1403636910.102 1403636949.552
991 1818 1403636908.202 1403636949.552
1169 1827 1403636917.102 1403636950.002
1128 1827 1403636915.052 1403636950.002
1011 1827 1403636909.202 1403636950.002
1120 1839 1403636914.652 1403636950.602
151 1849 1403636866.202 1403636951.102
1165 1849 1403636916.902 1403636951.102
1230 1849 1403636920.152 1403636951.102
943 1849 1403636905.802 1403636951.102
1026 1849 1403636909.952 1403636951.102
92 1855 1403636863.252 1403636951.402
417 1860 1403636879.502 1403636951.652
835 1881 1403636900.402 1403636952.702
1219 1884 1403636919.602 1403636952.852
835 1887 1403636900.402 1403636953.002
828 1891 1403636900.052 1403636953.202
1138 1896 1403636915.552 1403636953.452
818 1901 1403636899.552 1403636953.702
838 1901 1403636900.552 1403636953.702
153 1902 1403636866.302 1403636953.752
1053 1904 1403636911.302 1403636953.852
865 1904 1403636901.902 1403636953.852
1177 1906 1403636917.502 1403636953.952
842 1906 1403636900.752 1403636953.952
151 1913 1403636866.202 1403636954.302
1181 1915 1403636917.702 1403636954.402
828 1915 1403636900.052 1403636954.402
1211 1919 1403636919.202 1403636954.602
1071 1925 1403636912.202 1403636954.902
1169 1927 1403636917.102 1403636955.002
828 1928 1403636900.052 1403636955.052
943 1928 1403636905.802 1403636955.052
153 1928 1403636866.302 1403636955.052
838 1929 1403636900.552 1403636955.102
167 1930 1403636867.002 1403636955.152
1043 1930 1403636910.802 1403636955.152
881 1930 1403636902.702 1403636955.152
943 1930 1403636905.802 1403636955.152
1207 1930 1403636919.002 1403636955.152
899 1931 1403636903.602 1403636955.202
1165 1931 1403636916.902 1403636955.202
153 1934 1403636866.302 1403636955.352
1322 1942 1403636924.752 1403636955.752
1138 1942 1403636915.552 1403636955.752
1035 1944 1403636910.402 1403636955.852
1026 1948 1403636909.952 1403636956.052
835 1948 1403636900.402 1403636956.052
890 1951 1403636903.152 1403636956.202
833 1951 1403636900.302 1403636956.202
151 1954 1403636866.202 1403636956.352
835 1954 1403636900.402 1403636956.352
151 1960 1403636866.202 1403636956.652
842 1960 1403636900.752 1403636956.652
955 1963 1403636906.402 1403636956.802
1181 1963 1403636917.702 1403636956.802
1074 1965 1403636912.352 1403636956.902
1021 1968 1403636909.702 1403636957.052
931 1968 1403636905.202 1403636957.052
92 1972 1403636863.252 1403636957.252
955 1972 1403636906.402 1403636957.252
1035 1972 1403636910.402 1403636957.252
1035 1974 1403636910.402 1403636957.352
1142 1974 1403636915.752 1403636957.352
833 1974 1403636900.302 1403636957.352
1138 1976 1403636915.552 1403636957.452
860 1976 1403636901.652 1403636957.452
1094 1976 1403636913.352 1403636957.452
1062 1976 1403636911.752 1403636957.452
151 1976 1403636866.202 1403636957.452
881 1982 1403636902.702 1403636957.752
1007 1982 1403636909.002 1403636957.752
1035 1982 1403636910.402 1403636957.752
1094 1982 1403636913.352 1403636957.752
1062 1983 1403636911.752 1403636957.802
857 1984 1403636901.502 1403636957.852
922 1984 1403636904.752 1403636957.852
1120 1985 1403636914.652 1403636957.902
931 1985 1403636905.202 1403636957.902
983 1985 1403636907.802 1403636957.902
153 1985 1403636866.302 1403636957.902
1016 1989 1403636909.452 1403636958.102
1048 1989 1403636911.052 1403636958.102
1086 1992 1403636912.952 1403636958.252
1007 1992 1403636909.002 1403636958.252
854 1992 1403636901.352 1403636958.252
1016 2014 1403636909.452 1403636959.352
1142 2021 1403636915.752 1403636959.702
991 2036 1403636908.202 1403636960.452
833 2036 1403636900.302 1403636960.452
828 2045 1403636900.052 1403636960.902
417 2047 1403636879.502 1403636961.002
1003 2047 1403636908.802 1403636961.002
809 2051 1403636899.102 1403636961.202
983 2051 1403636907.802 1403636961.202
881 2051 1403636902.702 1403636961.202
1048 2060 1403636911.052 1403636961.652
1027 2062 1403636910.002 1403636961.752
1011 2062 1403636909.202 1403636961.752
1003 2063 1403636908.802 1403636961.802
1026 2063 1403636909.952 1403636961.802
1003 2065 1403636908.802 1403636961.902
828 2065 1403636900.052 1403636961.902
890 2070 1403636903.152 1403636962.152
1902 2082 1403636953.752 1403636962.752
1960 2082 1403636956.652 1403636962.752
1798 2096 1403636948.552 1403636963.452
1928 2096 1403636955.052 1403636963.452
1877 2105 1403636952.502 1403636963.902
1525 2113 1403636934.902 1403636964.302
1839 2119 1403636950.602 1403636964.602
1520 2124 1403636934.652 1403636964.852
1453 2124 1403636931.302 1403636964.852
1963 2124 1403636956.802 1403636964.852
1988 2124 1403636958.052 1403636964.852
1931 2130 1403636955.202 1403636965.152
1599 2130 1403636938.602 1403636965.152
1983 2132 1403636957.802 1403636965.252
1818 2132 1403636949.552 1403636965.252
1649 2135 1403636941.102 1403636965.402
1987 2153 1403636958.002 1403636966.302
1710 2164 1403636944.152 1403636966.852
1983 2180 1403636957.802 1403636967.652
1599 2180 1403636938.602 1403636967.652
1987 2180 1403636958.002 1403636967.652
2063 2194 1403636961.802 1403636968.352
1984 2194 1403636957.852 1403636968.352
1519 2199 1403636934.602 1403636968.602
1658 2199 1403636941.552 1403636968.602
2070 2199 1403636962.152 1403636968.602
1710 2199 1403636944.152 1403636968.602
1974 2199 1403636957.352 1403636968.602
2062 2204 1403636961.752 1403636968.852
1521 2204 1403636934.702 1403636968.852
1988 2208 1403636958.052 1403636969.052
1849 2208 1403636951.102 1403636969.052
1562 2208 1403636936.752 1403636969.052
1984 2211 1403636957.852 1403636969.202
1984 2213 1403636957.852 1403636969.302
1877 2216 1403636952.502 1403636969.452
1475 2219 1403636932.402 1403636969.602
1988 2223 1403636958.052 1403636969.802
1942 2238 1403636955.752 1403636970.552
1902 2238 1403636953.752 1403636970.552
1855 2238 1403636951.402 1403636970.552
2014 2238 1403636959.352 1403636970.552
1839 2242 1403636950.602 1403636970.752
1965 2247 1403636956.902 1403636971.002
1701 2247 1403636943.702 1403636971.002
1519 2252 1403636934.602 1403636971.252
1988 2252 1403636958.052 1403636971.252
1972 2252 1403636957.252 1403636971.252
1896 2262 1403636953.452 1403636971.752
1884 2296 1403636952.852 1403636973.452
1925 2296 1403636954.902 1403636973.452
1521 2315 1403636934.702 1403636974.402
1884 2323 1403636952.852 1403636974.802
1887 2323 1403636953.002 1403636974.802
1542 2329 1403636935.752 1403636975.102
1521 2332 1403636934.702 1403636975.252
1529 2358 1403636935.102 1403636976.552
1520 2360 1403636934.652 1403636976.652
1532 2364 1403636935.252 1403636976.852
1532 2365 1403636935.252 1403636976.902
1402 2366 1403636928.752 1403636976.952
1094 2366 1403636913.352 1403636976.952
1529 2368 1403636935.102 1403636977.052
1520 2371 1403636934.652 1403636977.202
2113 2376 1403636964.302 1403636977.452
1536 2376 1403636935.452 1403636977.452
899 2391 1403636903.602 1403636978.202
852 2391 1403636901.252 1403636978.202
818 2391 1403636899.552 1403636978.202
2153 2391 1403636966.302 1403636978.202
1519 2398 1403636934.602 1403636978.552
1442 2398 1403636930.752 1403636978.552
1542 2399 1403636935.752 1403636978.602
1542 2400 1403636935.752 1403636978.652
1402 2400 1403636928.752 1403636978.652
1520 2401 1403636934.652 1403636978.702
1103 2401 1403636913.802 1403636978.702
2180 2401 1403636967.652 1403636978.702
1204 2401 1403636918.852 1403636978.702
1402 2401 1403636928.752 1403636978.702
1156 2402 1403636916.452 1403636978.752
2262 2402 1403636971.752 1403636978.752
1542 2403 1403636935.752 1403636978.802
1525 2405 1403636934.902 1403636978.902
1156 2405 1403636916.452 1403636978.902
1059 2405 1403636911.602 1403636978.902
1402 2405 1403636928.752 1403636978.902
1520 2408 1403636934.652 1403636979.052
1562 2411 1403636936.752 1403636979.202
1525 2417 1403636934.902 1403636979.502
1519 2424 1403636934.602 1403636979.852
1519 2429 1403636934.602 1403636980.102
2242 2440 1403636970.752 1403636980.652
871 2440 1403636902.202 1403636980.652
1529 2444 1403636935.102 1403636980.852
2238 2444 1403636970.552 1403636980.852
1402 2444 1403636928.752 1403636980.852
871 2444 1403636902.202 1403636980.852
2113 2450 1403636964.302 1403636981.152
1521 2461 1403636934.702 1403636981.702
1532 2462 1403636935.252 1403636981.752
1529 2463 1403636935.102 1403636981.802
2242 2463 1403636970.752 1403636981.802
2242 2464 1403636970.752 1403636981.852
1460 2466 1403636931.652 1403636981.952
1532 2471 1403636935.252 1403636982.202
1011 2471 1403636909.202 1403636982.202
1156 2474 1403636916.452 1403636982.352
1053 2474 1403636911.302 1403636982.352
2242 2474 1403636970.752 1403636982.352
1599 2474 1403636938.602 1403636982.352
1453 2474 1403636931.302 1403636982.352
2315 2474 1403636974.402 1403636982.352
2208 2475 1403636969.052 1403636982.402
2208 2477 1403636969.052 1403636982.502
1520 2479 1403636934.652 1403636982.602
2242 2480 1403636970.752 1403636982.652
2233 2480 1403636970.302 1403636982.652
1142 2482 1403636915.752 1403636982.752
1016 2482 1403636909.452 1403636982.752
1520 2483 1403636934.652 1403636982.802
1035 2486 1403636910.402 1403636982.952
159 2497 1403636866.602 1403636983.502
2242 2497 1403636970.752 1403636983.502
931 2502 1403636905.202 1403636983.752
2199 2502 1403636968.602 1403636983.752
1086 2502 1403636912.952 1403636983.752
1169 2502 1403636917.102 1403636983.752
2208 2504 1403636969.052 1403636983.852
1011 2504 1403636909.202 1403636983.852
1043 2507 1403636910.802 1403636984.002
1536 2508 1403636935.452 1403636984.052
2230 2508 1403636970.152 1403636984.052
2219 2508 1403636969.602 1403636984.052
2194 2511 1403636968.352 1403636984.202
1460 2511 1403636931.652 1403636984.202
1518 2512 1403636934.552 1403636984.252
2238 2514 1403636970.552 1403636984.352
2252 2520 1403636971.252 1403636984.652
2224 2520 1403636969.852 1403636984.652
1542 2523 1403636935.752 1403636984.802
2216 2524 1403636969.452 1403636984.852
1053 2524 1403636911.302 1403636984.852
1525 2527 1403636934.902 1403636985.002
1855 2535 1403636951.402 1403636985.402
1086 2535 1403636912.952 1403636985.402
2194 2538 1403636968.352 1403636985.552
1519 2541 1403636934.602 1403636985.702
2296 2554 1403636973.452 1403636986.352
2204 2554 1403636968.852 1403636986.352
2211 2562 1403636969.202 1403636986.752
2238 2562 1403636970.552 1403636986.752
826 2567 1403636899.952 1403636987.002
2238 2585 1403636970.552 1403636987.902
2252 2587 1403636971.252 1403636988.002
2204 2587 1403636968.852 1403636988.002
1925 2590 1403636954.902 1403636988.152
153 2590 1403636866.302 1403636988.152
2247 2596 1403636971.002 1403636988.452
1688 2596 1403636943.052 1403636988.452
1207 2596 1403636919.002 1403636988.452
1855 2596 1403636951.402 1403636988.452
1518 2599 1403636934.552 1403636988.602
2213 2609 1403636969.302 1403636989.102
2252 2609 1403636971.252 1403636989.102
1599 2617 1403636938.602 1403636989.502
1148 2620 1403636916.052 1403636989.652
1518 2620 1403636934.552 1403636989.652
1142 2626 1403636915.752 1403636989.952
1518 2634 1403636934.552 1403636990.352
991 2634 1403636908.202 1403636990.352
1074 2634 1403636912.352 1403636990.352
1529 2638 1403636935.102 1403636990.552
2194 2638 1403636968.352 1403636990.552
1927 2638 1403636955.002 1403636990.552
1668 2638 1403636942.052 1403636990.552
1342 2642 1403636925.752 1403636990.752
1532 2642 1403636935.252 1403636990.752
1673 2645 1403636942.302 1403636990.902
2223 2645 1403636969.802 1403636990.902
1599 2647 1403636938.602 1403636991.002
1518 2647 1403636934.552 1403636991.002
2224 2647 1403636969.852 1403636991.002
1742 2650 1403636945.752 1403636991.152
1579 2654 1403636937.602 1403636991.352
1668 2654 1403636942.052 1403636991.352
1855 2657 1403636951.402 1403636991.502
1095 2660 1403636913.402 1403636991.652
1258 2660 1403636921.552 1403636991.652
1653 2660 1403636941.302 1403636991.652
2213 2686 1403636969.302 1403636992.952
1230 2701 1403636920.152 1403636993.702
1673 2701 1403636942.302 1403636993.702
1007 2701 1403636909.002 1403636993.702
1982 2703 1403636957.752 1403636993.802
1901 2703 1403636953.702 1403636993.802
92 2703 1403636863.252 1403636993.802
1855 2703 1403636951.402 1403636993.802
1342 2717 1403636925.752 1403636994.502
1532 2717 1403636935.252 1403636994.502
1442 2717 1403636930.752 1403636994.502
1519 2717 1403636934.602 1403636994.502
1342 2720 1403636925.752 1403636994.652
1468 2720 1403636932.052 1403636994.652
1668 2726 1403636942.052 1403636994.952
1965 2726 1403636956.902 1403636994.952
1342 2726 1403636925.752 1403636994.952
1742 2726 1403636945.752 1403636994.952
1542 2726 1403636935.752 1403636994.952
871 2726 1403636902.202 1403636994.952
1468 2726 1403636932.052 1403636994.952
2074 2738 1403636962.352 1403636995.552
1053 2738 1403636911.302 1403636995.552
1818 2738 1403636949.552 1403636995.552
1402 2758 1403636928.752 1403636996.552
1891 2758 1403636953.202 1403636996.552
2079 2758 1403636962.602 1403636996.552
1982 2758 1403636957.752 1403636996.552
1765 2758 1403636946.902 1403636996.552
1960 2765 1403636956.652 1403636996.902
1902 2765 1403636953.752 1403636996.902
1891 2768 1403636953.202 1403636997.052
1983 2770 1403636957.802 1403636997.152
1472 2770 1403636932.252 1403636997.152
1402 2772 1403636928.752 1403636997.252
1951 2772 1403636956.202 1403636997.252
1472 2775 1403636932.252 1403636997.402
1954 2779 1403636956.352 1403636997.602
1495 2779 1403636933.402 1403636997.602
1960 2786 1403636956.652 1403636997.952
1519 2786 1403636934.602 1403636997.952
1765 2792 1403636946.902 1403636998.252
1495 2792 1403636933.402 1403636998.252
1653 2792 1403636941.302 1403636998.252
1342 2796 1403636925.752 1403636998.452
1902 2800 1403636953.752 1403636998.652
1402 2800 1403636928.752 1403636998.652
1775 2800 1403636947.402 1403636998.652
1960 2800 1403636956.652 1403636998.652
1988 2800 1403636958.052 1403636998.652
1982 2804 1403636957.752 1403636998.852
1701 2810 1403636943.702 1403636999.152
1518 2818 1403636934.552 1403636999.552
1976 2818 1403636957.452 1403636999.552
1519 2823 1403636934.602 1403636999.802
1460 2826 1403636931.652 1403636999.952
1818 2826 1403636949.552 1403636999.952
1518 2834 1403636934.552 1403637000.352
1562 2834 1403636936.752 1403637000.352
1913 2836 1403636954.302 1403637000.452
1453 2836 1403636931.302 1403637000.452
1855 2838 1403636951.402 1403637000.552
1818 2842 1403636949.552 1403637000.752
1855 2844 1403636951.402 1403637000.852
1968 2848 1403636957.052 1403637001.052
1475 2848 1403636932.402 1403637001.052
1963 2853 1403636956.802 1403637001.302
1495 2857 1403636933.402 1403637001.502
1765 2862 1403636946.902 1403637001.752
1453 2866 1403636931.302 1403637001.952
1472 2869 1403636932.252 1403637002.102
1495 2873 1403636933.402 1403637002.302
1992 2877 1403636958.252 1403637002.502
1884 2877 1403636952.852 1403637002.502
1525 2880 1403636934.902 1403637002.652
1342 2885 1403636925.752 1403637002.902
1495 2888 1403636933.402 1403637003.052
1542 2895 1403636935.752 1403637003.402
1877 2895 1403636952.502 1403637003.402
1984 2895 1403636957.852 1403637003.402
1818 2897 1403636949.552 1403637003.502
1138 2904 1403636915.552 1403637003.852
1673 2907 1403636942.302 1403637004.002
1913 2907 1403636954.302 1403637004.002
1960 2907 1403636956.652 1403637004.002
2113 2907 1403636964.302 1403637004.002
1258 2907 1403636921.552 1403637004.002
1472 2907 1403636932.252 1403637004.002
1906 2910 1403636953.952 1403637004.152
1855 2910 1403636951.402 1403637004.152
1976 2910 1403636957.452 1403637004.152
2036 2910 1403636960.452 1403637004.152
1382 2911 1403636927.752 1403637004.202
1232 2911 1403636920.252 1403637004.202
1913 2913 1403636954.302 1403637004.302
1519 2916 1403636934.602 1403637004.452
2507 2920 1403636984.002 1403637004.652
2252 2920 1403636971.252 1403637004.652
1204 2920 1403636918.852 1403637004.652
2474 2922 1403636982.352 1403637004.752
1988 2922 1403636958.052 1403637004.752
1968 2922 1403636957.052 1403637004.752
1988 2925 1403636958.052 1403637004.902
1913 2925 1403636954.302 1403637004.902
1988 2928 1403636958.052 1403637005.052
2450 2928 1403636981.152 1403637005.052
2480 2928 1403636982.652 1403637005.052
2358 2928 1403636976.552 1403637005.052
1521 2930 1403636934.702 1403637005.152
2535 2930 1403636985.402 1403637005.152
2360 2930 1403636976.652 1403637005.152
2508 2933 1403636984.052 1403637005.302
1520 2933 1403636934.652 1403637005.302
1460 2933 1403636931.652 1403637005.302
2329 2933 1403636975.102 1403637005.302
1532 2942 1403636935.252 1403637005.752
1849 2942 1403636951.102 1403637005.752
1599 2942 1403636938.602 1403637005.752
2626 2967 1403636989.952 1403637007.002
1083 2967 1403636912.802 1403637007.002
1919 2978 1403636954.602 1403637007.552
1382 2978 1403636927.752 1403637007.552
2204 2980 1403636968.852 1403637007.652
2671 2980 1403636992.202 1403637007.652
2065 2986 1403636961.902 1403637007.952
1770 2989 1403636947.152 1403637008.102
2679 2989 1403636992.602 1403637008.102
1142 2991 1403636915.752 1403637008.202
2227 2991 1403636970.002 1403637008.202
1710 2991 1403636944.152 1403637008.202
1038 2991 1403636910.552 1403637008.202
2654 2991 1403636991.352 1403637008.202
1142 2998 1403636915.752 1403637008.552
1043 3000 1403636910.802 1403637008.652
2060 3003 1403636961.652 1403637008.802
2471 3003 1403636982.202 1403637008.802
2497 3003 1403636983.502 1403637008.802
2130 3003 1403636965.152 1403637008.802
1062 3003 1403636911.752 1403637008.802
