11 84 1.142 8.731
22 90 2.283 9.355
11 96 1.142 9.978
22 100 2.283 10.394
22 102 2.283 10.602
22 104 2.283 10.810
22 106 2.283 11.018
11 108 1.142 11.225
22 111 2.283 11.537
12 117 1.246 12.161
11 126 1.142 13.100
31 135 3.216 14.039
38 142 3.942 14.769
66 147 6.859 15.289
117 153 12.161 15.911
53 159 5.506 16.534
108 165 11.225 17.156
11 165 1.142 17.156
84 170 8.731 17.676
70 173 7.275 17.987
104 173 10.810 17.987
49 176 5.089 18.299
117 176 12.161 18.299
43 180 4.463 18.714
135 184 14.039 19.129
22 184 2.283 19.129
49 184 5.089 19.129
102 184 10.602 19.129
108 188 11.225 19.545
77 188 8.003 19.545
60 193 6.235 20.064
106 197 11.018 20.480
111 199 11.537 20.688
102 203 10.602 21.103
117 207 12.161 21.519
11 213 1.142 22.143
90 218 9.355 22.662
102 222 10.602 23.078
106 225 11.018 23.390
75 228 7.795 23.702
66 231 6.859 24.013
46 234 4.776 24.325
117 234 12.161 24.325
102 237 10.602 24.637
80 237 8.315 24.637
22 241 2.283 25.052
60 245 6.235 25.468
75 245 7.795 25.468
77 250 8.003 25.987
100 254 10.394 26.403
80 258 8.315 26.819
12 263 1.246 27.339
142 263 14.769 27.339
80 263 8.315 27.339
46 263 4.776 27.339
106 263 11.018 27.339
117 268 12.161 27.858
108 273 11.225 28.378
75 273 7.795 28.378
147 273 15.289 28.378
147 277 15.289 28.794
104 281 10.810 29.209
11 287 1.142 29.833
77 297 8.003 30.872
31 297 3.216 30.872
135 309 14.039 32.117
108 320 11.225 33.258
66 334 6.859 34.710
100 341 10.394 35.436
135 375 14.039 38.976
135 379 14.039 39.392
66 379 6.859 39.392
213 379 22.143 39.392
231 384 24.013 39.911
277 389 28.794 40.431
188 401 19.545 41.677
203 405 21.103 42.093
142 410 14.769 42.612
102 415 10.602 43.131
218 415 22.662 43.131
77 419 8.003 43.546
147 419 15.289 43.546
142 423 14.769 43.961
165 426 17.156 44.273
263 430 27.339 44.688
287 432 29.833 44.896
225 435 23.390 45.207
31 450 3.216 46.765
12 450 1.246 46.765
347 546 36.061 56.747
398 548 41.366 56.956
117 584 12.161 60.693
38 584 3.942 60.693
135 587 14.039 61.004
43 589 4.463 61.212
245 589 25.468 61.212
11 591 1.142 61.419
222 601 23.078 62.457
193 601 20.064 62.457
225 619 23.390 64.327
100 620 10.394 64.431
43 620 4.463 64.431
84 621 8.731 64.536
43 622 4.463 64.640
80 622 8.315 64.640
111 623 11.537 64.744
147 624 15.289 64.848
38 630 3.942 65.471
84 630 8.731 65.471
49 633 5.089 65.783
104 633 10.810 65.783
630 790 65.471 82.110
624 792 64.848 82.318
222 801 23.078 83.254
184 801 19.129 83.254
12 808 1.246 83.982
56 808 5.818 83.982
584 855 60.693 88.862
610 859 63.392 89.277
639 862 66.407 89.589
619 866 64.327 90.005
126 909 13.100 94.469
184 915 19.129 95.092
170 920 17.676 95.613
772 1032 80.236 107.261
866 1032 90.005 107.261
11 1061 1.142 110.276
