18 96 1.875 9.997
11 98 1.146 10.205
18 101 1.875 10.518
21 127 2.188 13.225
18 128 1.875 13.329
16 130 1.667 13.538
21 132 2.188 13.746
21 134 2.188 13.954
31 135 3.229 14.058
2 135 0.208 14.058
11 136 1.146 14.163
31 137 3.229 14.267
16 138 1.667 14.371
33 140 3.438 14.579
40 142 4.167 14.787
40 144 4.167 14.996
59 145 6.145 15.100
3 147 0.313 15.308
27 149 2.813 15.516
52 149 5.416 15.516
5 149 0.521 15.516
40 149 4.167 15.516
31 152 3.229 15.829
42 154 4.375 16.037
48 156 5.000 16.245
2 158 0.208 16.453
31 158 3.229 16.453
23 158 2.396 16.453
48 158 5.000 16.453
25 159 2.604 16.557
58 160 6.041 16.662
5 160 0.521 16.662
40 160 4.167 16.662
25 160 2.604 16.662
86 160 8.956 16.662
18 162 1.875 16.870
33 164 3.438 17.078
101 164 10.518 17.078
3 164 0.313 17.078
101 166 10.518 17.286
37 166 3.854 17.286
88 168 9.164 17.494
18 170 1.875 17.703
44 171 4.583 17.807
52 173 5.416 18.015
35 175 3.646 18.223
88 175 9.164 18.223
86 177 8.956 18.431
84 178 8.748 18.535
16 180 1.667 18.743
44 180 4.583 18.743
42 180 4.375 18.743
66 182 6.874 18.952
48 184 5.000 19.160
16 184 1.667 19.160
59 187 6.145 19.472
88 189 9.164 19.680
42 189 4.375 19.680
33 191 3.438 19.888
56 191 5.833 19.888
23 193 2.396 20.096
101 195 10.518 20.304
52 197 5.416 20.512
65 199 6.770 20.720
92 199 9.581 20.720
55 200 5.729 20.825
88 200 9.164 20.825
16 201 1.667 20.929
50 202 5.208 21.033
88 202 9.164 21.033
117 204 12.184 21.241
35 204 3.646 21.241
59 204 6.145 21.241
48 204 5.000 21.241
21 204 2.188 21.241
92 204 9.581 21.241
92 205 9.581 21.345
65 205 6.770 21.345
109 205 11.351 21.345
29 206 3.021 21.449
66 207 6.874 21.553
52 207 5.416 21.553
35 207 3.646 21.553
66 208 6.874 21.657
50 208 5.208 21.657
65 209 6.770 21.761
86 209 8.956 21.761
86 210 8.956 21.865
21 210 2.188 21.865
130 210 13.538 21.865
58 210 6.041 21.865
50 211 5.208 21.969
55 212 5.729 22.073
44 213 4.583 22.177
54 213 5.625 22.177
2 215 0.208 22.385
55 215 5.729 22.385
33 215 3.438 22.385
37 216 3.854 22.489
50 216 5.208 22.489
21 216 2.188 22.489
92 217 9.581 22.593
48 217 5.000 22.593
25 217 2.604 22.593
29 218 3.021 22.697
21 218 2.188 22.697
23 218 2.396 22.697
66 220 6.874 22.905
7 222 0.729 23.113
40 222 4.167 23.113
35 222 3.646 23.113
142 224 14.787 23.321
48 224 5.000 23.321
132 224 13.746 23.321
2 226 0.208 23.530
117 227 12.184 23.634
60 229 6.249 23.842
65 231 6.770 24.050
35 233 3.646 24.258
44 233 4.583 24.258
48 235 5.000 24.466
74 235 7.706 24.466
103 235 10.726 24.466
33 235 3.438 24.466
44 236 4.583 24.570
162 236 16.870 24.570
55 238 5.729 24.778
46 239 4.791 24.882
111 239 11.559 24.882
25 240 2.604 24.986
54 240 5.625 24.986
145 241 15.100 25.090
55 241 5.729 25.090
60 242 6.249 25.194
109 242 11.351 25.194
61 242 6.353 25.194
44 244 4.583 25.402
113 245 11.767 25.507
52 245 5.416 25.507
105 247 10.934 25.715
11 247 1.146 25.715
94 248 9.789 25.819
130 248 13.538 25.819
140 248 14.579 25.819
63 248 6.561 25.819
2 248 0.208 25.819
177 248 18.431 25.819
144 249 14.996 25.923
56 249 5.833 25.923
126 249 13.121 25.923
171 249 17.807 25.923
65 250 6.770 26.027
48 250 5.000 26.027
115 250 11.975 26.027
126 250 13.121 26.027
171 250 17.807 26.027
60 251 6.249 26.131
63 251 6.561 26.131
55 251 5.729 26.131
84 251 8.748 26.131
56 252 5.833 26.235
80 252 8.331 26.235
60 254 6.249 26.443
180 256 18.743 26.651
132 258 13.746 26.863
182 258 18.952 26.863
42 260 4.375 27.068
46 262 4.791 27.276
105 264 10.934 27.485
59 266 6.145 27.693
29 268 3.021 27.901
193 268 20.096 27.901
