363 388 1403636876.802 1403636878.052
360 389 1403636876.652 1403636878.102
363 392 1403636876.802 1403636878.252
363 393 1403636876.802 1403636878.302
150 395 1403636866.152 1403636878.402
366 783 1403636876.952 1403636897.802
360 784 1403636876.652 1403636897.852
7 812 1403636859.002 1403636899.252
225 812 1403636869.902 1403636899.252
392 812 1403636878.252 1403636899.252
7 813 1403636859.002 1403636899.302
388 813 1403636878.052 1403636899.302
183 815 1403636867.802 1403636899.402
345 818 1403636875.902 1403636899.552
388 826 1403636878.052 1403636899.952
397 830 1403636878.502 1403636900.152
348 833 1403636876.052 1403636900.302
304 835 1403636873.852 1403636900.402
389 835 1403636878.102 1403636900.402
225 835 1403636869.902 1403636900.402
341 838 1403636875.702 1403636900.552
348 838 1403636876.052 1403636900.552
366 838 1403636876.952 1403636900.552
351 842 1403636876.202 1403636900.752
230 846 1403636870.152 1403636900.952
366 848 1403636876.952 1403636901.052
386 853 1403636877.952 1403636901.302
225 853 1403636869.902 1403636901.302
395 855 1403636878.402 1403636901.402
266 857 1403636871.952 1403636901.502
7 857 1403636859.002 1403636901.502
395 861 1403636878.402 1403636901.702
382 864 1403636877.752 1403636901.852
7 870 1403636859.002 1403636902.152
274 877 1403636872.352 1403636902.502
266 877 1403636871.952 1403636902.502
323 885 1403636874.802 1403636902.902
410 897 1403636879.152 1403636903.502
371 897 1403636877.202 1403636903.502
366 910 1403636876.952 1403636904.152
395 922 1403636878.402 1403636904.752
351 934 1403636876.202 1403636905.352
366 934 1403636876.952 1403636905.352
345 950 1403636875.902 1403636906.152
368 963 1403636877.052 1403636906.802
195 963 1403636868.402 1403636906.802
356 980 1403636876.452 1403636907.652
395 989 1403636878.402 1403636908.102
400 994 1403636878.652 1403636908.352
351 999 1403636876.202 1403636908.602
788 1005 1403636898.052 1403636908.902
366 1009 1403636876.952 1403636909.102
266 1009 1403636871.952 1403636909.102
788 1014 1403636898.052 1403636909.352
392 1014 1403636878.252 1403636909.352
299 1020 1403636873.602 1403636909.652
345 1020 1403636875.902 1403636909.652
366 1023 1403636876.952 1403636909.802
377 1025 1403636877.502 1403636909.902
395 1025 1403636878.402 1403636909.902
368 1025 1403636877.052 1403636909.902
397 1027 1403636878.502 1403636910.002
779 1028 1403636897.602 1403636910.052
368 1028 1403636877.052 1403636910.052
356 1028 1403636876.452 1403636910.052
374 1030 1403636877.352 1403636910.152
266 1033 1403636871.952 1403636910.302
374 1038 1403636877.352 1403636910.552
343 1038 1403636875.802 1403636910.552
368 1043 1403636877.052 1403636910.802
397 1048 1403636878.502 1403636911.052
379 1048 1403636877.602 1403636911.052
343 1054 1403636875.802 1403636911.352
422 1056 1403636879.752 1403636911.452
392 1061 1403636878.252 1403636911.702
368 1064 1403636877.052 1403636911.852
345 1066 1403636875.902 1403636911.952
393 1069 1403636878.302 1403636912.102
389 1069 1403636878.102 1403636912.102
374 1069 1403636877.352 1403636912.102
371 1074 1403636877.202 1403636912.352
803 1074 1403636898.802 1403636912.352
371 1078 1403636877.202 1403636912.552
348 1078 1403636876.052 1403636912.552
368 1081 1403636877.052 1403636912.702
377 1084 1403636877.502 1403636912.852
382 1084 1403636877.752 1403636912.852
7 1088 1403636859.002 1403636913.052
830 1090 1403636900.152 1403636913.152
377 1090 1403636877.502 1403636913.152
366 1093 1403636876.952 1403636913.302
481 1098 1403636882.702 1403636913.552
348 1098 1403636876.052 1403636913.552
195 1098 1403636868.402 1403636913.552
403 1103 1403636878.802 1403636913.802
786 1103 1403636897.952 1403636913.802
510 1111 1403636884.152 1403636914.202
368 1117 1403636877.052 1403636914.502
151 1117 1403636866.202 1403636914.502
826 1125 1403636899.952 1403636914.902
366 1125 1403636876.952 1403636914.902
395 1125 1403636878.402 1403636914.902
195 1125 1403636868.402 1403636914.902
159 1128 1403636866.602 1403636915.052
784 1136 1403636897.852 1403636915.452
379 1136 1403636877.602 1403636915.452
818 1142 1403636899.552 1403636915.752
481 1142 1403636882.702 1403636915.752
304 1142 1403636873.852 1403636915.752
150 1146 1403636866.152 1403636915.952
786 1152 1403636897.952 1403636916.252
150 1158 1403636866.152 1403636916.552
395 1158 1403636878.402 1403636916.552
371 1163 1403636877.202 1403636916.802
366 1166 1403636876.952 1403636916.952
156 1173 1403636866.452 1403636917.302
153 1175 1403636866.302 1403636917.402
377 1177 1403636877.502 1403636917.502
351 1179 1403636876.202 1403636917.602
150 1179 1403636866.152 1403636917.602
156 1184 1403636866.452 1403636917.852
877 1192 1403636902.502 1403636918.252
156 1192 1403636866.452 1403636918.252
371 1192 1403636877.202 1403636918.252
870 1200 1403636902.152 1403636918.652
156 1202 1403636866.452 1403636918.752
323 1202 1403636874.802 1403636918.752
374 1202 1403636877.352 1403636918.752
156 1204 1403636866.452 1403636918.852
885 1209 1403636902.902 1403636919.102
341 1213 1403636875.702 1403636919.302
151 1215 1403636866.202 1403636919.402
150 1216 1403636866.152 1403636919.452
848 1217 1403636901.052 1403636919.502
368 1218 1403636877.052 1403636919.552
230 1219 1403636870.152 1403636919.602
343 1222 1403636875.802 1403636919.752
368 1226 1403636877.052 1403636919.952
274 1226 1403636872.352 1403636919.952
345 1226 1403636875.902 1403636919.952
366 1230 1403636876.952 1403636920.152
830 1230 1403636900.152 1403636920.152
786 1230 1403636897.952 1403636920.152
410 1230 1403636879.152 1403636920.152
150 1240 1403636866.152 1403636920.652
806 1240 1403636898.952 1403636920.652
151 1260 1403636866.202 1403636921.652
151 1280 1403636866.202 1403636922.652
146 1300 1403636865.952 1403636923.652
818 1323 1403636899.552 1403636924.802
922 1343 1403636904.752 1403636925.802
826 1363 1403636899.952 1403636926.802
1038 1363 1403636910.552 1403636926.802
861 1363 1403636901.702 1403636926.802
134 1363 1403636865.352 1403636926.802
830 1383 1403636900.152 1403636927.802
1054 1383 1403636911.352 1403636927.802
833 1403 1403636900.302 1403636928.802
1005 1423 1403636908.902 1403636929.802
1103 1423 1403636913.802 1403636929.802
781 1443 1403636897.702 1403636930.802
1125 1447 1403636914.902 1403636931.002
1030 1448 1403636910.152 1403636931.052
877 1451 1403636902.502 1403636931.202
835 1454 1403636900.402 1403636931.352
846 1454 1403636900.952 1403636931.352
1023 1456 1403636909.802 1403636931.452
826 1458 1403636899.952 1403636931.552
1111 1465 1403636914.202 1403636931.902
1142 1465 1403636915.752 1403636931.902
1027 1465 1403636910.002 1403636931.902
1038 1465 1403636910.552 1403636931.902
864 1465 1403636901.852 1403636931.902
826 1469 1403636899.952 1403636932.102
999 1469 1403636908.602 1403636932.102
1098 1469 1403636913.552 1403636932.102
830 1474 1403636900.152 1403636932.352
1136 1494 1403636915.452 1403636933.352
885 1514 1403636902.902 1403636934.352
989 1514 1403636908.102 1403636934.352
1078 1514 1403636912.552 1403636934.352
1061 1518 1403636911.702 1403636934.552
1028 1519 1403636910.052 1403636934.602
830 1519 1403636900.152 1403636934.602
1009 1519 1403636909.102 1403636934.602
1166 1520 1403636916.952 1403636934.652
934 1523 1403636905.352 1403636934.802
1177 1529 1403636917.502 1403636935.102
1061 1531 1403636911.702 1403636935.202
994 1536 1403636908.352 1403636935.452
1175 1542 1403636917.402 1403636935.752
861 1562 1403636901.702 1403636936.752
1125 1579 1403636914.902 1403636937.602
1009 1599 1403636909.102 1403636938.602
1066 1619 1403636911.952 1403636939.602
1152 1619 1403636916.252 1403636939.602
980 1625 1403636907.652 1403636939.902
1179 1625 1403636917.602 1403636939.902
1028 1625 1403636910.052 1403636939.902
980 1638 1403636907.652 1403636940.552
826 1644 1403636899.952 1403636940.852
1117 1644 1403636914.502 1403636940.852
830 1649 1403636900.152 1403636941.102
1048 1651 1403636911.052 1403636941.202
1192 1651 1403636918.252 1403636941.202
833 1651 1403636900.302 1403636941.202
1219 1651 1403636919.602 1403636941.202
1025 1653 1403636909.902 1403636941.302
1111 1653 1403636914.202 1403636941.302
1081 1656 1403636912.702 1403636941.452
999 1658 1403636908.602 1403636941.552
1175 1658 1403636917.402 1403636941.552
835 1658 1403636900.402 1403636941.552
1158 1660 1403636916.552 1403636941.652
1217 1663 1403636919.502 1403636941.802
783 1663 1403636897.802 1403636941.802
1152 1665 1403636916.252 1403636941.902
1230 1669 1403636920.152 1403636942.102
1192 1669 1403636918.252 1403636942.102
818 1675 1403636899.552 1403636942.402
1103 1680 1403636913.802 1403636942.652
1117 1690 1403636914.502 1403636943.152
150 1701 1403636866.152 1403636943.702
989 1701 1403636908.102 1403636943.702
1064 1701 1403636911.852 1403636943.702
784 1701 1403636897.852 1403636943.702
910 1701 1403636904.152 1403636943.702
159 1710 1403636866.602 1403636944.152
1200 1710 1403636918.652 1403636944.152
830 1741 1403636900.152 1403636945.702
151 1765 1403636866.202 1403636946.902
1078 1771 1403636912.552 1403636947.202
1125 1775 1403636914.902 1403636947.402
1448 1802 1403636931.052 1403636948.752
1280 1802 1403636922.652 1403636948.752
1066 1802 1403636911.952 1403636948.752
1152 1802 1403636916.252 1403636948.752
150 1822 1403636866.152 1403636949.752
1028 1822 1403636910.052 1403636949.752
1103 1833 1403636913.802 1403636950.302
150 1833 1403636866.152 1403636950.302
838 1848 1403636900.552 1403636951.052
818 1854 1403636899.552 1403636951.352
1117 1858 1403636914.502 1403636951.552
864 1860 1403636901.852 1403636951.652
1219 1860 1403636919.602 1403636951.652
371 1860 1403636877.202 1403636951.652
1158 1860 1403636916.552 1403636951.652
1454 1861 1403636931.352 1403636951.702
1175 1861 1403636917.402 1403636951.702
1142 1861 1403636915.752 1403636951.702
848 1863 1403636901.052 1403636951.802
1219 1871 1403636919.602 1403636952.202
1173 1874 1403636917.302 1403636952.352
830 1874 1403636900.152 1403636952.352
159 1877 1403636866.602 1403636952.502
830 1884 1403636900.152 1403636952.852
1219 1884 1403636919.602 1403636952.852
1142 1887 1403636915.752 1403636953.002
1209 1894 1403636919.102 1403636953.352
1213 1896 1403636919.302 1403636953.452
833 1896 1403636900.302 1403636953.452
1177 1896 1403636917.502 1403636953.452
1142 1896 1403636915.752 1403636953.452
838 1901 1403636900.552 1403636953.702
1020 1904 1403636909.652 1403636953.852
1028 1904 1403636910.052 1403636953.852
830 1904 1403636900.152 1403636953.852
1192 1904 1403636918.252 1403636953.852
1192 1906 1403636918.252 1403636953.952
1125 1906 1403636914.902 1403636953.952
1192 1911 1403636918.252 1403636954.202
1142 1911 1403636915.752 1403636954.202
151 1913 1403636866.202 1403636954.302
1192 1913 1403636918.252 1403636954.302
1175 1925 1403636917.402 1403636954.902
994 1927 1403636908.352 1403636955.002
156 1928 1403636866.452 1403636955.052
826 1933 1403636899.952 1403636955.302
150 1934 1403636866.152 1403636955.352
861 1934 1403636901.702 1403636955.352
853 1934 1403636901.302 1403636955.352
1260 1934 1403636921.652 1403636955.352
1280 1935 1403636922.652 1403636955.402
1014 1935 1403636909.352 1403636955.402
1173 1935 1403636917.302 1403636955.402
1152 1942 1403636916.252 1403636955.752
999 1948 1403636908.602 1403636956.052
1152 1948 1403636916.252 1403636956.052
835 1948 1403636900.402 1403636956.052
877 1949 1403636902.502 1403636956.102
838 1950 1403636900.552 1403636956.152
897 1953 1403636903.502 1403636956.302
151 1953 1403636866.202 1403636956.302
1005 1953 1403636908.902 1403636956.302
1020 1958 1403636909.652 1403636956.552
980 1961 1403636907.652 1403636956.702
1111 1961 1403636914.202 1403636956.702
1166 1961 1403636916.952 1403636956.702
1074 1965 1403636912.352 1403636956.902
848 1967 1403636901.052 1403636957.002
1222 1969 1403636919.752 1403636957.102
826 1969 1403636899.952 1403636957.102
833 1971 1403636900.302 1403636957.202
1038 1974 1403636910.552 1403636957.352
1142 1974 1403636915.752 1403636957.352
833 1974 1403636900.302 1403636957.352
1061 1977 1403636911.702 1403636957.502
1005 1982 1403636908.902 1403636957.752
857 1984 1403636901.502 1403636957.852
922 1984 1403636904.752 1403636957.852
934 1986 1403636905.352 1403636957.952
1088 1987 1403636913.052 1403636958.002
877 1988 1403636902.502 1403636958.052
1142 1989 1403636915.752 1403636958.102
1020 1989 1403636909.652 1403636958.102
1066 1993 1403636911.952 1403636958.302
1048 1993 1403636911.052 1403636958.302
1128 2014 1403636915.052 1403636959.352
1064 2021 1403636911.852 1403636959.702
1142 2021 1403636915.752 1403636959.702
1030 2038 1403636910.152 1403636960.552
830 2045 1403636900.152 1403636960.902
870 2051 1403636902.152 1403636961.202
809 2051 1403636899.102 1403636961.202
989 2051 1403636908.102 1403636961.202
910 2051 1403636904.152 1403636961.202
1009 2061 1403636909.102 1403636961.702
1009 2062 1403636909.102 1403636961.752
885 2065 1403636902.902 1403636961.902
1098 2065 1403636913.552 1403636961.902
1005 2065 1403636908.902 1403636961.902
1009 2067 1403636909.102 1403636962.002
156 2067 1403636866.452 1403636962.002
910 2073 1403636904.152 1403636962.302
989 2073 1403636908.102 1403636962.302
146 2073 1403636865.952 1403636962.302
1023 2077 1403636909.802 1403636962.502
870 2077 1403636902.152 1403636962.502
1965 2077 1403636956.902 1403636962.502
1874 2077 1403636952.352 1403636962.502
989 2077 1403636908.102 1403636962.502
1625 2077 1403636939.902 1403636962.502
1625 2081 1403636939.902 1403636962.702
989 2081 1403636908.102 1403636962.702
1542 2096 1403636935.752 1403636963.452
1871 2096 1403636952.202 1403636963.452
1933 2096 1403636955.302 1403636963.452
1877 2105 1403636952.502 1403636963.902
1833 2105 1403636950.302 1403636963.902
1518 2108 1403636934.552 1403636964.052
1953 2116 1403636956.302 1403636964.452
1520 2124 1403636934.652 1403636964.852
1469 2124 1403636932.102 1403636964.852
1971 2138 1403636957.202 1403636965.552
1987 2153 1403636958.002 1403636966.302
1977 2164 1403636957.502 1403636966.852
1536 2187 1403636935.452 1403636968.002
1989 2187 1403636958.102 1403636968.002
1950 2187 1403636956.152 1403636968.002
1984 2194 1403636957.852 1403636968.352
1822 2197 1403636949.752 1403636968.502
1969 2200 1403636957.102 1403636968.652
1901 2200 1403636953.702 1403636968.652
1562 2200 1403636936.752 1403636968.652
2062 2204 1403636961.752 1403636968.852
2038 2204 1403636960.552 1403636968.852
1619 2208 1403636939.602 1403636969.052
1984 2211 1403636957.852 1403636969.202
1984 2213 1403636957.852 1403636969.302
1861 2218 1403636951.702 1403636969.552
1619 2218 1403636939.602 1403636969.552
1949 2219 1403636956.102 1403636969.602
1982 2220 1403636957.752 1403636969.652
2038 2222 1403636960.552 1403636969.752
1965 2222 1403636956.902 1403636969.752
1913 2222 1403636954.302 1403636969.752
1518 2224 1403636934.552 1403636969.852
1822 2226 1403636949.752 1403636969.952
1599 2226 1403636938.602 1403636969.952
1913 2226 1403636954.302 1403636969.952
1982 2229 1403636957.752 1403636970.102
1961 2232 1403636956.702 1403636970.252
1599 2232 1403636938.602 1403636970.252
2062 2232 1403636961.752 1403636970.252
1858 2232 1403636951.552 1403636970.252
1874 2234 1403636952.352 1403636970.352
2062 2235 1403636961.752 1403636970.402
1971 2239 1403636957.202 1403636970.602
1383 2239 1403636927.802 1403636970.602
2045 2239 1403636960.902 1403636970.602
1863 2243 1403636951.802 1403636970.802
1848 2249 1403636951.052 1403636971.102
1877 2258 1403636952.502 1403636971.552
1651 2258 1403636941.202 1403636971.552
1971 2258 1403636957.202 1403636971.552
1529 2258 1403636935.102 1403636971.552
1977 2290 1403636957.502 1403636973.152
1967 2290 1403636957.002 1403636973.152
1989 2315 1403636958.102 1403636974.402
1861 2315 1403636951.702 1403636974.402
1599 2323 1403636938.602 1403636974.802
1887 2323 1403636953.002 1403636974.802
1542 2329 1403636935.752 1403636975.102
826 2365 1403636899.952 1403636976.902
159 2368 1403636866.602 1403636977.052
1152 2368 1403636916.252 1403636977.052
2116 2368 1403636964.452 1403636977.052
1064 2370 1403636911.852 1403636977.152
1098 2374 1403636913.552 1403636977.352
2116 2376 1403636964.452 1403636977.452
1152 2376 1403636916.252 1403636977.452
153 2376 1403636866.302 1403636977.452
855 2383 1403636901.402 1403636977.802
1093 2383 1403636913.302 1403636977.802
1081 2389 1403636912.702 1403636978.102
811 2389 1403636899.202 1403636978.102
151 2393 1403636866.202 1403636978.302
838 2398 1403636900.552 1403636978.552
151 2399 1403636866.202 1403636978.602
414 2402 1403636879.352 1403636978.752
2116 2409 1403636964.452 1403636979.102
2127 2417 1403636965.002 1403636979.502
156 2423 1403636866.452 1403636979.802
830 2427 1403636900.152 1403636980.002
2243 2432 1403636970.802 1403636980.252
371 2432 1403636877.202 1403636980.252
838 2432 1403636900.552 1403636980.252
151 2434 1403636866.202 1403636980.352
2258 2437 1403636971.552 1403636980.502
989 2441 1403636908.102 1403636980.702
1383 2441 1403636927.802 1403636980.702
2243 2441 1403636970.802 1403636980.702
1200 2441 1403636918.652 1403636980.702
2224 2444 1403636969.852 1403636980.852
818 2444 1403636899.552 1403636980.852
1090 2451 1403636913.152 1403636981.202
1653 2451 1403636941.302 1403636981.202
2229 2451 1403636970.102 1403636981.202
830 2452 1403636900.152 1403636981.252
2290 2453 1403636973.152 1403636981.302
2211 2453 1403636969.202 1403636981.302
2234 2456 1403636970.352 1403636981.452
2226 2460 1403636969.952 1403636981.652
2194 2460 1403636968.352 1403636981.652
2243 2462 1403636970.802 1403636981.752
848 2462 1403636901.052 1403636981.752
1030 2466 1403636910.152 1403636981.952
1054 2466 1403636911.352 1403636981.952
1520 2466 1403636934.652 1403636981.952
2187 2466 1403636968.002 1403636981.952
857 2466 1403636901.502 1403636981.952
1117 2466 1403636914.502 1403636981.952
151 2466 1403636866.202 1403636981.952
1447 2471 1403636931.002 1403636982.202
1009 2472 1403636909.102 1403636982.252
853 2472 1403636901.302 1403636982.252
2315 2474 1403636974.402 1403636982.352
2208 2477 1403636969.052 1403636982.502
1152 2480 1403636916.252 1403636982.652
864 2482 1403636901.852 1403636982.752
1152 2483 1403636916.252 1403636982.802
1822 2485 1403636949.752 1403636982.902
1136 2485 1403636915.452 1403636982.902
2138 2496 1403636965.552 1403636983.452
2204 2496 1403636968.852 1403636983.452
2226 2496 1403636969.952 1403636983.452
842 2496 1403636900.752 1403636983.452
1142 2496 1403636915.752 1403636983.452
1023 2496 1403636909.802 1403636983.452
371 2496 1403636877.202 1403636983.452
838 2499 1403636900.552 1403636983.602
830 2503 1403636900.152 1403636983.802
2226 2506 1403636969.952 1403636983.952
1536 2508 1403636935.452 1403636984.052
2219 2508 1403636969.602 1403636984.052
2138 2508 1403636965.552 1403636984.052
2135 2510 1403636965.402 1403636984.152
151 2512 1403636866.202 1403636984.252
1520 2512 1403636934.652 1403636984.252
1175 2512 1403636917.402 1403636984.252
1074 2532 1403636912.352 1403636985.252
2226 2533 1403636969.952 1403636985.302
1213 2537 1403636919.302 1403636985.502
2290 2537 1403636973.152 1403636985.502
1125 2537 1403636914.902 1403636985.502
861 2537 1403636901.702 1403636985.502
1520 2541 1403636934.652 1403636985.702
2194 2541 1403636968.352 1403636985.702
989 2541 1403636908.102 1403636985.702
2249 2554 1403636971.102 1403636986.352
2224 2558 1403636969.852 1403636986.552
2211 2562 1403636969.202 1403636986.752
1090 2562 1403636913.152 1403636986.752
2239 2564 1403636970.602 1403636986.852
2204 2568 1403636968.852 1403636987.052
1028 2568 1403636910.052 1403636987.052
870 2568 1403636902.152 1403636987.052
2224 2568 1403636969.852 1403636987.052
1542 2568 1403636935.752 1403636987.052
2323 2575 1403636974.802 1403636987.402
1894 2584 1403636953.352 1403636987.852
1933 2584 1403636955.302 1403636987.852
153 2605 1403636866.302 1403636988.902
2204 2605 1403636968.852 1403636988.902
2249 2605 1403636971.102 1403636988.902
1934 2620 1403636955.352 1403636989.652
2243 2630 1403636970.802 1403636990.152
2249 2636 1403636971.102 1403636990.452
1054 2640 1403636911.352 1403636990.652
2323 2640 1403636974.802 1403636990.652
877 2642 1403636902.502 1403636990.752
2323 2642 1403636974.802 1403636990.752
830 2645 1403636900.152 1403636990.902
1023 2645 1403636909.802 1403636990.902
1175 2645 1403636917.402 1403636990.902
910 2645 1403636904.152 1403636990.902
853 2645 1403636901.302 1403636990.902
2258 2650 1403636971.552 1403636991.152
1520 2652 1403636934.652 1403636991.252
1854 2652 1403636951.352 1403636991.252
2229 2652 1403636970.102 1403636991.252
2351 2652 1403636976.202 1403636991.252
1323 2652 1403636924.802 1403636991.252
2323 2653 1403636974.802 1403636991.302
2153 2657 1403636966.302 1403636991.502
2211 2657 1403636969.202 1403636991.502
2229 2660 1403636970.102 1403636991.652
1896 2671 1403636953.452 1403636992.202
1896 2675 1403636953.452 1403636992.402
1877 2679 1403636952.502 1403636992.602
1090 2679 1403636913.152 1403636992.602
1125 2686 1403636914.902 1403636992.952
1911 2720 1403636954.202 1403636994.652
1861 2720 1403636951.702 1403636994.652
1861 2725 1403636951.702 1403636994.902
1896 2737 1403636953.452 1403636995.502
1874 2737 1403636952.352 1403636995.502
1765 2757 1403636946.902 1403636996.502
1519 2765 1403636934.602 1403636996.902
1771 2765 1403636947.202 1403636996.902
1884 2768 1403636952.852 1403636997.052
1953 2768 1403636956.302 1403636997.052
1518 2805 1403636934.552 1403636998.902
1950 2805 1403636956.152 1403636998.902
1911 2809 1403636954.202 1403636999.102
1871 2818 1403636952.202 1403636999.552
1988 2823 1403636958.052 1403636999.802
1519 2823 1403636934.602 1403636999.802
1901 2826 1403636953.702 1403636999.952
1562 2834 1403636936.752 1403637000.352
1802 2837 1403636948.752 1403637000.502
1901 2839 1403636953.702 1403637000.602
1469 2839 1403636932.102 1403637000.602
1861 2842 1403636951.702 1403637000.752
1443 2842 1403636930.802 1403637000.752
1802 2842 1403636948.752 1403637000.752
1982 2842 1403636957.752 1403637000.752
2132 2842 1403636965.252 1403637000.752
1928 2845 1403636955.052 1403637000.902
1833 2845 1403636950.302 1403637000.902
1175 2845 1403636917.402 1403637000.902
1653 2845 1403636941.302 1403637000.902
1443 2845 1403636930.802 1403637000.902
1860 2851 1403636951.652 1403637001.202
1982 2856 1403636957.752 1403637001.452
1965 2856 1403636956.902 1403637001.452
1953 2863 1403636956.302 1403637001.802
1961 2863 1403636956.702 1403637001.802
2038 2863 1403636960.552 1403637001.802
2081 2866 1403636962.702 1403637001.952
1323 2866 1403636924.802 1403637001.952
1802 2866 1403636948.752 1403637001.952
2038 2866 1403636960.552 1403637001.952
1971 2870 1403636957.202 1403637002.152
2081 2870 1403636962.702 1403637002.152
1953 2870 1403636956.302 1403637002.152
1982 2877 1403636957.752 1403637002.502
1953 2881 1403636956.302 1403637002.702
1518 2889 1403636934.552 1403637003.102
1469 2894 1403636932.102 1403637003.352
1934 2905 1403636955.352 1403637003.902
1965 2905 1403636956.902 1403637003.902
2224 2908 1403636969.852 1403637004.052
2329 2908 1403636975.102 1403637004.052
1961 2910 1403636956.702 1403637004.152
1213 2910 1403636919.302 1403637004.152
1158 2912 1403636916.552 1403637004.252
304 2915 1403636873.852 1403637004.402
2338 2927 1403636975.552 1403637005.002
1520 2933 1403636934.652 1403637005.302
1967 2933 1403636957.002 1403637005.302
2067 2942 1403636962.002 1403637005.752
2235 2942 1403636970.402 1403637005.752
1074 2954 1403636912.352 1403637006.352
1649 2954 1403636941.102 1403637006.352
1860 2954 1403636951.652 1403637006.352
1056 2967 1403636911.452 1403637007.002
1192 2971 1403636918.252 1403637007.202
2477 2971 1403636982.502 1403637007.202
2477 2978 1403636982.502 1403637007.552
1701 2980 1403636943.702 1403637007.652
1935 2987 1403636955.402 1403637008.002
2496 2987 1403636983.452 1403637008.002
1965 2990 1403636956.902 1403637008.152
1093 2990 1403636913.302 1403637008.152
1177 2990 1403636917.502 1403637008.152
2351 2990 1403636976.202 1403637008.152
1448 2995 1403636931.052 1403637008.402
1142 2997 1403636915.752 1403637008.502
1209 2997 1403636919.102 1403637008.502
1005 2997 1403636908.902 1403637008.502
2370 2997 1403636977.152 1403637008.502
980 3003 1403636907.652 1403637008.802
