13 96 1.347 9.971
44 96 4.571 9.971
19 98 1.971 10.179
13 100 1.347 10.386
42 102 4.363 10.594
35 105 3.635 10.905
29 105 3.011 10.905
26 107 2.699 11.112
26 109 2.699 11.320
54 111 5.610 11.528
37 113 3.844 11.735
35 115 3.635 11.943
13 117 1.347 12.150
26 119 2.699 12.357
59 119 6.129 12.357
40 119 4.155 12.357
5 122 0.518 12.668
19 125 1.971 12.979
6 128 0.622 13.291
40 131 4.155 13.602
32 131 3.324 13.602
6 134 0.622 13.913
37 136 3.844 14.120
63 136 6.546 14.120
5 138 0.518 14.328
65 141 6.753 14.639
5 144 0.518 14.950
46 146 4.779 15.157
23 146 2.387 15.157
13 148 1.347 15.365
44 150 4.571 15.573
13 153 1.347 15.884
81 153 8.414 15.884
67 156 6.960 16.196
87 159 9.038 16.507
44 159 4.571 16.507
90 162 9.349 16.819
69 166 7.168 17.234
57 169 5.921 17.546
87 169 9.038 17.546
115 172 11.943 17.857
87 175 9.038 18.168
94 175 9.765 18.168
81 179 8.414 18.583
131 179 13.602 18.583
134 182 13.913 18.894
141 182 14.639 18.894
109 182 11.320 18.894
113 185 11.735 19.205
54 187 5.610 19.413
42 189 4.363 19.620
59 191 6.129 19.828
102 191 10.594 19.828
113 192 11.735 19.932
107 193 11.112 20.036
72 193 7.479 20.036
138 193 14.328 20.036
54 193 5.610 20.036
100 193 10.386 20.036
37 193 3.844 20.036
6 194 0.622 20.140
79 194 8.206 20.140
57 205 5.921 21.282
13 207 1.347 21.489
13 209 1.347 21.697
87 211 9.038 21.904
13 212 1.347 22.007
67 230 6.960 23.877
136 230 14.120 23.877
74 232 7.687 24.085
26 232 2.699 24.085
77 234 7.998 24.293
67 236 6.960 24.500
136 238 14.120 24.708
74 239 7.687 24.812
117 240 12.150 24.916
26 240 2.699 24.916
44 240 4.571 24.916
148 241 15.365 25.019
162 242 16.819 25.123
131 244 13.602 25.331
98 244 10.179 25.331
94 244 9.765 25.331
102 245 10.594 25.434
67 245 6.960 25.434
61 246 6.337 25.538
109 246 11.320 25.538
37 246 3.844 25.538
169 246 17.546 25.538
96 247 9.971 25.642
90 249 9.349 25.849
131 250 13.602 25.953
19 250 1.971 25.953
79 251 8.206 26.056
179 264 18.583 27.406
194 265 20.140 27.510
179 266 18.583 27.614
193 267 20.036 27.718
194 268 20.140 27.821
194 269 20.140 27.925
192 270 19.932 28.029
169 270 17.546 28.029
194 271 20.140 28.133
194 272 20.140 28.237
189 273 19.620 28.340
193 273 20.036 28.340
209 274 21.697 28.444
232 274 24.085 28.444
189 276 19.620 28.651
194 277 20.140 28.755
125 279 12.979 28.962
232 287 24.085 29.792
244 289 25.331 29.999
194 289 20.140 29.999
172 291 17.857 30.207
241 291 25.019 30.207
193 291 20.036 30.207
211 293 21.904 30.414
221 295 22.942 30.622
207 295 21.489 30.622
230 295 23.877 30.622
146 295 15.157 30.622
172 297 17.857 30.829
134 299 13.913 31.037
150 301 15.573 31.244
128 301 13.291 31.244
102 301 10.594 31.244
194 301 20.140 31.244
77 303 7.998 31.452
13 305 1.347 31.659
175 311 18.168 32.281
238 311 24.708 32.281
257 311 26.679 32.281
227 311 23.566 32.281
266 311 27.614 32.281
193 313 20.036 32.489
131 316 13.602 32.800
179 316 18.583 32.800
250 316 25.953 32.800
199 319 20.659 33.111
162 323 16.819 33.526
172 323 17.857 33.526
37 350 3.844 36.327
119 350 12.357 36.327
63 350 6.546 36.327
26 353 2.699 36.638
119 356 12.357 36.950
144 358 14.950 37.157
138 358 14.328 37.157
192 360 19.932 37.365
211 360 21.904 37.365
279 362 28.962 37.572
223 362 23.150 37.572
134 362 13.913 37.572
270 363 28.029 37.676
202 366 20.970 37.987
245 379 25.434 39.336
271 382 28.133 39.647
299 403 31.037 41.827
166 413 17.234 42.865
249 416 25.849 43.176
301 419 31.244 43.487
253 419 26.264 43.487
193 419 20.036 43.487
267 423 27.718 43.902
331 427 34.355 44.317
313 430 32.489 44.628
293 430 30.414 44.628
323 433 33.526 44.940
356 435 36.950 45.148
279 435 28.962 45.148
323 437 33.526 45.354
274 440 28.444 45.666
347 440 36.016 45.666
179 443 18.583 45.977
276 446 28.651 46.288
250 449 25.953 46.599
289 449 29.999 46.599
244 449 25.331 46.599
285 449 29.584 46.599
239 449 24.812 46.599
281 452 29.170 46.910
268 452 27.821 46.910
293 455 30.414 47.222
277 455 28.755 47.222
362 455 37.572 47.222
313 455 32.489 47.222
328 458 34.045 47.533
277 458 28.755 47.533
267 477 27.718 49.505
362 477 37.572 49.505
358 481 37.157 49.920
295 481 30.622 49.920
331 481 34.355 49.920
335 484 34.770 50.231
276 484 28.651 50.231
358 484 37.157 50.231
388 487 40.270 50.542
430 490 44.628 50.854
360 493 37.365 51.165
376 493 39.025 51.165
413 495 42.865 51.373
362 498 37.572 51.684
446 501 46.288 51.995
319 501 33.111 51.995
433 501 44.940 51.995
403 503 41.827 52.202
423 503 43.902 52.202
413 503 42.865 52.202
455 505 47.222 52.410
423 508 43.902 52.722
347 511 36.016 53.033
413 514 42.865 53.344
449 517 46.599 53.655
443 545 45.977 56.563
356 549 36.950 56.978
427 549 44.317 56.978
409 552 42.450 57.290
427 552 44.317 57.290
395 554 40.996 57.497
409 554 42.450 57.497
335 556 34.770 57.704
435 558 45.148 57.912
244 570 25.331 59.157
261 570 27.094 59.157
225 574 23.358 59.572
194 574 20.140 59.572
258 574 26.783 59.572
254 578 26.368 59.987
260 578 26.991 59.987
272 578 28.237 59.987
252 581 26.160 60.298
207 584 21.489 60.610
253 587 26.264 60.921
244 587 25.331 60.921
258 591 26.783 61.337
150 615 15.573 63.826
102 618 10.594 64.137
113 637 11.735 66.109
230 649 23.877 67.353
202 649 20.970 67.353
372 689 38.610 71.506
344 689 35.704 71.506
406 693 42.138 71.921
395 696 40.996 72.232
379 698 39.336 72.439
391 698 40.581 72.439
399 711 41.412 73.788
433 716 44.940 74.307
524 720 54.381 74.721
427 720 44.317 74.721
403 720 41.827 74.721
524 724 54.381 75.136
552 724 57.290 75.136
455 728 47.222 75.551
465 731 48.260 75.862
353 750 36.638 77.832
113 760 11.735 78.869
113 761 11.735 78.972
138 762 14.328 79.082
113 763 11.735 79.180
107 765 11.112 79.387
443 771 45.977 80.010
395 870 40.996 90.278
661 886 68.601 91.938
805 907 83.537 94.118
782 909 81.151 94.326
810 912 84.056 94.637
305 925 31.659 95.988
331 1038 34.355 107.721
305 1038 31.659 107.721
356 1041 36.950 108.032
227 1045 23.566 108.446
299 1045 31.037 108.446
661 1056 68.601 109.588
742 1056 77.003 109.588
696 1056 72.232 109.588
987 1093 102.430 113.428
23 1265 2.387 131.278
92 1265 9.556 131.278
57 1265 5.921 131.278
105 1265 10.905 131.278
44 1265 4.571 131.278
943 1360 97.862 141.131
946 1362 98.173 141.338
904 1362 93.807 141.338
935 1364 97.029 141.546
967 1367 100.354 141.857
798 1369 82.810 142.064
837 1516 86.856 157.319
223 1554 23.150 161.260
238 1554 24.708 161.260
