288 529 1413394896.006 1413394908.356
330 561 1413394898.106 1413394909.956
363 572 1413394899.756 1413394910.506
270 602 1413394895.106 1413394912.006
256 619 1413394894.406 1413394912.856
248 627 1413394894.006 1413394913.256
380 649 1413394900.606 1413394914.356
391 666 1413394901.156 1413394915.206
561 1106 1413394909.956 1413394943.856
561 1118 1413394909.956 1413394944.456
627 1329 1413394913.256 1413394960.156
627 1330 1413394913.256 1413394960.206
627 1331 1413394913.256 1413394960.256
627 1333 1413394913.256 1413394960.356
627 1335 1413394913.256 1413394960.456
627 1349 1413394913.256 1413394961.156
627 1367 1413394913.256 1413394962.056
335 1374 1413394898.356 1413394962.406
260 1380 1413394894.606 1413394962.706
602 1392 1413394912.006 1413394963.306
1118 1575 1413394944.456 1413394974.406
129 1631 1413394888.056 1413394978.156
129 1632 1413394888.056 1413394978.206
129 1633 1413394888.056 1413394978.256
129 1635 1413394888.056 1413394978.356
