380 514 1413394900.606 1413394907.606
288 529 1413394896.006 1413394908.356
330 561 1413394898.106 1413394909.956
363 572 1413394899.756 1413394910.506
270 602 1413394895.106 1413394912.006
256 619 1413394894.406 1413394912.856
248 627 1413394894.006 1413394913.256
380 649 1413394900.606 1413394914.356
391 666 1413394901.156 1413394915.206
233 1001 1413394893.256 1413394936.006
154 1006 1413394889.306 1413394936.306
248 1021 1413394894.006 1413394937.656
572 1026 1413394910.506 1413394938.156
233 1026 1413394893.256 1413394938.156
233 1028 1413394893.256 1413394938.356
619 1028 1413394912.856 1413394938.356
514 1028 1413394907.606 1413394938.356
363 1029 1413394899.756 1413394938.456
233 1029 1413394893.256 1413394938.456
248 1030 1413394894.006 1413394938.556
1001 1054 1413394936.006 1413394940.956
1007 1057 1413394936.406 1413394941.106
966 1059 1413394934.256 1413394941.306
619 1061 1413394912.856 1413394941.506
699 1061 1413394916.956 1413394941.506
561 1106 1413394909.956 1413394943.856
561 1118 1413394909.956 1413394944.456
529 1309 1413394908.356 1413394959.156
619 1312 1413394912.856 1413394959.306
627 1329 1413394913.256 1413394960.156
627 1330 1413394913.256 1413394960.206
627 1331 1413394913.256 1413394960.256
627 1333 1413394913.256 1413394960.356
627 1335 1413394913.256 1413394960.456
627 1349 1413394913.256 1413394961.156
627 1367 1413394913.256 1413394962.056
335 1374 1413394898.356 1413394962.406
260 1380 1413394894.606 1413394962.706
602 1392 1413394912.006 1413394963.306
698 1540 1413394916.856 1413394972.356
1295 1547 1413394958.456 1413394973.006
128 1547 1413394888.006 1413394973.006
1349 1550 1413394961.156 1413394973.156
1093 1555 1413394943.206 1413394973.406
1299 1555 1413394958.656 1413394973.406
602 1565 1413394912.006 1413394973.906
1118 1575 1413394944.456 1413394974.406
1349 1585 1413394961.156 1413394974.906
1335 1600 1413394960.456 1413394975.656
485 1600 1413394906.156 1413394975.656
1481 1600 1413394967.756 1413394975.656
1309 1609 1413394959.156 1413394976.456
977 1609 1413394934.806 1413394976.456
1312 1615 1413394959.306 1413394976.856
129 1631 1413394888.056 1413394978.156
129 1632 1413394888.056 1413394978.206
129 1633 1413394888.056 1413394978.256
129 1635 1413394888.056 1413394978.356
1299 1727 1413394958.656 1413394983.006
1630 1737 1413394978.106 1413394984.006
1299 1737 1413394958.656 1413394984.006
345 1737 1413394898.856 1413394984.006
1028 1751 1413394938.356 1413394985.406
1028 1753 1413394938.356 1413394985.606
1028 1755 1413394938.356 1413394985.806
1030 1757 1413394938.556 1413394986.006
1012 1759 1413394936.906 1413394986.206
1018 1761 1413394937.356 1413394986.406
1014 1762 1413394937.106 1413394986.506
1018 1762 1413394937.356 1413394986.506
1014 1763 1413394937.106 1413394986.606
1015 1764 1413394937.206 1413394986.706
1018 1765 1413394937.356 1413394986.806
476 1846 1413394905.706 1413394992.556
1628 1881 1413394977.906 1413394994.406
1028 1883 1413394938.356 1413394994.606
1028 1884 1413394938.356 1413394994.706
1016 1885 1413394937.256 1413394994.806
1016 1886 1413394937.256 1413394994.906
1030 1887 1413394938.556 1413394995.006
1018 1888 1413394937.356 1413394995.106
1018 1889 1413394937.356 1413394995.206
1030 1890 1413394938.556 1413394995.306
