10 45 1.041 4.672
8 50 0.832 5.192
14 54 1.457 5.607
12 56 1.249 5.815
5 58 0.520 6.022
8 60 0.832 6.230
15 63 1.561 6.541
10 65 1.041 6.748
14 67 1.457 6.956
4 69 0.416 7.163
5 73 0.520 7.577
5 77 0.520 7.992
14 80 1.457 8.303
14 82 1.457 8.511
15 84 1.561 8.718
10 86 1.041 8.926
8 87 0.832 9.030
27 87 2.806 9.030
12 89 1.249 9.237
41 91 4.257 9.445
27 93 2.806 9.652
15 95 1.561 9.860
4 95 0.416 9.860
4 97 0.416 10.067
23 100 2.391 10.379
14 103 1.457 10.690
12 105 1.249 10.898
32 108 3.324 11.209
18 112 1.873 11.624
23 117 2.391 12.143
5 122 0.520 12.661
8 126 0.832 13.076
15 126 1.561 13.076
73 130 7.577 13.491
45 130 4.672 13.491
65 134 6.748 13.906
65 137 6.748 14.218
80 140 8.303 14.529
77 140 7.992 14.529
77 142 7.992 14.737
27 142 2.806 14.737
91 144 9.445 14.945
27 147 2.806 15.256
97 150 10.067 15.567
56 150 5.815 15.567
65 152 6.748 15.775
77 152 7.992 15.775
80 154 8.303 15.982
45 154 4.672 15.982
67 154 6.956 15.982
103 155 10.690 16.086
73 155 7.577 16.086
86 156 8.926 16.190
65 156 6.748 16.190
105 156 10.898 16.190
87 158 9.030 16.397
97 158 10.067 16.397
105 160 10.898 16.605
97 164 10.067 17.020
41 164 4.257 17.020
27 168 2.806 17.435
95 172 9.860 17.851
105 175 10.898 18.162
105 179 10.898 18.577
82 179 8.511 18.577
86 182 8.926 18.889
36 184 3.738 19.096
93 184 9.652 19.096
130 184 13.491 19.096
67 184 6.956 19.096
65 186 6.748 19.304
91 188 9.445 19.511
73 190 7.577 19.718
18 192 1.873 19.926
69 192 7.163 19.926
117 192 12.143 19.926
84 192 8.718 19.926
12 194 1.249 20.133
69 202 7.163 20.963
134 204 13.906 21.171
152 206 15.775 21.379
140 209 14.529 21.690
158 212 16.397 22.002
112 215 11.624 22.314
82 219 8.511 22.729
97 219 10.067 22.729
60 233 6.230 24.181
91 233 9.445 24.181
100 246 10.379 25.529
82 246 8.511 25.529
154 246 15.982 25.529
140 249 14.529 25.841
160 249 16.605 25.841
105 253 10.898 26.256
82 256 8.511 26.567
45 266 4.672 27.604
112 270 11.624 28.019
156 273 16.190 28.331
172 273 17.851 28.331
147 273 15.256 28.331
108 276 11.209 28.642
156 276 16.190 28.642
152 276 15.775 28.642
209 276 21.690 28.642
147 279 15.256 28.954
175 282 18.162 29.265
156 285 16.190 29.576
160 288 16.605 29.888
144 292 14.945 30.303
215 292 22.314 30.303
137 292 14.218 30.303
223 295 23.144 30.614
147 298 15.256 30.925
134 302 13.906 31.340
188 302 19.511 31.340
84 302 8.718 31.340
172 306 17.851 31.755
155 309 16.086 32.066
160 313 16.605 32.481
140 313 14.529 32.481
117 316 12.143 32.792
160 316 16.605 32.792
142 316 14.737 32.792
223 316 23.144 32.792
155 319 16.086 33.103
144 323 14.945 33.518
108 323 11.209 33.518
108 331 11.209 34.348
144 333 14.945 34.555
69 333 7.163 34.555
134 336 13.906 34.866
77 340 7.992 35.281
204 340 21.171 35.281
160 340 16.605 35.281
147 352 15.256 36.526
256 360 26.567 37.356
285 360 29.576 37.356
270 364 28.019 37.770
160 376 16.605 39.017
108 379 11.209 39.329
142 382 14.737 39.640
65 384 6.748 39.848
152 384 15.775 39.848
144 384 14.945 39.848
87 384 9.030 39.848
288 416 29.888 43.166
295 421 30.614 43.685
179 458 18.577 47.525
152 458 15.775 47.525
152 462 15.775 47.940
152 466 15.775 48.355
140 466 14.529 48.355
93 466 9.652 48.355
175 470 18.162 48.770
172 470 17.851 48.770
168 470 17.435 48.770
253 474 26.256 49.185
256 478 26.567 49.599
152 496 15.775 51.466
122 496 12.661 51.466
154 499 15.982 51.777
200 528 20.755 54.785
447 551 46.383 57.172
215 551 22.314 57.172
279 551 28.954 57.172
368 556 38.185 57.691
447 561 46.383 58.210
355 565 36.837 58.625
470 565 48.770 58.625
528 565 54.785 58.625
425 568 44.100 58.937
355 571 36.837 59.248
316 576 32.792 59.767
355 576 36.837 59.767
326 580 33.829 60.182
97 598 10.067 62.049
313 602 32.481 62.464
343 606 35.592 62.880
313 606 32.481 62.880
360 606 37.356 62.880
313 612 32.481 63.503
266 622 27.604 64.541
309 622 32.066 64.541
168 693 17.435 71.905
302 711 31.340 73.773
262 713 27.189 73.981
292 713 30.303 73.981
285 715 29.576 74.188
276 715 28.642 74.188
306 718 31.755 74.500
279 718 28.954 74.500
336 721 34.866 74.812
309 724 32.066 75.123
219 724 22.729 75.123
350 724 36.318 75.123
147 763 15.256 79.167
703 779 72.942 80.826
703 796 72.942 82.589
279 831 28.954 86.218
302 831 31.340 86.218
295 834 30.614 86.529
622 850 64.541 88.189
651 856 67.547 88.814
819 1007 84.974 104.478
486 1087 50.429 112.776
798 1091 82.797 113.191
447 1091 46.383 113.191
528 1091 54.785 113.191
