10 65 1.037 6.743
9 67 0.933 6.951
20 69 2.074 7.158
12 71 1.244 7.366
16 73 1.659 7.573
33 75 3.422 7.780
28 77 2.903 7.988
22 80 2.281 8.299
12 80 1.244 8.299
33 80 3.422 8.299
14 83 1.451 8.610
20 86 2.074 8.921
1 86 0.104 8.921
10 86 1.037 8.921
16 89 1.659 9.232
9 92 0.933 9.542
20 95 2.074 9.853
1 95 0.104 9.853
18 97 1.866 10.060
12 99 1.244 10.268
28 99 2.903 10.268
2 99 0.207 10.268
20 102 2.074 10.579
48 104 4.979 10.786
56 104 5.809 10.786
26 104 2.696 10.786
10 106 1.037 10.994
22 106 2.281 10.994
52 106 5.394 10.994
48 108 4.979 11.201
65 110 6.743 11.408
5 110 0.520 11.408
24 112 2.488 11.616
28 115 2.903 11.927
10 115 1.037 11.927
46 117 4.771 12.135
30 120 3.110 12.445
17 123 1.763 12.757
5 126 0.520 13.068
14 128 1.451 13.275
36 128 3.733 13.275
73 128 7.573 13.275
28 131 2.903 13.586
10 131 1.037 13.586
48 133 4.979 13.793
52 135 5.394 14.001
4 137 0.415 14.208
22 140 2.281 14.519
30 143 3.110 14.830
12 143 1.244 14.830
56 145 5.809 15.037
69 147 7.158 15.245
10 147 1.037 15.245
62 150 6.432 15.556
33 150 3.422 15.556
54 150 5.602 15.556
69 152 7.158 15.763
58 154 6.017 15.971
60 156 6.225 16.178
40 158 4.148 16.386
60 160 6.225 16.593
67 160 6.951 16.593
16 162 1.659 16.801
40 162 4.148 16.801
9 162 0.933 16.801
9 164 0.933 17.008
26 164 2.696 17.008
36 166 3.733 17.216
80 166 8.299 17.216
5 166 0.520 17.216
77 168 7.988 17.423
7 168 0.726 17.423
52 170 5.394 17.631
7 172 0.726 17.838
44 174 4.563 18.045
26 176 2.696 18.253
24 178 2.488 18.460
73 180 7.573 18.667
52 182 5.394 18.875
104 182 10.786 18.875
69 182 7.158 18.875
89 184 9.232 19.082
115 194 11.927 20.119
16 200 1.659 20.741
14 201 1.451 20.844
20 203 2.074 21.052
33 205 3.422 21.259
65 205 6.743 21.259
12 207 1.244 21.466
154 212 15.971 21.985
120 220 12.445 22.814
112 222 11.616 23.021
62 222 6.432 23.021
44 222 4.563 23.021
112 225 11.616 23.332
44 225 4.563 23.332
92 225 9.542 23.332
154 228 15.971 23.643
158 230 16.386 23.850
196 232 20.326 24.057
152 234 15.763 24.265
128 236 13.275 24.472
188 236 19.497 24.472
20 236 2.074 24.472
150 236 15.556 24.472
178 238 18.460 24.679
135 241 14.001 24.990
199 243 20.637 25.197
133 243 13.793 25.197
135 246 14.001 25.508
162 249 16.801 25.819
75 249 7.780 25.819
77 254 7.988 26.337
56 254 5.809 26.337
104 256 10.786 26.545
69 258 7.158 26.752
108 258 11.201 26.752
33 260 3.422 26.959
71 293 7.366 30.383
83 295 8.610 30.590
99 295 10.268 30.590
12 297 1.244 30.798
120 297 12.445 30.798
158 307 16.386 31.835
194 307 20.119 31.835
203 308 21.052 31.939
174 308 18.045 31.939
150 310 15.556 32.146
162 310 16.801 32.146
172 342 17.838 35.463
135 343 14.001 35.567
106 344 10.994 35.670
170 344 17.631 35.670
62 350 6.432 36.292
199 352 20.637 36.500
174 352 18.045 36.500
176 352 18.253 36.500
178 353 18.460 36.603
194 353 20.119 36.603
140 354 14.519 36.707
199 359 20.637 37.225
186 359 19.290 37.225
186 361 19.290 37.433
243 361 25.197 37.433
230 361 23.850 37.433
243 364 25.197 37.744
176 371 18.253 38.469
178 373 18.460 38.677
147 375 15.245 38.884
186 376 19.290 38.988
154 382 15.971 39.610
117 382 12.135 39.610
164 384 17.008 39.817
170 385 17.631 39.921
108 385 11.201 39.921
180 387 18.667 40.128
150 387 15.556 40.128
201 387 20.844 40.128
150 389 15.556 40.336
182 389 18.875 40.336
198 389 20.534 40.336
115 389 11.927 40.336
201 391 20.844 40.543
184 393 19.082 40.751
200 393 20.741 40.751
170 395 17.631 40.958
178 397 18.460 41.166
168 399 17.423 41.373
150 401 15.556 41.581
170 403 17.631 41.788
52 409 5.394 42.411
75 411 7.780 42.618
128 411 13.275 42.618
108 411 11.201 42.618
58 411 6.017 42.618
145 411 15.037 42.618
62 414 6.432 42.930
178 425 18.460 44.070
188 445 19.497 46.144
201 445 20.844 46.144
205 445 21.259 46.144
241 448 24.990 46.455
246 448 25.508 46.455
387 472 40.128 48.941
28 482 2.903 49.977
429 484 44.485 50.184
431 486 44.692 50.392
429 488 44.485 50.599
200 490 20.741 50.806
54 498 5.602 51.634
384 549 39.817 56.926
417 558 43.241 57.859
393 581 40.751 60.245
403 599 41.788 62.111
422 599 43.759 62.111
364 601 37.744 62.318
312 603 32.354 62.526
306 603 31.731 62.526
180 622 18.667 64.496
198 622 20.534 64.496
482 638 49.977 66.155
595 714 61.696 74.035
170 725 17.631 75.176
150 728 15.556 75.487
364 779 37.744 80.774
651 819 67.503 84.921
628 821 65.118 85.128
71 957 7.366 99.231
162 960 16.801 99.541
106 963 10.994 99.853
133 963 13.793 99.853
451 967 46.766 100.267
488 971 50.599 100.682
463 971 48.009 100.682
470 971 48.734 100.682
827 993 85.750 102.963
547 999 56.719 103.585
186 1054 19.290 109.288
180 1058 18.667 109.704
238 1061 24.679 110.015
172 1061 17.838 110.015
89 1061 9.232 110.015
205 1061 21.259 110.015
913 1071 94.664 111.052
205 1217 21.259 126.192
182 1220 18.875 126.503
201 1276 20.844 132.309
228 1276 23.643 132.309
10 1372 1.037 142.268
891 1398 92.386 144.965
648 1512 67.192 156.787
46 1518 4.771 157.410
609 1580 63.148 163.840
1492 1629 154.714 168.921
305 1667 31.627 172.863
384 1670 39.817 173.174
1173 1719 121.629 178.255
1226 1719 127.125 178.255
1745 1817 180.952 188.421
409 1825 42.411 189.251
427 1830 44.278 189.770
1119 2035 116.030 211.033
1186 2035 122.977 211.033
1099 2038 113.955 211.345
1170 2038 121.318 211.345
1137 2038 117.896 211.345
1143 2069 118.519 214.561
1179 2072 122.252 214.872
1071 2074 111.052 215.079
1214 2104 125.881 218.190
1139 2106 118.104 218.397
1214 2106 125.881 218.397
1201 2108 124.533 218.605
1223 2108 126.814 218.605
1115 2108 115.615 218.605
1141 2111 118.311 218.916
1212 2113 125.674 219.123
825 2121 85.543 219.952
1145 2122 118.726 220.056
1186 2124 122.977 220.264
67 2147 6.951 222.649
597 2168 61.904 224.826
636 2171 65.948 225.137
957 2183 99.231 226.382
112 2209 11.616 229.078
2130 2227 220.886 230.945
389 2227 40.336 230.945
2088 2322 216.531 240.794
2033 2324 210.825 241.002
2077 2324 215.390 241.002
2045 2326 212.071 241.209
465 2365 48.216 245.252
417 2367 43.241 245.460
2104 2410 218.190 249.918
2121 2410 219.952 249.918
225 2443 23.332 253.341
2352 2449 243.905 253.963
2095 2459 217.257 255.000
2097 2461 217.464 255.207
2342 2470 242.868 256.141
2425 2471 251.474 256.245
2419 2472 250.851 256.349
2340 2472 242.661 256.349
2413 2480 250.229 257.179
2397 2481 248.570 257.282
2336 2481 242.246 257.282
2074 2589 215.079 268.484
2336 2589 242.246 268.484
2057 2592 213.316 268.794
2122 2595 220.056 269.105
2117 2598 219.538 269.416
2467 2619 255.831 271.594
2434 2622 252.407 271.904
2408 2625 249.711 272.216
2077 2672 215.390 277.096
2326 2685 241.209 278.443
2179 2709 225.967 280.933
2402 2709 249.089 280.933
2119 2712 219.745 281.244
2318 2712 240.379 281.244
2035 2715 211.033 281.555
2137 2787 221.612 289.023
525 2884 54.435 299.082
2463 2951 255.415 306.032
2410 3047 249.918 315.989
2361 3047 244.838 315.989
2466 3048 255.726 316.092
2446 3050 253.652 316.300
2463 3050 255.415 316.300
2399 3052 248.778 316.507
2459 3054 255.000 316.715
2467 3056 255.831 316.922
2481 3058 257.282 317.130
2413 3061 250.229 317.441
2456 3061 254.689 317.441
2162 3114 224.204 322.939
2456 3187 254.689 330.511
2471 3187 256.245 330.511
2468 3190 255.934 330.822
2342 3257 242.868 337.771
2361 3257 244.838 337.771
2176 3289 225.656 341.090
2483 3385 257.490 351.049
2463 3388 255.415 351.360
2464 3391 255.519 351.671
2336 3587 242.246 372.002
2425 3587 251.474 372.002
2074 3674 215.079 381.024
2240 3674 232.294 381.024
2187 3676 226.797 381.232
3377 3718 350.219 385.586
2893 3773 300.015 391.290
3099 3773 321.382 391.290
3047 3773 315.989 391.290
2147 3790 222.649 393.053
2135 3815 221.404 395.648
2095 3818 217.257 395.959
2183 3821 226.382 396.270
2141 3821 222.026 396.270
2099 3824 217.672 396.580
2137 3826 221.612 396.787
2463 3829 255.415 397.098
2422 3829 251.163 397.098
2461 3831 255.207 397.305
2402 3842 249.089 398.446
2413 3865 250.229 400.831
2467 3867 255.831 401.038
2473 3869 256.452 401.245
2483 3885 257.490 402.904
2459 3887 255.000 403.111
2434 3887 252.407 403.111
2473 3887 256.452 403.111
2472 3890 256.349 403.422
2466 3892 255.726 403.630
2461 3894 255.207 403.837
2470 3894 256.141 403.837
2130 3999 220.886 414.724
2229 4001 231.152 414.931
2102 4003 217.983 415.138
2147 4003 222.649 415.138
3828 4006 396.994 415.449
3905 4008 404.978 415.656
1278 4008 132.517 415.656
3859 4011 400.209 415.968
2189 4050 227.004 420.012
10 4058 1.037 420.842
3538 4131 366.922 428.413
3698 4131 383.512 428.413
3747 4131 388.594 428.413
933 4203 96.741 435.884
936 4207 97.052 436.298
936 4210 97.052 436.610
943 4213 97.778 436.919
