12 71 1.244 7.366
16 73 1.659 7.573
6 75 0.622 7.780
24 78 2.488 8.092
5 78 0.520 8.092
33 81 3.422 8.403
3 81 0.311 8.403
10 81 1.037 8.403
28 84 2.903 8.714
10 87 1.037 9.025
24 87 2.488 9.025
26 87 2.696 9.025
1 87 0.104 9.025
20 90 2.074 9.335
22 93 2.281 9.646
20 95 2.074 9.853
1 95 0.104 9.853
40 95 4.148 9.853
18 97 1.866 10.060
12 99 1.244 10.268
38 99 3.940 10.268
2 99 0.207 10.268
20 102 2.074 10.579
28 102 2.903 10.579
46 104 4.771 10.786
56 104 5.809 10.786
10 106 1.037 10.994
20 106 2.074 10.994
52 106 5.394 10.994
58 108 6.017 11.201
58 110 6.017 11.408
5 110 0.520 11.408
4 113 0.415 11.720
28 113 2.903 11.720
16 113 1.659 11.720
28 115 2.903 11.927
10 115 1.037 11.927
1 118 0.104 12.238
20 118 2.074 12.238
30 120 3.110 12.445
17 123 1.763 12.757
5 126 0.520 13.068
36 128 3.733 13.275
10 131 1.037 13.586
28 131 2.903 13.586
73 131 7.573 13.586
48 133 4.979 13.793
71 135 7.366 14.001
52 135 5.394 14.001
69 135 7.158 14.001
4 137 0.415 14.208
44 139 4.563 14.415
50 142 5.186 14.726
30 142 3.110 14.726
56 145 5.809 15.037
67 145 6.951 15.037
71 147 7.366 15.245
10 147 1.037 15.245
62 150 6.432 15.556
54 150 5.602 15.556
60 152 6.225 15.763
58 154 6.017 15.971
60 156 6.225 16.178
90 158 9.335 16.386
60 160 6.225 16.593
87 162 9.025 16.801
26 164 2.696 17.008
81 166 8.403 17.216
5 166 0.520 17.216
36 166 3.733 17.216
17 168 1.763 17.423
6 168 0.622 17.423
38 168 3.940 17.423
52 170 5.394 17.631
16 172 1.659 17.838
36 174 3.733 18.045
26 176 2.696 18.253
24 178 2.488 18.460
73 180 7.573 18.667
8 182 0.829 18.875
52 182 5.394 18.875
104 182 10.786 18.875
10 184 1.037 19.082
3 186 0.311 19.290
8 188 0.829 19.497
106 194 10.994 20.119
120 196 12.445 20.326
73 198 7.573 20.534
50 198 5.186 20.534
18 199 1.866 20.637
67 199 6.951 20.637
16 200 1.659 20.741
58 201 6.017 20.844
78 203 8.092 21.052
20 203 2.074 21.052
162 205 16.801 21.259
104 213 10.786 22.088
87 214 9.025 22.192
52 214 5.394 22.192
123 214 12.757 22.192
33 215 3.422 22.296
90 216 9.335 22.399
110 221 11.408 22.917
90 221 9.335 22.917
133 221 13.793 22.917
156 224 16.178 23.228
133 227 13.793 23.539
65 230 6.743 23.850
133 230 13.793 23.850
154 230 15.971 23.850
33 232 3.422 24.057
48 234 4.979 24.265
36 234 3.733 24.265
178 238 18.460 24.679
162 249 16.801 25.819
75 249 7.780 25.819
62 252 6.432 26.130
135 265 14.001 27.478
154 265 15.971 27.478
133 267 13.793 27.685
201 267 20.844 27.685
95 267 9.853 27.685
126 269 13.068 27.893
190 269 19.704 27.893
196 269 20.326 27.893
147 292 15.245 30.279
192 292 19.912 30.279
168 292 17.423 30.279
168 294 17.423 30.487
139 307 14.415 31.835
194 307 20.119 31.835
196 308 20.326 31.939
174 308 18.045 31.939
294 338 30.487 35.049
135 343 14.001 35.567
156 344 16.178 35.670
170 344 17.631 35.670
205 345 21.259 35.774
213 346 22.088 35.878
246 347 25.508 35.981
218 347 22.607 35.981
174 352 18.045 36.500
199 352 20.637 36.500
176 352 18.253 36.500
214 358 22.192 37.122
162 360 16.801 37.329
190 360 19.704 37.329
170 360 17.631 37.329
168 363 17.423 37.640
156 366 16.178 37.951
201 368 20.844 38.158
164 368 17.008 38.158
152 370 15.763 38.366
207 372 21.466 38.573
180 372 18.667 38.573
106 372 10.994 38.573
249 374 25.819 38.781
194 376 20.119 38.988
201 377 20.844 39.092
108 377 11.201 39.092
128 377 13.275 39.092
216 377 22.399 39.092
150 378 15.556 39.195
190 378 19.704 39.195
154 379 15.971 39.299
158 380 16.386 39.403
154 382 15.971 39.610
75 382 7.780 39.610
102 382 10.579 39.610
178 382 18.460 39.610
90 384 9.335 39.817
170 385 17.631 39.921
180 387 18.667 40.128
150 387 15.556 40.128
118 387 12.238 40.128
201 387 20.844 40.128
182 389 18.875 40.336
198 389 20.534 40.336
201 391 20.844 40.543
200 393 20.741 40.751
184 393 19.082 40.751
252 395 26.130 40.958
170 395 17.631 40.958
69 404 7.158 41.892
102 404 10.579 41.892
113 406 11.720 42.100
69 408 7.158 42.307
176 420 18.253 43.552
162 420 16.801 43.552
168 423 17.423 43.863
147 423 15.245 43.863
182 423 18.875 43.863
194 423 20.119 43.863
110 426 11.408 44.174
168 426 17.423 44.174
176 428 18.253 44.381
188 445 19.497 46.144
201 445 20.844 46.144
205 445 21.259 46.144
376 463 38.988 48.009
426 466 44.174 48.320
75 472 7.780 48.941
26 472 2.696 48.941
200 490 20.741 50.806
56 495 5.809 51.323
54 498 5.602 51.634
221 634 22.917 65.740
236 634 24.472 65.740
309 641 32.042 66.466
393 641 40.751 66.466
286 643 29.657 66.673
313 643 32.457 66.673
164 647 17.008 67.088
142 647 14.726 67.088
518 659 53.708 68.332
243 677 25.197 70.199
406 683 42.100 70.821
67 688 6.951 71.340
110 688 11.408 71.340
389 695 40.336 72.065
594 714 61.593 74.035
52 720 5.394 74.657
168 734 17.423 76.109
99 737 10.268 76.420
199 737 20.637 76.420
123 737 12.757 76.420
695 756 72.065 78.389
647 756 67.088 78.389
311 791 32.250 82.018
297 791 30.798 82.018
305 791 31.627 82.018
323 791 33.494 82.018
490 862 50.806 89.379
469 866 48.631 89.794
435 869 45.107 90.105
430 872 44.589 90.416
430 874 44.589 90.623
433 874 44.900 90.623
410 901 42.514 93.422
598 936 62.007 97.052
590 936 61.178 97.052
428 951 44.381 98.608
426 956 44.174 99.127
551 1110 57.134 115.096
466 1219 48.320 126.399
423 1219 43.863 126.399
249 1259 25.819 130.547
201 1261 20.844 130.754
1110 1326 115.096 137.499
1134 1326 117.585 137.499
1245 1326 129.095 137.499
1141 1329 118.311 137.810
1124 1329 116.548 137.810
882 1395 91.453 144.654
891 1398 92.386 144.965
541 1408 56.096 146.003
1202 1452 124.637 150.566
48 1455 4.979 150.877
1253 1455 129.924 150.877
65 1455 6.743 150.877
1199 1455 124.326 150.877
1288 1455 133.554 150.877
36 1459 3.733 151.292
1225 1459 127.021 151.292
26 1527 2.696 158.343
655 1617 67.918 167.677
567 1617 58.792 167.677
581 1617 60.245 167.677
649 1619 67.295 167.885
674 1622 69.888 168.196
305 1667 31.627 172.863
384 1670 39.817 173.174
194 1702 20.119 176.493
201 1838 20.844 190.600
1177 2072 122.044 214.872
474 2083 49.148 216.013
488 2086 50.599 216.324
1139 2106 118.104 218.397
1219 2106 126.399 218.397
1245 2108 129.095 218.605
1213 2108 125.777 218.605
172 2206 17.838 228.768
115 2209 11.927 229.078
461 2217 47.802 229.908
433 2217 44.900 229.908
2147 2278 222.649 236.233
2183 2280 226.382 236.440
2137 2302 221.612 238.721
1153 2308 119.555 239.343
2156 2402 223.582 249.089
2108 2402 218.605 249.089
2152 2402 223.167 249.089
2183 2405 226.382 249.400
2117 2408 219.538 249.711
2124 2408 220.264 249.711
2104 2410 218.190 249.918
2121 2410 219.952 249.918
2130 2412 220.886 250.125
2137 2414 221.612 250.333
2108 2456 218.605 254.689
2095 2459 217.257 255.000
2102 2459 217.983 255.000
2133 2461 221.197 255.207
2097 2461 217.464 255.207
2417 2469 250.644 256.037
2417 2470 250.644 256.141
2417 2471 250.644 256.245
2340 2472 242.661 256.349
2099 2509 217.672 260.186
2176 2509 225.656 260.186
2239 2509 232.190 260.186
2200 2526 228.145 261.949
120 2542 12.445 263.608
164 2542 17.008 263.608
2461 2576 255.207 267.139
1197 2596 124.118 269.209
1170 2596 121.318 269.209
2476 2619 256.764 271.594
2115 2742 219.330 284.357
533 2852 55.265 295.763
2187 2871 226.797 297.733
2179 2924 225.967 303.232
2447 2947 253.755 305.617
2502 2949 259.460 305.824
2476 2949 256.764 305.824
2481 2949 257.282 305.824
2104 3016 218.190 312.773
2133 3034 221.197 314.640
2227 3034 230.945 314.640
2111 3034 218.916 314.640
2097 3036 217.464 314.847
2200 3046 228.145 315.885
2350 3062 243.697 317.545
2088 3062 216.531 317.545
2390 3062 247.845 317.545
2262 3062 234.574 317.545
2108 3110 218.605 322.524
2137 3112 221.612 322.732
2080 3264 215.702 338.497
2470 3362 256.141 348.664
3046 3498 315.885 362.775
2476 3614 256.764 374.801
2350 3630 243.697 376.462
2429 3630 251.889 376.462
2181 3653 226.175 378.846
2072 3653 214.872 378.846
2074 3674 215.079 381.024
2187 3676 226.797 381.232
2305 3679 239.032 381.543
2168 3679 224.826 381.543
2363 3681 245.045 381.750
645 3775 66.881 391.497
2135 3815 221.404 395.648
2461 3831 255.207 397.305
2467 3867 255.831 401.038
2469 3889 256.037 403.319
2469 3891 256.037 403.526
2423 3891 251.267 403.526
2463 3893 255.415 403.733
2461 3896 255.207 404.045
2473 3896 256.452 404.045
2463 3898 255.415 404.252
3815 3959 395.648 410.577
2102 3975 217.983 412.236
2174 3977 225.449 412.443
2106 3980 218.397 412.754
2139 3982 221.819 412.962
3828 4006 396.994 415.449
3893 4006 403.733 415.449
3826 4008 396.787 415.656
3893 4008 403.733 415.656
3859 4011 400.209 415.968
2466 4074 255.726 422.505
939 4209 97.364 436.505
942 4212 97.675 436.815
946 4216 98.090 437.230
