7 83 0.725 8.622
13 85 1.347 8.830
23 88 2.387 9.141
19 91 1.971 9.453
7 93 0.725 9.660
13 95 1.347 9.869
13 97 1.347 10.075
33 99 3.427 10.282
19 101 1.971 10.490
33 103 3.427 10.697
23 106 2.387 11.009
7 108 0.725 11.216
33 110 3.427 11.424
43 112 4.468 11.631
7 112 0.725 11.631
26 114 2.699 11.839
23 116 2.387 12.046
30 118 3.115 12.254
7 120 0.725 12.461
69 123 7.168 12.772
45 123 4.676 12.772
6 126 0.622 13.083
19 126 1.971 13.083
13 129 1.347 13.394
36 131 3.742 13.602
67 131 6.960 13.602
7 134 0.725 13.913
54 134 5.610 13.913
7 136 0.725 14.120
48 138 4.986 14.328
51 141 5.298 14.639
65 141 6.753 14.639
33 144 3.427 14.950
23 146 2.387 15.157
48 146 4.986 15.157
54 146 5.610 15.157
61 148 6.337 15.365
80 148 8.310 15.365
13 148 1.347 15.365
80 150 8.310 15.573
13 153 1.347 15.884
23 153 2.387 15.884
6 156 0.622 16.196
67 156 6.960 16.196
43 159 4.468 16.507
30 162 3.115 16.819
69 162 7.168 16.819
118 166 12.254 17.234
69 169 7.168 17.546
57 169 5.921 17.546
134 172 13.913 17.857
88 175 9.141 18.168
110 175 11.424 18.168
65 175 6.753 18.168
156 179 16.196 18.583
131 179 13.602 18.583
48 189 4.986 19.620
88 191 9.141 19.828
39 192 4.051 19.932
95 192 9.869 19.932
26 192 2.699 19.932
30 193 3.115 20.036
72 193 7.479 20.036
7 194 0.725 20.140
43 196 4.468 20.347
51 196 5.298 20.347
123 199 12.772 20.659
6 199 0.622 20.659
118 210 12.254 21.800
138 211 14.328 21.904
118 222 12.254 23.046
67 224 6.960 23.254
93 226 9.660 23.462
74 228 7.687 23.669
136 230 14.120 23.877
67 230 6.960 23.877
74 232 7.687 24.085
136 234 14.120 24.293
106 234 11.009 24.293
74 234 7.687 24.293
95 236 9.869 24.500
112 236 11.631 24.500
51 237 5.298 24.604
162 237 16.819 24.604
7 237 0.725 24.604
93 237 9.660 24.604
43 238 4.468 24.708
136 238 14.120 24.708
118 238 12.254 24.708
80 238 8.310 24.708
48 240 4.986 24.916
88 241 9.141 25.019
95 242 9.869 25.123
80 244 8.310 25.331
76 245 7.895 25.434
61 246 6.337 25.538
179 255 18.583 26.471
179 256 18.583 26.575
129 257 13.394 26.679
193 267 20.036 27.718
211 268 21.904 27.821
194 268 20.140 27.821
192 270 19.932 28.029
194 271 20.140 28.133
194 272 20.140 28.237
162 273 16.819 28.340
189 273 19.620 28.340
210 276 21.800 28.651
138 276 14.328 28.651
238 287 24.708 29.792
194 289 20.140 29.999
172 291 17.857 30.207
85 299 8.830 31.037
43 301 4.468 31.244
150 301 15.573 31.244
126 301 13.083 31.244
6 301 0.622 31.244
23 303 2.387 31.452
67 303 6.960 31.452
126 303 13.083 31.452
13 305 1.347 31.659
236 319 24.500 33.111
172 323 17.857 33.526
271 326 28.133 33.837
45 347 4.676 36.016
148 347 15.365 36.016
63 350 6.546 36.327
26 353 2.699 36.638
112 356 11.631 36.950
41 358 4.259 37.157
110 358 11.424 37.157
19 358 1.971 37.157
262 375 27.198 38.921
305 375 31.659 38.921
258 375 26.783 38.921
175 378 18.168 39.232
205 381 21.282 39.544
267 381 27.718 39.544
254 390 26.368 40.478
272 390 28.237 40.478
234 393 24.293 40.789
238 393 24.708 40.789
259 396 26.887 41.100
291 396 30.207 41.100
244 396 25.331 41.100
226 396 23.462 41.100
295 400 30.622 41.515
268 420 27.821 43.591
254 424 26.368 44.006
211 424 21.904 44.006
187 428 19.413 44.422
331 428 34.355 44.422
323 437 33.526 45.354
256 440 26.575 45.666
347 440 36.016 45.666
270 440 28.029 45.666
367 440 38.091 45.666
248 443 25.745 45.977
234 443 24.293 45.977
179 443 18.583 45.977
213 446 22.111 46.288
285 449 29.584 46.599
237 449 24.604 46.599
268 452 27.821 46.910
289 452 29.999 46.910
281 452 29.170 46.910
258 452 26.783 46.910
313 455 32.489 47.222
293 455 30.414 47.222
358 458 37.157 47.533
410 461 42.554 47.844
276 461 28.651 47.844
356 461 36.950 47.844
285 461 29.584 47.844
342 463 35.497 48.052
344 465 35.704 48.260
393 465 40.789 48.260
375 465 38.921 48.260
303 468 31.452 48.571
367 468 38.091 48.571
279 468 28.962 48.571
283 471 29.377 48.883
367 471 38.091 48.883
273 471 28.340 48.883
213 474 22.111 49.194
378 481 39.232 49.920
358 481 37.157 49.920
295 481 30.622 49.920
331 481 34.355 49.920
435 495 45.148 51.373
393 495 40.789 51.373
267 495 27.718 51.373
287 495 29.792 51.373
350 499 36.327 51.788
446 501 46.288 51.995
433 501 44.940 51.995
420 503 43.591 52.202
446 505 46.288 52.410
446 508 46.288 52.722
407 524 42.242 54.381
435 524 45.148 54.381
281 524 29.170 54.381
347 556 36.016 57.704
404 556 41.931 57.704
424 556 44.006 57.704
393 558 40.789 57.912
463 560 48.052 58.119
378 560 39.232 58.119
226 572 23.462 59.364
267 576 27.718 59.779
244 576 25.331 59.779
228 576 23.669 59.779
199 576 20.659 59.779
261 580 27.094 60.195
262 595 27.198 61.752
285 595 29.584 61.752
196 595 20.347 61.752
358 607 37.157 62.997
293 610 30.414 63.308
375 699 38.921 72.543
358 699 37.157 72.543
446 701 46.288 72.750
424 701 44.006 72.750
541 723 56.146 75.033
265 734 27.510 76.173
238 737 24.708 76.484
268 737 27.821 76.484
556 742 57.704 77.003
433 749 44.940 77.728
499 749 51.788 77.728
360 782 37.365 81.151
209 785 21.697 81.462
367 816 38.091 84.678
524 832 54.381 86.338
443 834 45.977 86.545
353 838 36.638 86.960
396 838 41.100 86.960
311 841 32.281 87.271
371 841 38.506 87.271
410 841 42.554 87.271
276 844 28.651 87.582
262 844 27.198 87.582
344 844 35.704 87.582
238 921 24.708 95.572
293 921 30.414 95.572
305 925 31.659 95.988
238 1008 24.708 104.608
156 1012 16.196 105.023
247 1012 25.642 105.023
514 1059 53.344 109.900
541 1059 56.146 109.900
617 1061 64.034 110.107
458 1061 47.533 110.107
638 1061 66.212 110.107
554 1097 57.497 113.843
633 1097 65.694 113.843
484 1102 50.231 114.363
431 1209 44.732 125.469
563 1209 58.430 125.469
57 1265 5.921 131.278
1148 1280 119.141 132.833
1144 1283 118.725 133.144
857 1300 88.930 134.907
1263 1339 131.070 138.952
1151 1339 119.452 138.952
1090 1339 113.116 138.952
803 1367 83.329 141.857
207 1466 21.489 152.124
240 1468 24.916 152.332
238 1554 24.708 161.260
26 1586 2.699 164.579
