276 529 1413394895.406 1413394908.356
376 543 1413394900.406 1413394909.056
363 572 1413394899.756 1413394910.506
363 593 1413394899.756 1413394911.556
256 710 1413394894.406 1413394918.056
593 711 1413394911.556 1413394918.156
329 712 1413394898.056 1413394918.256
529 712 1413394908.356 1413394918.256
265 714 1413394894.856 1413394918.456
363 714 1413394899.756 1413394918.456
229 715 1413394893.056 1413394918.556
276 715 1413394895.406 1413394918.556
260 717 1413394894.606 1413394918.756
624 719 1413394913.106 1413394918.956
637 720 1413394913.756 1413394919.056
243 721 1413394893.756 1413394919.156
229 722 1413394893.056 1413394919.256
363 722 1413394899.756 1413394919.256
265 724 1413394894.856 1413394919.456
260 725 1413394894.606 1413394919.556
721 881 1413394919.156 1413394930.006
703 894 1413394917.356 1413394930.656
719 894 1413394918.956 1413394930.656
721 921 1413394919.156 1413394932.006
727 921 1413394919.756 1413394932.006
719 923 1413394918.956 1413394932.106
726 924 1413394919.656 1413394932.156
717 934 1413394918.756 1413394932.656
726 943 1413394919.656 1413394933.106
717 943 1413394918.756 1413394933.106
726 949 1413394919.656 1413394933.406
717 955 1413394918.756 1413394933.706
710 960 1413394918.056 1413394933.956
719 1009 1413394918.956 1413394936.606
710 1010 1413394918.056 1413394936.706
720 1011 1413394919.056 1413394936.806
712 1012 1413394918.256 1413394936.906
721 1034 1413394919.156 1413394938.956
719 1038 1413394918.956 1413394939.356
972 1038 1413394934.556 1413394939.356
698 1041 1413394916.856 1413394939.656
968 1044 1413394934.356 1413394939.956
714 1047 1413394918.456 1413394940.256
968 1047 1413394934.356 1413394940.256
698 1050 1413394916.856 1413394940.556
694 1052 1413394916.606 1413394940.756
989 1053 1413394935.406 1413394940.856
1000 1054 1413394935.956 1413394940.956
430 1058 1413394903.256 1413394941.206
703 1060 1413394917.356 1413394941.406
721 1060 1413394919.156 1413394941.406
989 1061 1413394935.406 1413394941.506
715 1061 1413394918.556 1413394941.506
989 1063 1413394935.406 1413394941.706
426 1063 1413394902.906 1413394941.706
430 1068 1413394903.256 1413394941.956
1000 1075 1413394935.956 1413394942.306
714 1075 1413394918.456 1413394942.306
698 1079 1413394916.856 1413394942.506
697 1083 1413394916.756 1413394942.706
483 1087 1413394906.056 1413394942.906
543 1092 1413394909.056 1413394943.156
543 1106 1413394909.056 1413394943.856
363 1116 1413394899.756 1413394944.356
1007 1126 1413394936.406 1413394944.856
712 1136 1413394918.256 1413394945.356
1013 1151 1413394937.006 1413394946.156
712 1164 1413394918.256 1413394947.356
715 1165 1413394918.556 1413394947.456
703 1167 1413394917.356 1413394947.656
703 1170 1413394917.356 1413394947.956
203 1320 1413394891.756 1413394959.706
1288 1326 1413394958.106 1413394960.006
726 1330 1413394919.656 1413394960.206
721 1331 1413394919.156 1413394960.256
727 1332 1413394919.756 1413394960.306
721 1333 1413394919.156 1413394960.356
637 1360 1413394913.756 1413394961.706
924 1374 1413394932.156 1413394962.406
593 1411 1413394911.556 1413394964.256
529 1425 1413394908.356 1413394964.956
437 1493 1413394903.756 1413394968.356
437 1511 1413394903.756 1413394969.456
712 1534 1413394918.256 1413394971.756
1174 1536 1413394948.356 1413394971.956
430 1537 1413394903.256 1413394972.056
697 1538 1413394916.756 1413394972.156
1160 1538 1413394946.956 1413394972.156
697 1539 1413394916.756 1413394972.256
1164 1539 1413394947.356 1413394972.256
698 1540 1413394916.856 1413394972.356
1173 1541 1413394948.256 1413394972.456
1159 1542 1413394946.856 1413394972.556
697 1542 1413394916.756 1413394972.556
729 1547 1413394919.956 1413394973.006
1087 1563 1413394942.906 1413394973.806
1116 1572 1413394944.356 1413394974.256
1106 1581 1413394943.856 1413394974.706
129 1639 1413394888.056 1413394978.556
1288 1643 1413394958.106 1413394978.756
1295 1643 1413394958.456 1413394978.756
203 1649 1413394891.756 1413394979.056
211 1655 1413394892.156 1413394979.356
211 1659 1413394892.156 1413394979.556
1294 1663 1413394958.406 1413394979.756
218 1664 1413394892.506 1413394979.806
211 1665 1413394892.156 1413394979.856
203 1683 1413394891.756 1413394980.756
170 1690 1413394890.106 1413394981.106
229 1728 1413394893.056 1413394983.106
745 1733 1413394921.556 1413394983.606
717 1734 1413394918.756 1413394983.706
746 1735 1413394921.656 1413394983.806
725 1737 1413394919.556 1413394984.006
724 1740 1413394919.456 1413394984.306
743 1740 1413394921.356 1413394984.306
740 1753 1413394921.056 1413394985.606
726 1755 1413394919.656 1413394985.806
749 1757 1413394921.956 1413394986.006
743 1759 1413394921.356 1413394986.206
749 1759 1413394921.956 1413394986.206
748 1761 1413394921.856 1413394986.406
727 1762 1413394919.756 1413394986.506
727 1763 1413394919.756 1413394986.606
725 1764 1413394919.556 1413394986.706
727 1765 1413394919.756 1413394986.806
719 1765 1413394918.956 1413394986.806
722 1766 1413394919.256 1413394986.906
725 1767 1413394919.556 1413394987.006
725 1769 1413394919.556 1413394987.206
726 1770 1413394919.656 1413394987.306
726 1771 1413394919.656 1413394987.406
726 1773 1413394919.656 1413394987.606
727 1775 1413394919.756 1413394987.806
719 1775 1413394918.956 1413394987.806
714 1877 1413394918.456 1413394994.106
729 1879 1413394919.956 1413394994.206
731 1880 1413394920.156 1413394994.306
1017 1884 1413394937.306 1413394994.706
1161 1892 1413394947.056 1413394995.506
