374 529 1413394900.306 1413394908.356
283 561 1413394895.756 1413394909.956
283 593 1413394895.756 1413394911.556
252 710 1413394894.206 1413394918.056
329 710 1413394898.056 1413394918.056
593 711 1413394911.556 1413394918.156
241 711 1413394893.656 1413394918.156
241 713 1413394893.656 1413394918.356
329 720 1413394898.056 1413394919.056
304 720 1413394896.806 1413394919.056
229 721 1413394893.056 1413394919.156
646 722 1413394914.206 1413394919.256
241 722 1413394893.656 1413394919.256
258 724 1413394894.506 1413394919.456
593 724 1413394911.556 1413394919.456
283 725 1413394895.756 1413394919.556
733 962 1413394920.356 1413394934.056
718 962 1413394918.856 1413394934.056
714 967 1413394918.456 1413394934.306
710 1010 1413394918.056 1413394936.706
718 1011 1413394918.856 1413394936.806
698 1012 1413394916.856 1413394936.906
713 1012 1413394918.356 1413394936.906
726 1013 1413394919.656 1413394937.006
748 1014 1413394921.856 1413394937.106
720 1028 1413394919.056 1413394938.356
720 1029 1413394919.056 1413394938.456
726 1030 1413394919.656 1413394938.556
722 1031 1413394919.256 1413394938.656
720 1034 1413394919.056 1413394938.956
699 1037 1413394916.956 1413394939.256
698 1039 1413394916.856 1413394939.456
967 1041 1413394934.306 1413394939.656
415 1044 1413394902.356 1413394939.956
713 1044 1413394918.356 1413394939.956
714 1047 1413394918.456 1413394940.256
983 1049 1413394935.106 1413394940.456
429 1051 1413394903.156 1413394940.656
722 1051 1413394919.256 1413394940.656
694 1052 1413394916.606 1413394940.756
975 1052 1413394934.706 1413394940.756
713 1053 1413394918.356 1413394940.856
971 1054 1413394934.506 1413394940.956
1008 1054 1413394936.506 1413394940.956
474 1057 1413394905.606 1413394941.106
705 1064 1413394917.556 1413394941.756
951 1064 1413394933.506 1413394941.756
967 1069 1413394934.306 1413394942.006
699 1075 1413394916.956 1413394942.306
714 1075 1413394918.456 1413394942.306
698 1079 1413394916.856 1413394942.506
962 1079 1413394934.056 1413394942.506
697 1083 1413394916.756 1413394942.706
504 1087 1413394907.106 1413394942.906
504 1093 1413394907.106 1413394943.206
561 1106 1413394909.956 1413394943.856
561 1117 1413394909.956 1413394944.406
1007 1126 1413394936.406 1413394944.856
975 1136 1413394934.706 1413394945.356
714 1136 1413394918.456 1413394945.356
713 1164 1413394918.356 1413394947.356
715 1165 1413394918.556 1413394947.456
702 1167 1413394917.256 1413394947.656
710 1170 1413394918.056 1413394947.956
721 1173 1413394919.156 1413394948.256
727 1174 1413394919.756 1413394948.356
716 1174 1413394918.656 1413394948.356
726 1175 1413394919.656 1413394948.456
720 1176 1413394919.056 1413394948.556
728 1176 1413394919.856 1413394948.556
726 1280 1413394919.656 1413394957.706
727 1297 1413394919.756 1413394958.556
726 1301 1413394919.656 1413394958.756
728 1308 1413394919.856 1413394959.106
750 1330 1413394922.056 1413394960.206
726 1330 1413394919.656 1413394960.206
283 1399 1413394895.756 1413394963.656
422 1495 1413394902.706 1413394968.456
429 1512 1413394903.156 1413394969.556
699 1518 1413394916.956 1413394970.156
1176 1534 1413394948.556 1413394971.756
1174 1536 1413394948.356 1413394971.956
1151 1537 1413394946.156 1413394972.056
1174 1537 1413394948.356 1413394972.056
1160 1538 1413394946.956 1413394972.156
1161 1538 1413394947.056 1413394972.156
1164 1539 1413394947.356 1413394972.256
698 1540 1413394916.856 1413394972.356
1117 1563 1413394944.406 1413394973.806
1117 1573 1413394944.406 1413394974.306
728 1711 1413394919.856 1413394982.156
726 1732 1413394919.656 1413394983.506
745 1733 1413394921.556 1413394983.606
743 1746 1413394921.356 1413394984.906
747 1749 1413394921.756 1413394985.206
751 1749 1413394922.156 1413394985.206
751 1752 1413394922.156 1413394985.506
740 1753 1413394921.056 1413394985.606
750 1756 1413394922.056 1413394985.906
751 1756 1413394922.156 1413394985.906
749 1759 1413394921.956 1413394986.206
727 1760 1413394919.756 1413394986.306
748 1761 1413394921.856 1413394986.406
727 1762 1413394919.756 1413394986.506
727 1763 1413394919.756 1413394986.606
725 1764 1413394919.556 1413394986.706
727 1765 1413394919.756 1413394986.806
725 1766 1413394919.556 1413394986.906
722 1766 1413394919.256 1413394986.906
725 1767 1413394919.556 1413394987.006
722 1768 1413394919.256 1413394987.106
