374 529 1413394900.306 1413394908.356
283 561 1413394895.756 1413394909.956
283 593 1413394895.756 1413394911.556
561 1106 1413394909.956 1413394943.856
561 1117 1413394909.956 1413394944.406
702 1167 1413394917.256 1413394947.656
710 1170 1413394918.056 1413394947.956
283 1399 1413394895.756 1413394963.656
422 1495 1413394902.706 1413394968.456
429 1512 1413394903.156 1413394969.556
1117 1563 1413394944.406 1413394973.806
1117 1573 1413394944.406 1413394974.306
743 1746 1413394921.356 1413394984.906
747 1749 1413394921.756 1413394985.206
