34 138 3.525 14.309
42 140 4.354 14.516
78 142 8.086 14.723
42 145 4.354 15.034
92 145 9.538 15.034
80 149 8.293 15.449
58 149 6.013 15.449
78 152 8.086 15.760
102 152 10.577 15.760
25 157 2.592 16.278
42 157 4.354 16.278
31 162 3.214 16.797
42 166 4.354 17.212
14 169 1.452 17.523
58 171 6.013 17.730
38 171 3.939 17.730
44 173 4.562 17.937
92 173 9.538 17.937
10 176 1.037 18.249
38 176 3.939 18.249
55 179 5.702 18.560
68 182 7.050 18.870
38 184 3.939 19.078
73 187 7.568 19.389
42 192 4.354 19.907
92 192 9.538 19.907
40 197 4.147 20.424
78 202 8.086 20.942
34 206 3.525 21.355
14 233 1.452 24.160
28 237 2.903 24.575
80 241 8.293 24.989
44 241 4.562 24.989
14 241 1.452 24.989
14 243 1.452 25.196
82 243 8.501 25.196
36 243 3.732 25.196
73 243 7.568 25.196
14 246 1.452 25.507
14 249 1.452 25.818
14 253 1.452 26.233
78 259 8.086 26.855
80 277 8.293 28.722
82 289 8.501 29.965
44 296 4.562 30.690
52 301 5.391 31.209
85 305 8.812 31.623
47 309 4.873 32.038
40 312 4.147 32.349
243 332 25.196 34.423
227 338 23.538 35.045
265 338 27.477 35.045
192 338 19.907 35.045
259 341 26.855 35.356
259 344 26.855 35.667
259 347 26.855 35.978
259 351 26.855 36.393
237 355 24.575 36.808
259 361 26.855 37.430
265 368 27.477 38.156
265 374 27.477 38.777
259 380 26.855 39.399
265 387 27.477 40.125
259 392 26.855 40.644
265 394 27.477 40.851
246 396 25.507 41.058
259 398 26.855 41.266
259 405 26.855 41.991
265 413 27.477 42.819
341 423 35.356 43.854
265 423 27.477 43.854
269 432 27.891 44.787
269 436 27.891 45.203
301 436 31.209 45.203
322 436 33.386 45.203
237 436 24.575 45.203
246 440 25.507 45.619
269 440 27.891 45.619
396 445 41.058 46.138
396 449 41.058 46.554
265 453 27.477 46.969
396 453 41.058 46.969
233 453 24.160 46.969
405 458 41.991 47.488
265 462 27.477 47.902
259 466 26.855 48.317
305 470 31.623 48.731
265 470 27.477 48.731
249 474 25.818 49.146
277 491 28.722 50.909
413 491 42.819 50.909
233 491 24.160 50.909
265 494 27.477 51.220
241 496 24.989 51.427
269 496 27.891 51.427
269 499 27.891 51.738
405 502 41.991 52.049
351 502 36.393 52.049
396 505 41.058 52.360
233 505 24.160 52.360
269 509 27.891 52.775
243 509 25.196 52.775
413 511 42.819 52.982
259 511 26.855 52.982
312 511 32.349 52.982
405 512 41.991 53.086
259 513 26.855 53.190
361 514 37.430 53.293
305 515 31.623 53.397
405 515 41.991 53.397
227 515 23.538 53.397
265 516 27.477 53.501
265 517 27.477 53.604
326 518 33.801 53.708
312 518 32.349 53.708
344 518 35.667 53.708
259 523 26.855 54.226
322 523 33.386 54.226
249 533 25.818 55.263
237 533 24.575 55.263
413 569 42.819 58.994
265 569 27.477 58.994
405 579 41.991 60.032
265 579 27.477 60.032
462 589 47.902 61.070
265 607 27.477 62.932
347 607 35.978 62.932
259 608 26.855 63.036
265 611 27.477 63.347
305 614 31.623 63.657
249 631 25.818 65.420
259 634 26.855 65.731
296 634 30.690 65.731
398 637 41.266 66.042
374 637 38.777 66.042
355 640 36.808 66.353
405 640 41.991 66.353
265 640 27.477 66.353
249 642 25.818 66.560
396 642 41.058 66.560
396 644 41.058 66.767
265 644 27.477 66.767
466 647 48.317 67.078
398 650 41.266 67.389
265 653 27.477 67.700
413 655 42.819 67.908
259 655 26.855 67.908
462 657 47.902 68.115
265 657 27.477 68.115
405 657 41.991 68.115
241 675 24.989 69.981
269 678 27.891 70.292
241 678 24.989 70.292
265 688 27.477 71.328
227 690 23.538 71.536
396 690 41.058 71.536
277 690 28.722 71.536
227 692 23.538 71.743
246 692 25.507 71.743
413 695 42.819 72.054
394 698 40.851 72.365
243 701 25.196 72.676
241 704 24.989 72.987
259 706 26.855 73.194
305 706 31.623 73.194
361 706 37.430 73.194
361 708 37.430 73.401
227 708 23.538 73.401
265 710 27.477 73.609
405 710 41.991 73.609
405 711 41.991 73.713
277 711 28.722 73.713
259 712 26.855 73.816
249 714 25.818 74.023
413 715 42.819 74.127
265 715 27.477 74.127
309 716 32.038 74.231
253 717 26.233 74.334
280 718 29.032 74.438
259 721 26.855 74.749
669 764 69.359 79.208
514 764 53.293 79.208
277 786 28.722 81.489
317 788 32.867 81.696
243 790 25.196 81.903
241 792 24.989 82.110
243 795 25.196 82.421
296 795 30.690 82.421
259 797 26.855 82.629
259 799 26.855 82.836
512 804 53.086 83.355
509 807 52.775 83.666
413 811 42.819 84.080
466 811 48.317 84.080
650 811 67.389 84.080
449 815 46.554 84.495
296 815 30.690 84.495
413 819 42.819 84.909
326 823 33.801 85.324
380 823 39.399 85.324
243 856 25.196 88.745
269 859 27.891 89.056
396 861 41.058 89.264
259 861 26.855 89.264
259 863 26.855 89.471
259 865 26.855 89.678
413 867 42.819 89.886
249 867 25.818 89.886
259 868 26.855 89.989
396 870 41.058 90.197
265 874 27.477 90.611
413 874 42.819 90.611
243 878 25.196 91.026
65 908 6.739 94.135
273 916 28.306 94.965
296 920 30.690 95.379
280 920 29.032 95.379
296 924 30.690 95.794
338 924 35.045 95.794
273 949 28.306 98.382
192 955 19.907 99.003
312 955 32.349 99.003
187 960 19.389 99.522
470 1043 48.731 108.131
265 1043 27.477 108.131
197 1057 20.424 109.582
277 1058 28.722 109.686
284 1059 29.446 109.789
265 1060 27.477 109.893
202 1060 20.942 109.893
296 1060 30.690 109.893
788 1068 81.696 110.723
394 1075 40.851 111.449
269 1077 27.891 111.656
445 1077 46.138 111.656
394 1079 40.851 111.864
1093 1160 113.315 120.259
1112 1163 115.283 120.570
1073 1163 111.242 120.570
1071 1166 111.034 120.881
1081 1166 112.071 120.881
1063 1169 110.204 121.192
1049 1169 108.753 121.192
1023 1172 106.058 121.502
1059 1176 109.789 121.917
1025 1176 106.264 121.917
1091 1176 113.107 121.917
1041 1193 107.923 123.680
1112 1195 115.283 123.887
1033 1195 107.094 123.887
1033 1196 107.094 123.991
1132 1222 117.353 126.685
396 1276 41.058 132.290
269 1276 27.891 132.290
305 1276 31.623 132.290
265 1301 27.477 134.879
243 1301 25.196 134.879
259 1305 26.855 135.294
405 1309 41.991 135.708
233 1314 24.160 136.226
259 1314 26.855 136.226
289 1314 29.965 136.226
659 1317 68.322 136.537
512 1317 53.086 136.537
265 1317 27.477 136.537
301 1321 31.209 136.952
265 1338 27.477 138.714
487 1358 50.494 140.787
1093 1473 113.315 152.706
1085 1537 112.486 159.338
1041 1539 107.923 159.545
129 1574 13.376 163.172
129 1577 13.376 163.484
136 1580 14.101 163.796
136 1582 14.101 164.003
243 2483 25.196 257.394
494 2511 51.220 260.295
296 2565 30.690 265.893
280 2587 29.032 268.173
284 2705 29.446 280.411
273 2705 28.306 280.411
289 2709 29.965 280.825
2558 2709 265.167 280.825
608 2725 63.036 282.479
277 2748 28.722 284.863
280 2840 29.032 294.399
405 2840 41.991 294.399
277 2925 28.722 303.208
265 2927 27.477 303.415
2587 2927 268.173 303.415
2550 2929 264.338 303.623
280 2932 29.032 303.934
309 2932 32.038 303.934
322 2935 33.386 304.244
2539 2935 263.197 304.244
405 2958 41.991 306.628
405 2961 41.991 306.939
241 2986 24.989 309.535
269 2986 27.891 309.535
284 2986 29.446 309.535
405 3058 41.991 316.995
259 3058 26.855 316.995
259 3062 26.855 317.410
2452 3062 254.183 317.410
243 3066 25.196 317.824
405 3066 41.991 317.824
398 3068 41.266 318.031
396 3070 41.058 318.238
296 3070 30.690 318.238
237 3070 24.575 318.238
2452 3072 254.183 318.446
2452 3074 254.183 318.653
2452 3077 254.183 318.964
265 3081 27.477 319.379
413 3081 42.819 319.379
2452 3081 254.183 319.379
2452 3085 254.183 319.793
259 3089 26.855 320.208
2600 3254 269.520 337.308
241 3296 24.989 341.663
277 3299 28.722 341.974
2452 3346 254.183 346.842
259 3346 26.855 346.842
2449 3349 253.873 347.154
2452 3351 254.183 347.361
265 3351 27.477 347.361
396 3352 41.058 347.464
413 3354 42.819 347.672
265 3357 27.477 347.983
413 3357 42.819 347.983
259 3367 26.855 349.019
413 3367 42.819 349.019
2452 3380 254.183 350.368
2450 3390 253.976 351.405
2445 3398 253.459 352.233
2449 3401 253.873 352.543
405 3591 41.991 372.229
284 3591 29.446 372.229
396 3594 41.058 372.541
3354 3594 347.672 372.541
413 3594 42.819 372.541
265 3597 27.477 372.852
259 3597 26.855 372.852
265 3600 27.477 373.163
237 3600 24.575 373.163
259 3603 26.855 373.473
2452 3603 254.183 373.473
227 3606 23.538 373.784
396 3606 41.058 373.784
405 3608 41.991 373.992
265 3608 27.477 373.992
3403 3612 352.750 374.406
265 3612 27.477 374.406
347 3612 35.978 374.406
518 3617 53.708 374.925
3380 3617 350.368 374.925
2449 3620 253.873 375.236
2478 3622 256.875 375.443
2481 3622 257.186 375.443
253 3624 26.233 375.650
301 3624 31.209 375.650
305 3627 31.623 375.961
405 3627 41.991 375.961
265 3629 27.477 376.169
241 3629 24.989 376.169
289 3631 29.965 376.376
392 3631 40.644 376.376
2452 3633 254.183 376.583
396 3638 41.058 377.101
2478 3638 256.875 377.101
265 3638 27.477 377.101
413 3638 42.819 377.101
392 3642 40.644 377.516
2452 3646 254.183 377.931
413 3646 42.819 377.931
396 3646 41.058 377.931
396 3649 41.058 378.242
3403 3649 352.750 378.242
405 3652 41.991 378.553
3403 3654 352.750 378.760
246 3654 25.507 378.760
405 3654 41.991 378.760
301 3654 31.209 378.760
355 3654 36.808 378.760
3380 3657 350.368 379.071
249 3657 25.818 379.071
347 3659 35.978 379.278
3367 3659 349.019 379.278
3380 3669 350.368 380.314
2589 3679 268.380 381.346
398 3691 41.266 382.589
361 3691 37.430 382.589
3058 3699 316.995 383.423
413 3699 42.819 383.423
253 3699 26.233 383.423
301 3699 31.209 383.423
3398 3699 352.233 383.423
280 3705 29.032 384.047
222 3707 23.018 384.254
206 3707 21.355 384.254
3357 3753 347.983 389.023
305 3753 31.623 389.023
2449 3753 253.873 389.023
453 3753 46.969 389.023
3367 3787 349.019 392.547
3354 3790 347.672 392.858
3357 3796 347.983 393.480
3357 3800 347.983 393.894
3341 3805 346.324 394.412
259 3863 26.855 400.423
243 3866 25.196 400.734
2452 3866 254.183 400.734
269 3868 27.891 400.942
3403 3871 352.750 401.253
513 3891 53.190 403.326
326 3894 33.801 403.637
296 3894 30.690 403.637
347 3894 35.978 403.637
996 3928 103.259 407.161
977 3928 101.288 407.161
1095 3928 113.522 407.161
4056 4172 420.424 432.443
4083 4172 423.221 432.443
4069 4213 421.770 436.692
4070 4215 421.874 436.900
4116 4215 426.640 436.900
4085 4216 423.428 437.003
4092 4218 424.154 437.211
4129 4233 427.988 438.765
4094 4267 424.361 442.288
4067 4269 421.563 442.496
4159 4269 431.096 442.496
4085 4291 423.428 444.775
4053 4293 420.113 444.983
4054 4293 420.216 444.983
4020 4295 416.694 445.190
4096 4295 424.568 445.190
4083 4297 423.221 445.397
4053 4297 420.113 445.397
4127 4300 427.780 445.708
4196 4302 434.930 445.915
4122 4302 427.262 445.915
2535 4381 262.783 454.102
265 4381 27.477 454.102
206 4381 21.355 454.102
394 4381 40.851 454.102
3881 4389 402.289 454.932
3780 4389 391.821 454.932
3871 4389 401.253 454.932
3847 4392 398.765 455.244
259 4411 26.855 457.214
7 4457 0.726 461.978
10 4461 1.037 462.394
