128 576 1403638524.478 1403638546.878
128 596 1403638524.478 1403638547.878
468 616 1403638541.478 1403638548.878
150 635 1403638525.578 1403638549.828
238 655 1403638529.978 1403638550.828
163 655 1403638526.228 1403638550.828
231 669 1403638529.628 1403638551.528
125 672 1403638524.328 1403638551.678
183 675 1403638527.228 1403638551.828
421 675 1403638539.128 1403638551.828
232 683 1403638529.678 1403638552.228
325 698 1403638534.328 1403638552.978
86 708 1403638522.378 1403638553.478
231 708 1403638529.628 1403638553.478
86 712 1403638522.378 1403638553.678
235 712 1403638529.828 1403638553.678
468 716 1403638541.478 1403638553.878
252 716 1403638530.678 1403638553.878
183 722 1403638527.228 1403638554.178
421 722 1403638539.128 1403638554.178
86 722 1403638522.378 1403638554.178
154 729 1403638525.778 1403638554.528
183 736 1403638527.228 1403638554.878
125 738 1403638524.328 1403638554.978
233 742 1403638529.728 1403638555.178
183 743 1403638527.228 1403638555.228
86 743 1403638522.378 1403638555.228
125 745 1403638524.328 1403638555.328
418 746 1403638538.978 1403638555.378
448 746 1403638540.478 1403638555.378
488 748 1403638542.478 1403638555.478
86 751 1403638522.378 1403638555.628
231 752 1403638529.628 1403638555.678
232 753 1403638529.678 1403638555.728
231 755 1403638529.628 1403638555.828
128 758 1403638524.478 1403638555.978
231 762 1403638529.628 1403638556.178
150 765 1403638525.578 1403638556.328
150 767 1403638525.578 1403638556.428
163 768 1403638526.228 1403638556.478
83 768 1403638522.228 1403638556.478
232 770 1403638529.678 1403638556.578
150 773 1403638525.578 1403638556.728
144 775 1403638525.278 1403638556.828
150 778 1403638525.578 1403638556.978
232 780 1403638529.678 1403638557.078
150 782 1403638525.578 1403638557.178
232 784 1403638529.678 1403638557.278
235 787 1403638529.828 1403638557.428
150 789 1403638525.578 1403638557.528
150 790 1403638525.578 1403638557.578
144 792 1403638525.278 1403638557.678
83 797 1403638522.228 1403638557.928
128 797 1403638524.478 1403638557.928
231 798 1403638529.628 1403638557.978
419 799 1403638539.028 1403638558.028
448 800 1403638540.478 1403638558.078
152 802 1403638525.678 1403638558.178
82 803 1403638522.178 1403638558.228
468 803 1403638541.478 1403638558.228
419 803 1403638539.028 1403638558.228
144 804 1403638525.278 1403638558.278
235 804 1403638529.828 1403638558.278
252 804 1403638530.678 1403638558.278
150 806 1403638525.578 1403638558.378
418 806 1403638538.978 1403638558.378
488 807 1403638542.478 1403638558.428
183 809 1403638527.228 1403638558.528
240 809 1403638530.078 1403638558.528
488 812 1403638542.478 1403638558.678
144 812 1403638525.278 1403638558.678
183 816 1403638527.228 1403638558.878
502 816 1403638543.178 1403638558.878
448 816 1403638540.478 1403638558.878
655 818 1403638550.828 1403638558.978
125 824 1403638524.328 1403638559.278
669 824 1403638551.528 1403638559.278
669 828 1403638551.528 1403638559.478
669 835 1403638551.528 1403638559.828
125 835 1403638524.328 1403638559.828
683 841 1403638552.228 1403638560.128
488 845 1403638542.478 1403638560.328
655 848 1403638550.828 1403638560.478
712 850 1403638553.678 1403638560.578
154 853 1403638525.778 1403638560.728
672 853 1403638551.678 1403638560.728
522 856 1403638544.178 1403638560.878
775 857 1403638556.828 1403638560.928
712 858 1403638553.678 1403638560.978
784 858 1403638557.278 1403638560.978
792 861 1403638557.678 1403638561.128
716 881 1403638553.878 1403638562.128
716 901 1403638553.878 1403638563.128
683 921 1403638552.228 1403638564.128
828 921 1403638559.478 1403638564.128
797 931 1403638557.928 1403638564.628
828 931 1403638559.478 1403638564.628
729 931 1403638554.528 1403638564.628
828 933 1403638559.478 1403638564.728
125 947 1403638524.328 1403638565.428
576 951 1403638546.878 1403638565.628
418 951 1403638538.978 1403638565.628
163 951 1403638526.228 1403638565.628
736 956 1403638554.878 1403638565.878
816 970 1403638558.878 1403638566.578
738 1664 1403638554.978 1403638601.278
150 1666 1403638525.578 1403638601.378
576 1666 1403638546.878 1403638601.378
806 1666 1403638558.378 1403638601.378
722 1666 1403638554.178 1403638601.378
738 1676 1403638554.978 1403638601.878
675 1692 1403638551.828 1403638602.678
712 1695 1403638553.678 1403638602.828
742 1696 1403638555.178 1403638602.878
712 1696 1403638553.678 1403638602.878
712 1697 1403638553.678 1403638602.928
675 1700 1403638551.828 1403638603.078
698 1701 1403638552.978 1403638603.128
778 1705 1403638556.978 1403638603.328
712 1705 1403638553.678 1403638603.328
542 1719 1403638545.178 1403638604.028
716 1719 1403638553.878 1403638604.028
522 1727 1403638544.178 1403638604.428
683 1740 1403638552.228 1403638605.078
742 1751 1403638555.178 1403638605.628
669 1767 1403638551.528 1403638606.428
502 1772 1403638543.178 1403638606.678
241 1774 1403638530.128 1403638606.778
488 1774 1403638542.478 1403638606.778
1705 1804 1403638603.328 1403638608.278
1705 1807 1403638603.328 1403638608.428
858 1810 1403638560.978 1403638608.578
970 1812 1403638566.578 1403638608.678
1727 1814 1403638604.428 1403638608.778
845 1815 1403638560.328 1403638608.828
1676 1817 1403638601.878 1403638608.928
1705 1817 1403638603.328 1403638608.928
956 1817 1403638565.878 1403638608.928
845 1818 1403638560.328 1403638608.978
1676 1818 1403638601.878 1403638608.978
1697 1820 1403638602.928 1403638609.078
1692 1824 1403638602.678 1403638609.278
1701 1825 1403638603.128 1403638609.328
850 1827 1403638560.578 1403638609.428
858 1828 1403638560.978 1403638609.478
1719 1829 1403638604.028 1403638609.528
845 1830 1403638560.328 1403638609.578
841 1831 1403638560.128 1403638609.628
1700 1832 1403638603.078 1403638609.678
848 1833 1403638560.478 1403638609.728
858 1834 1403638560.978 1403638609.778
858 1835 1403638560.978 1403638609.828
1701 1837 1403638603.128 1403638609.928
1697 1840 1403638602.928 1403638610.078
861 1843 1403638561.128 1403638610.228
1696 1846 1403638602.878 1403638610.378
1701 1848 1403638603.128 1403638610.478
1701 1852 1403638603.128 1403638610.678
1660 1852 1403638601.078 1403638610.678
1755 1852 1403638605.828 1403638610.678
1696 1859 1403638602.878 1403638611.028
1755 1859 1403638605.828 1403638611.028
1676 1866 1403638601.878 1403638611.378
1660 1866 1403638601.078 1403638611.378
1696 1871 1403638602.878 1403638611.628
1666 1876 1403638601.378 1403638611.878
841 1876 1403638560.128 1403638611.878
861 1876 1403638561.128 1403638611.878
1719 1879 1403638604.028 1403638612.028
1696 1879 1403638602.878 1403638612.028
845 1886 1403638560.328 1403638612.378
818 1906 1403638558.978 1403638613.378
1758 1906 1403638605.978 1403638613.378
1692 1941 1403638602.678 1403638615.128
1656 1941 1403638600.878 1403638615.128
1664 1943 1403638601.278 1403638615.228
1758 1943 1403638605.978 1403638615.228
669 1943 1403638551.528 1403638615.228
1660 1945 1403638601.078 1403638615.328
1767 1949 1403638606.428 1403638615.528
1760 1953 1403638606.078 1403638615.728
655 1953 1403638550.828 1403638615.728
1660 1959 1403638601.078 1403638616.028
1781 1965 1403638607.128 1403638616.328
616 1969 1403638548.878 1403638616.528
421 1972 1403638539.128 1403638616.678
125 1974 1403638524.328 1403638616.778
1818 1974 1403638608.978 1403638616.778
542 1975 1403638545.178 1403638616.828
736 1977 1403638554.878 1403638616.928
502 1977 1403638543.178 1403638616.928
128 1978 1403638524.478 1403638616.978
669 1978 1403638551.528 1403638616.978
82 1980 1403638522.178 1403638617.078
152 1982 1403638525.678 1403638617.178
231 1985 1403638529.628 1403638617.328
542 1985 1403638545.178 1403638617.328
835 1986 1403638559.828 1403638617.378
1827 1986 1403638609.428 1403638617.378
231 1989 1403638529.628 1403638617.528
154 1989 1403638525.778 1403638617.528
233 1992 1403638529.728 1403638617.678
231 1996 1403638529.628 1403638617.878
163 1998 1403638526.228 1403638617.978
163 2000 1403638526.228 1403638618.078
125 2000 1403638524.328 1403638618.078
154 2001 1403638525.778 1403638618.128
502 2003 1403638543.178 1403638618.228
542 2009 1403638545.178 1403638618.528
161 2011 1403638526.128 1403638618.628
502 2011 1403638543.178 1403638618.628
1820 2016 1403638609.078 1403638618.878
421 2016 1403638539.128 1403638618.878
522 2016 1403638544.178 1403638618.878
848 2024 1403638560.478 1403638619.278
1705 2039 1403638603.328 1403638620.028
1859 2059 1403638611.028 1403638621.028
770 2079 1403638556.578 1403638622.028
468 2109 1403638541.478 1403638623.528
675 2130 1403638551.828 1403638624.578
468 2150 1403638541.478 1403638625.578
448 2170 1403638540.478 1403638626.578
