374 543 1413394900.306 1413394909.056
270 572 1413394895.106 1413394910.506
360 606 1413394899.606 1413394912.206
631 715 1413394913.456 1413394918.556
260 717 1413394894.606 1413394918.756
330 718 1413394898.106 1413394918.856
631 719 1413394913.456 1413394918.956
346 720 1413394898.906 1413394919.056
247 721 1413394893.956 1413394919.156
260 721 1413394894.606 1413394919.156
346 722 1413394898.906 1413394919.256
346 724 1413394898.906 1413394919.456
696 961 1413394916.706 1413394934.006
729 961 1413394919.956 1413394934.006
711 965 1413394918.156 1413394934.206
720 965 1413394919.056 1413394934.206
700 970 1413394917.056 1413394934.456
720 970 1413394919.056 1413394934.456
718 1010 1413394918.856 1413394936.706
718 1011 1413394918.856 1413394936.806
713 1012 1413394918.356 1413394936.906
726 1013 1413394919.656 1413394937.006
717 1014 1413394918.756 1413394937.106
715 1015 1413394918.556 1413394937.206
719 1016 1413394918.956 1413394937.256
720 1034 1413394919.056 1413394938.956
713 1037 1413394918.356 1413394939.256
741 1037 1413394921.156 1413394939.256
719 1037 1413394918.956 1413394939.256
698 1039 1413394916.856 1413394939.456
698 1041 1413394916.856 1413394939.656
713 1044 1413394918.356 1413394939.956
733 1047 1413394920.356 1413394940.256
714 1047 1413394918.456 1413394940.256
970 1054 1413394934.456 1413394940.956
991 1054 1413394935.506 1413394940.956
980 1058 1413394934.956 1413394941.206
980 1060 1413394934.956 1413394941.406
444 1060 1413394904.106 1413394941.406
697 1078 1413394916.756 1413394942.456
697 1083 1413394916.756 1413394942.706
288 1116 1413394896.006 1413394944.356
270 1124 1413394895.106 1413394944.756
223 1134 1413394892.756 1413394945.256
247 1134 1413394893.956 1413394945.256
1007 1134 1413394936.406 1413394945.256
1015 1154 1413394937.206 1413394946.356
713 1164 1413394918.356 1413394947.356
715 1165 1413394918.556 1413394947.456
703 1167 1413394917.356 1413394947.656
703 1170 1413394917.356 1413394947.956
721 1173 1413394919.156 1413394948.256
727 1174 1413394919.756 1413394948.356
726 1175 1413394919.656 1413394948.456
721 1175 1413394919.156 1413394948.456
720 1176 1413394919.056 1413394948.556
727 1281 1413394919.756 1413394957.756
717 1287 1413394918.756 1413394958.056
727 1287 1413394919.756 1413394958.056
726 1295 1413394919.656 1413394958.456
728 1296 1413394919.856 1413394958.506
720 1296 1413394919.056 1413394958.506
721 1308 1413394919.156 1413394959.106
719 1308 1413394918.956 1413394959.106
728 1308 1413394919.856 1413394959.106
260 1386 1413394894.606 1413394963.006
572 1398 1413394910.506 1413394963.606
543 1405 1413394909.056 1413394963.956
572 1411 1413394910.506 1413394964.256
529 1424 1413394908.356 1413394964.906
543 1442 1413394909.056 1413394965.806
477 1456 1413394905.756 1413394966.506
477 1471 1413394905.756 1413394967.256
454 1480 1413394904.606 1413394967.706
454 1481 1413394904.606 1413394967.756
477 1626 1413394905.756 1413394977.706
129 1633 1413394888.056 1413394978.256
129 1635 1413394888.056 1413394978.356
129 1638 1413394888.056 1413394978.506
142 1642 1413394888.706 1413394978.706
745 1733 1413394921.556 1413394983.606
743 1745 1413394921.356 1413394984.806
751 1749 1413394922.156 1413394985.206
748 1749 1413394921.856 1413394985.206
751 1752 1413394922.156 1413394985.506
751 1753 1413394922.156 1413394985.606
750 1756 1413394922.056 1413394985.906
751 1756 1413394922.156 1413394985.906
750 1759 1413394922.056 1413394986.206
727 1760 1413394919.756 1413394986.306
748 1761 1413394921.856 1413394986.406
726 1762 1413394919.656 1413394986.506
727 1763 1413394919.756 1413394986.606
725 1764 1413394919.556 1413394986.706
727 1765 1413394919.756 1413394986.806
722 1766 1413394919.256 1413394986.906
725 1767 1413394919.556 1413394987.006
722 1768 1413394919.256 1413394987.106
741 1769 1413394921.156 1413394987.206
727 1769 1413394919.756 1413394987.206
748 1770 1413394921.856 1413394987.306
726 1771 1413394919.656 1413394987.406
727 1772 1413394919.756 1413394987.506
