374 543 1413394900.306 1413394909.056
270 572 1413394895.106 1413394910.506
360 606 1413394899.606 1413394912.206
288 1116 1413394896.006 1413394944.356
713 1164 1413394918.356 1413394947.356
715 1165 1413394918.556 1413394947.456
703 1167 1413394917.356 1413394947.656
703 1170 1413394917.356 1413394947.956
720 1176 1413394919.056 1413394948.556
260 1386 1413394894.606 1413394963.006
572 1398 1413394910.506 1413394963.606
543 1405 1413394909.056 1413394963.956
572 1411 1413394910.506 1413394964.256
529 1424 1413394908.356 1413394964.906
543 1442 1413394909.056 1413394965.806
454 1480 1413394904.606 1413394967.706
454 1481 1413394904.606 1413394967.756
129 1633 1413394888.056 1413394978.256
129 1635 1413394888.056 1413394978.356
129 1638 1413394888.056 1413394978.506
142 1642 1413394888.706 1413394978.706
