6 33
7 34
7 42
1 43
9 45
11 46
9 47
6 48
2 49
11 50
6 51
15 53
7 55
2 57
17 57
9 58
6 59
6 60
2 62
5 62
5 63
6 64
13 66
2 68
4 70
6 72
11 73
6 74
4 75
9 76
6 78
4 78
11 79
6 80
7 81
17 82
9 83
7 84
13 85
26 85
13 86
13 87
17 88
11 88
11 89
5 90
4 91
22 92
9 94
6 96
30 98
17 99
13 99
6 100
13 101
17 102
29 103
13 104
22 105
13 107
17 109
22 110
6 110
2 111
7 112
13 113
9 114
1 114
24 115
8 116
6 117
8 118
9 119
22 120
8 121
20 122
5 123
6 124
4 125
11 126
28 126
11 127
7 128
22 128
33 129
11 129
15 130
38 131
8 131
42 131
13 132
20 133
11 133
22 134
50 134
58 134
6 134
6 135
25 135
27 136
20 137
20 138
11 139
33 139
37 140
20 140
37 141
48 141
8 142
48 142
24 143
42 144
26 144
13 145
24 147
30 148
20 148
26 149
38 150
6 150
25 151
51 152
33 153
45 153
22 154
25 154
6 154
24 155
31 156
22 156
24 157
33 157
24 158
6 159
25 159
6 160
30 160
26 161
22 162
8 162
45 163
17 163
35 168
26 168
42 169
22 170
30 170
123 175
17 175
43 175
120 176
6 177
46 177
127 185
51 185
116 186
29 187
34 187
113 187
57 187
118 188
62 188
57 188
46 189
132 189
17 189
118 189
118 190
15 190
17 191
128 192
7 193
72 194
27 194
118 195
9 196
36 197
114 197
17 197
149 200
105 201
117 201
103 202
11 206
175 247
168 249
168 255
168 266
168 267
165 268
167 269
212 322
231 323
213 324
247 325
224 326
219 326
253 327
250 328
260 329
222 329
224 330
250 330
234 331
219 331
235 333
219 333
219 334
231 334
232 335
219 335
249 336
260 337
217 337
260 338
224 339
235 339
218 340
232 341
224 342
258 347
268 348
245 349
242 350
237 350
228 350
265 351
265 352
222 353
224 355
274 355
274 356
255 357
268 357
258 358
232 360
274 360
263 360
280 360
255 360
265 361
260 361
255 362
268 362
254 363
226 364
275 364
297 364
235 364
268 365
275 366
272 366
269 366
228 367
276 367
275 367
224 368
268 368
273 370
236 371
276 372
272 372
266 378
219 379
234 381
282 382
232 383
267 384
300 385
302 386
287 387
231 387
224 387
234 388
300 388
269 389
302 389
234 390
301 390
299 391
287 391
236 393
268 393
298 393
302 393
268 394
299 394
231 394
269 395
277 395
268 395
265 395
300 396
282 396
297 396
267 398
299 399
306 399
299 400
234 400
218 400
299 401
301 402
287 402
295 403
304 403
287 404
268 405
282 407
318 407
330 408
289 409
334 409
324 410
266 411
301 412
276 412
299 412
267 412
279 412
302 412
288 412
336 418
337 424
315 425
315 427
281 427
345 428
275 429
231 429
269 429
231 430
330 430
334 431
346 431
231 431
292 432
334 434
339 435
330 435
329 436
351 437
334 437
337 438
338 439
343 439
339 440
337 441
345 442
308 448
288 449
301 449
326 449
274 451
329 451
288 451
296 451
255 451
331 452
263 452
276 452
353 453
320 453
325 453
329 453
274 454
287 456
303 456
330 457
335 457
325 457
339 457
307 457
331 458
286 458
289 458
269 459
267 460
276 460
320 460
331 460
314 461
357 462
339 462
346 463
351 463
382 464
345 465
357 465
382 466
376 467
273 468
338 468
344 468
342 470
333 470
350 470
358 470
329 471
224 471
273 472
281 472
293 472
322 472
381 472
327 472
284 473
373 473
228 474
269 474
273 474
319 475
295 476
384 476
338 477
224 478
242 478
293 478
376 479
355 479
222 479
286 479
222 480
345 481
358 481
347 481
337 481
219 482
219 483
335 483
240 483
228 484
237 484
296 484
370 484
276 484
230 485
348 487
342 487
328 488
358 488
409 488
382 488
235 488
414 488
224 489
382 489
224 491
341 492
224 492
381 492
346 493
232 493
222 493
346 494
224 494
382 496
317 496
226 496
270 497
293 497
410 498
402 498
295 498
288 498
414 499
428 500
367 501
382 501
415 501
373 502
320 502
336 503
385 503
382 503
320 504
288 504
383 504
371 505
383 505
411 505
312 506
371 506
312 508
385 508
429 508
320 508
422 508
314 509
338 509
382 509
373 510
382 510
377 510
410 511
311 511
419 511
379 511
382 512
319 513
414 513
407 513
413 513
377 513
372 513
362 513
379 514
345 514
346 514
352 514
358 514
342 514
268 515
320 515
342 515
377 515
307 515
282 516
329 516
351 517
302 518
317 518
314 518
405 518
347 518
268 519
345 519
309 519
348 519
301 519
302 520
305 520
335 520
407 520
381 520
328 520
293 521
347 521
273 521
267 522
351 522
382 522
269 522
335 522
328 523
345 523
337 523
353 524
373 524
383 525
414 525
319 526
376 526
311 528
331 529
350 529
315 529
302 530
351 530
361 530
349 530
310 531
414 531
269 532
302 532
306 532
299 532
350 532
273 533
274 533
272 534
288 534
309 535
315 535
253 536
268 536
269 536
293 536
276 537
298 537
284 537
276 538
269 538
268 539
309 540
317 540
319 540
280 541
306 543
310 543
334 544
361 544
268 545
284 545
309 546
335 546
319 546
325 546
317 546
315 549
272 549
293 549
291 550
269 551
366 551
413 551
457 552
311 553
322 553
374 555
346 556
283 556
379 557
310 557
409 557
378 558
269 558
381 558
275 558
399 559
382 560
396 560
386 560
330 561
409 561
371 561
435 561
436 561
343 561
443 562
365 562
382 562
312 562
449 563
388 563
312 564
365 564
412 564
284 564
271 564
443 565
384 565
337 565
437 565
401 565
390 565
328 565
284 566
335 566
431 566
464 566
429 566
411 566
272 567
443 568
374 570
437 570
334 570
436 571
288 571
312 571
345 571
390 571
443 572
470 573
462 573
372 573
373 573
436 573
413 575
436 575
453 575
381 576
457 576
448 577
458 578
415 578
436 580
447 580
492 581
491 582
382 583
230 584
492 584
434 588
446 588
226 589
373 590
449 591
477 591
436 592
480 592
496 592
476 594
437 595
386 595
487 595
319 596
317 596
477 596
442 596
444 596
259 597
385 597
404 597
415 597
371 598
309 598
305 599
312 599
300 600
360 600
437 600
388 600
439 600
293 600
356 600
434 602
314 602
436 603
462 603
483 604
268 604
374 608
320 609
313 609
437 609
312 610
325 610
339 610
388 611
379 611
351 612
374 612
452 612
393 612
310 613
447 613
224 613
310 614
365 614
390 614
396 614
269 615
305 615
291 615
385 615
373 615
223 615
287 616
311 616
435 617
299 618
333 618
411 618
307 618
266 618
322 618
339 618
378 618
269 618
349 618
370 618
449 619
347 621
286 622
365 622
382 622
435 622
437 622
417 622
325 622
442 623
440 623
299 624
304 625
310 625
307 626
351 626
292 626
301 626
310 627
307 627
286 627
293 627
273 627
373 628
310 628
259 628
381 628
376 628
291 630
311 630
322 630
345 630
299 630
438 631
284 632
312 637
306 639
294 641
404 642
501 642
434 642
374 642
434 643
351 644
408 644
296 645
306 645
319 645
253 645
344 645
287 646
292 646
387 646
312 647
243 648
307 650
315 650
398 660
337 660
371 661
568 661
373 661
292 662
315 662
283 662
274 663
306 663
311 664
351 664
294 664
604 666
599 666
501 667
510 667
511 667
595 667
374 668
488 669
247 669
575 669
346 669
609 671
364 671
261 676
307 676
268 677
393 678
335 678
367 678
371 678
305 678
376 678
457 679
431 680
501 681
315 682
374 682
447 682
608 682
329 683
414 683
459 683
401 683
448 683
371 683
305 683
425 683
439 683
382 684
318 684
344 684
427 685
442 685
436 685
307 686
313 686
281 687
292 687
373 687
318 687
315 688
286 688
312 688
294 689
322 696
310 696
306 697
289 697
305 697
388 697
398 697
303 697
610 701
618 701
612 702
576 703
615 704
567 705
577 705
582 705
587 705
528 705
338 706
523 706
382 706
576 706
436 706
310 707
320 708
287 708
284 709
374 710
355 710
563 711
268 715
314 715
307 715
306 716
292 716
308 716
296 718
305 718
287 718
300 719
379 719
291 719
304 719
273 719
405 719
366 719
293 720
310 720
291 721
299 721
301 722
291 722
314 722
313 722
326 724
291 724
306 724
306 725
328 725
310 726
305 727
438 729
313 729
306 729
346 729
274 729
337 731
377 736
292 736
373 736
417 738
300 738
414 738
330 738
309 738
301 738
626 739
292 743
301 743
374 743
263 744
306 744
228 744
401 745
370 745
372 745
385 745
303 746
373 746
374 746
304 747
298 747
376 753
268 754
309 755
298 755
376 756
630 757
310 757
637 757
605 757
625 758
293 758
632 758
292 759
303 759
625 759
304 760
315 760
289 761
382 761
292 762
276 762
301 763
306 763
627 772
626 773
680 775
627 775
625 776
625 777
654 778
674 779
645 779
654 779
623 781
684 781
632 781
680 781
681 782
681 783
699 783
677 783
677 784
678 785
678 786
664 786
683 787
292 795
336 795
236 795
306 796
227 797
387 798
374 798
385 798
388 798
487 799
337 800
334 801
388 801
305 802
377 803
377 805
385 805
382 805
234 806
383 807
292 807
381 807
310 808
320 808
377 809
396 812
310 812
308 812
491 812
230 812
311 813
318 813
307 813
684 816
756 835
761 835
685 836
685 837
720 839
678 845
684 846
684 847
702 848
651 848
762 848
656 849
761 850
694 852
644 852
761 852
625 852
630 852
743 853
758 853
669 853
682 854
685 854
720 854
681 855
765 855
654 857
756 857
668 857
685 858
743 858
683 858
753 858
761 858
760 859
647 859
756 859
684 860
627 862
761 862
699 863
671 863
757 863
625 864
753 864
633 865
664 865
690 865
706 865
756 865
651 865
775 866
761 867
690 868
754 868
757 868
685 869
753 869
696 869
688 870
760 871
785 872
764 873
762 873
755 874
761 874
788 875
770 876
760 876
787 876
787 877
762 877
686 878
762 878
766 879
757 880
777 881
813 881
755 881
788 881
743 882
796 883
680 884
754 884
785 885
756 885
795 886
754 886
760 886
771 887
628 888
681 888
663 888
783 888
714 890
788 891
710 892
742 893
641 894
793 895
610 895
668 895
813 895
758 895
772 895
439 895
736 896
778 896
753 897
753 898
685 899
683 899
704 900
605 900
625 900
790 900
389 903
345 903
489 903
590 903
608 904
794 905
783 905
466 905
429 914
374 914
373 915
494 915
385 915
333 915
333 916
381 916
376 921
276 921
411 921
376 922
388 922
537 922
609 923
329 923
400 923
414 923
373 923
396 924
387 924
763 924
417 925
265 926
376 926
269 926
367 927
424 928
365 928
660 929
376 929
801 930
788 931
761 931
766 931
749 932
796 932
599 932
733 932
742 933
510 938
356 938
413 938
678 938
396 939
462 939
675 939
628 939
669 939
374 940
367 940
578 941
536 941
573 941
335 941
820 942
824 942
308 953
310 953
334 954
400 954
283 954
261 955
513 955
240 955
505 959
376 960
556 962
237 962
342 962
575 963
338 964
684 964
373 965
372 966
378 966
412 968
315 968
315 969
270 969
240 970
377 970
497 970
335 970
367 970
266 975
276 975
374 976
428 977
378 977
293 977
382 978
310 978
415 978
244 979
459 979
447 979
411 980
382 980
325 980
237 980
382 981
512 982
373 983
337 983
374 984
606 984
379 985
296 986
272 987
443 987
216 988
253 988
382 988
376 989
363 990
374 990
377 990
382 991
378 992
276 993
374 994
383 994
301 995
356 995
355 996
315 996
379 996
275 997
330 998
413 998
379 998
259 999
296 999
344 999
358 999
407 999
264 1001
279 1001
319 1001
363 1002
351 1002
401 1003
275 1003
425 1003
440 1003
270 1003
424 1003
382 1003
267 1004
353 1004
371 1004
396 1004
374 1006
339 1006
381 1007
349 1007
353 1007
378 1008
336 1008
314 1008
405 1008
391 1014
352 1016
339 1017
339 1018
322 1018
381 1019
388 1019
368 1022
588 1024
317 1024
283 1024
361 1026
373 1026
408 1026
249 1027
430 1031
377 1032
358 1032
219 1039
373 1041
374 1042
415 1044
224 1045
227 1045
377 1046
385 1046
365 1046
394 1046
374 1047
487 1047
224 1047
390 1047
487 1048
373 1048
398 1049
407 1049
428 1049
385 1049
436 1049
329 1051
489 1051
220 1052
372 1052
305 1052
382 1053
390 1054
391 1054
388 1056
328 1057
632 1062
508 1063
493 1063
430 1063
590 1063
499 1063
801 1072
753 1072
683 1072
687 1073
745 1074
757 1074
757 1075
764 1075
758 1076
754 1076
743 1077
674 1077
690 1077
769 1077
743 1078
679 1079
690 1079
742 1080
742 1081
772 1082
687 1082
691 1082
776 1082
678 1083
687 1083
803 1084
792 1084
819 1084
784 1084
690 1084
741 1085
753 1086
760 1086
637 1086
742 1087
757 1087
687 1088
745 1088
757 1088
675 1088
757 1089
753 1089
685 1091
701 1091
742 1091
678 1091
615 1091
753 1091
664 1091
652 1091
742 1092
756 1092
805 1092
