280 966 1403636593.764 1403636628.064
280 969 1403636593.764 1403636628.214
280 972 1403636593.764 1403636628.364
285 972 1403636594.014 1403636628.364
285 975 1403636594.014 1403636628.514
16 975 1403636580.564 1403636628.514
372 975 1403636598.364 1403636628.514
319 978 1403636595.714 1403636628.664
283 981 1403636593.914 1403636628.814
285 994 1403636594.014 1403636629.464
372 998 1403636598.364 1403636629.664
16 1001 1403636580.564 1403636629.814
285 1004 1403636594.014 1403636629.964
372 1007 1403636598.364 1403636630.114
16 1007 1403636580.564 1403636630.114
306 1011 1403636595.064 1403636630.314
283 1011 1403636593.914 1403636630.314
322 1025 1403636595.864 1403636631.014
250 1031 1403636592.264 1403636631.314
16 1031 1403636580.564 1403636631.314
380 1036 1403636598.764 1403636631.564
198 1044 1403636589.664 1403636631.964
260 1049 1403636592.764 1403636632.214
265 1056 1403636593.014 1403636632.564
285 1056 1403636594.014 1403636632.564
16 1056 1403636580.564 1403636632.564
322 1059 1403636595.864 1403636632.714
260 1059 1403636592.764 1403636632.714
85 1065 1403636584.014 1403636633.014
283 1065 1403636593.914 1403636633.014
295 1081 1403636594.514 1403636633.814
16 1090 1403636580.564 1403636634.264
85 1096 1403636584.014 1403636634.564
322 1106 1403636595.864 1403636635.064
124 1106 1403636585.964 1403636635.064
16 1118 1403636580.564 1403636635.664
290 1123 1403636594.264 1403636635.914
141 1126 1403636586.814 1403636636.064
260 1126 1403636592.764 1403636636.064
299 1128 1403636594.714 1403636636.164
124 1128 1403636585.964 1403636636.164
319 1129 1403636595.714 1403636636.214
385 1129 1403636599.014 1403636636.214
290 1133 1403636594.264 1403636636.414
280 1133 1403636593.764 1403636636.414
16 1134 1403636580.564 1403636636.464
250 1136 1403636592.264 1403636636.564
16 1137 1403636580.564 1403636636.614
14 1138 1403636580.464 1403636636.664
299 1138 1403636594.714 1403636636.664
14 1140 1403636580.464 1403636636.764
124 1142 1403636585.964 1403636636.864
260 1146 1403636592.764 1403636637.064
260 1150 1403636592.764 1403636637.264
303 1155 1403636594.914 1403636637.514
265 1159 1403636593.014 1403636637.714
16 1159 1403636580.564 1403636637.714
303 1160 1403636594.914 1403636637.764
339 1162 1403636596.714 1403636637.864
385 1162 1403636599.014 1403636637.864
256 1162 1403636592.564 1403636637.864
250 1165 1403636592.264 1403636638.014
380 1165 1403636598.764 1403636638.014
290 1168 1403636594.264 1403636638.164
319 1168 1403636595.714 1403636638.164
306 1172 1403636595.064 1403636638.364
306 1178 1403636595.064 1403636638.664
124 1178 1403636585.964 1403636638.664
280 1180 1403636593.764 1403636638.764
16 1180 1403636580.564 1403636638.764
368 1184 1403636598.164 1403636638.964
303 1188 1403636594.914 1403636639.164
311 1190 1403636595.314 1403636639.264
385 1190 1403636599.014 1403636639.264
339 1192 1403636596.714 1403636639.364
256 1192 1403636592.564 1403636639.364
85 1192 1403636584.014 1403636639.364
911 1192 1403636625.314 1403636639.364
380 1196 1403636598.764 1403636639.564
912 1198 1403636625.364 1403636639.664
283 1200 1403636593.914 1403636639.764
198 1201 1403636589.664 1403636639.814
256 1207 1403636592.564 1403636640.114
265 1209 1403636593.014 1403636640.214
339 1214 1403636596.714 1403636640.464
280 1214 1403636593.764 1403636640.464
250 1217 1403636592.264 1403636640.614
978 1220 1403636628.664 1403636640.764
16 1220 1403636580.564 1403636640.764
238 1224 1403636591.664 1403636640.964
948 1225 1403636627.164 1403636641.014
984 1225 1403636628.964 1403636641.014
285 1225 1403636594.014 1403636641.014
16 1225 1403636580.564 1403636641.014
928 1226 1403636626.164 1403636641.064
922 1226 1403636625.864 1403636641.064
285 1226 1403636594.014 1403636641.064
928 1227 1403636626.164 1403636641.114
910 1227 1403636625.264 1403636641.114
270 1231 1403636593.264 1403636641.314
385 1231 1403636599.014 1403636641.314
922 1231 1403636625.864 1403636641.314
969 1236 1403636628.214 1403636641.564
372 1236 1403636598.364 1403636641.564
372 1238 1403636598.364 1403636641.664
969 1241 1403636628.214 1403636641.814
280 1246 1403636593.764 1403636642.064
250 1249 1403636592.264 1403636642.214
14 1249 1403636580.464 1403636642.214
938 1249 1403636626.664 1403636642.214
303 1258 1403636594.914 1403636642.664
923 1261 1403636625.914 1403636642.814
164 1268 1403636587.964 1403636643.164
322 1268 1403636595.864 1403636643.164
1001 1277 1403636629.814 1403636643.614
85 1285 1403636584.014 1403636644.014
1065 1288 1403636633.014 1403636644.164
250 1288 1403636592.264 1403636644.164
250 1293 1403636592.264 1403636644.414
910 1293 1403636625.264 1403636644.414
85 1293 1403636584.014 1403636644.414
319 1293 1403636595.714 1403636644.414
299 1298 1403636594.714 1403636644.664
972 1301 1403636628.364 1403636644.814
960 1303 1403636627.764 1403636644.914
250 1306 1403636592.264 1403636645.064
921 1312 1403636625.814 1403636645.364
928 1316 1403636626.164 1403636645.564
303 1319 1403636594.914 1403636645.714
204 1319 1403636589.964 1403636645.714
989 1323 1403636629.214 1403636645.914
1001 1325 1403636629.814 1403636646.014
989 1326 1403636629.214 1403636646.064
906 1326 1403636625.064 1403636646.064
306 1326 1403636595.064 1403636646.064
1065 1328 1403636633.014 1403636646.164
969 1328 1403636628.214 1403636646.164
1004 1328 1403636629.964 1403636646.164
984 1329 1403636628.964 1403636646.214
1065 1330 1403636633.014 1403636646.264
1004 1330 1403636629.964 1403636646.264
919 1330 1403636625.714 1403636646.264
382 1330 1403636598.864 1403636646.264
960 1330 1403636627.764 1403636646.264
280 1330 1403636593.764 1403636646.264
1004 1331 1403636629.964 1403636646.314
984 1331 1403636628.964 1403636646.314
923 1332 1403636625.914 1403636646.364
303 1333 1403636594.914 1403636646.414
16 1335 1403636580.564 1403636646.514
969 1337 1403636628.214 1403636646.614
339 1337 1403636596.714 1403636646.614
961 1340 1403636627.814 1403636646.764
961 1343 1403636627.814 1403636646.914
280 1346 1403636593.764 1403636647.064
984 1346 1403636628.964 1403636647.064
1001 1346 1403636629.814 1403636647.064
969 1350 1403636628.214 1403636647.264
306 1352 1403636595.064 1403636647.364
984 1352 1403636628.964 1403636647.364
280 1352 1403636593.764 1403636647.364
385 1352 1403636599.014 1403636647.364
972 1356 1403636628.364 1403636647.564
960 1356 1403636627.764 1403636647.564
975 1362 1403636628.514 1403636647.864
1065 1362 1403636633.014 1403636647.864
921 1364 1403636625.814 1403636647.964
972 1380 1403636628.364 1403636648.764
961 1393 1403636627.814 1403636649.414
989 1413 1403636629.214 1403636650.414
978 1433 1403636628.664 1403636651.414
107 1433 1403636585.114 1403636651.414
1241 1433 1403636641.814 1403636651.414
1001 1433 1403636629.814 1403636651.414
1036 1433 1403636631.564 1403636651.414
1031 1450 1403636631.314 1403636652.264
1192 1450 1403636639.364 1403636652.264
1329 1450 1403636646.214 1403636652.264
1025 1470 1403636631.014 1403636653.264
1227 1470 1403636641.114 1403636653.264
1356 1490 1403636647.564 1403636654.264
1258 1490 1403636642.664 1403636654.264
1319 1503 1403636645.714 1403636654.914
1059 1508 1403636632.714 1403636655.164
1241 1514 1403636641.814 1403636655.464
1049 1514 1403636632.214 1403636655.464
1056 1521 1403636632.564 1403636655.814
966 1521 1403636628.064 1403636655.814
1044 1523 1403636631.964 1403636655.914
1258 1523 1403636642.664 1403636655.914
1316 1523 1403636645.564 1403636655.914
1200 1525 1403636639.764 1403636656.014
1346 1526 1403636647.064 1403636656.064
1258 1527 1403636642.664 1403636656.114
1146 1527 1403636637.064 1403636656.114
969 1530 1403636628.214 1403636656.264
1312 1533 1403636645.364 1403636656.414
1393 1533 1403636649.414 1403636656.414
107 1533 1403636585.114 1403636656.414
1328 1536 1403636646.164 1403636656.564
372 1536 1403636598.364 1403636656.564
1049 1539 1403636632.214 1403636656.714
1129 1540 1403636636.214 1403636656.764
1150 1543 1403636637.264 1403636656.914
1159 1547 1403636637.714 1403636657.114
1090 1547 1403636634.264 1403636657.114
198 1547 1403636589.664 1403636657.114
1330 1547 1403636646.264 1403636657.114
1142 1547 1403636636.864 1403636657.114
1133 1552 1403636636.414 1403636657.364
260 1558 1403636592.764 1403636657.664
1123 1558 1403636635.914 1403636657.664
921 1563 1403636625.814 1403636657.914
1325 1563 1403636646.014 1403636657.914
1236 1563 1403636641.564 1403636657.914
1081 1563 1403636633.814 1403636657.914
912 1563 1403636625.364 1403636657.914
984 1572 1403636628.964 1403636658.364
1340 1585 1403636646.764 1403636659.014
1343 1607 1403636646.914 1403636660.114
1146 1607 1403636637.064 1403636660.114
1325 1607 1403636646.014 1403636660.114
1214 1631 1403636640.464 1403636661.314
1325 1667 1403636646.014 1403636663.114
1258 1667 1403636642.664 1403636663.114
1142 1667 1403636636.864 1403636663.114
107 1695 1403636585.114 1403636664.514
1362 1695 1403636647.864 1403636664.514
1059 1695 1403636632.714 1403636664.514
1134 1695 1403636636.464 1403636664.514
1096 1709 1403636634.564 1403636665.214
1331 1721 1403636646.314 1403636665.814
1288 1726 1403636644.164 1403636666.064
303 1733 1403636594.914 1403636666.414
938 1733 1403636626.664 1403636666.414
1323 1733 1403636645.914 1403636666.414
1337 1743 1403636646.614 1403636666.914
989 1743 1403636629.214 1403636666.914
1333 1746 1403636646.414 1403636667.064
972 1747 1403636628.364 1403636667.114
1364 1748 1403636647.964 1403636667.164
1096 1749 1403636634.564 1403636667.214
1337 1749 1403636646.614 1403636667.214
1329 1750 1403636646.214 1403636667.264
1340 1750 1403636646.764 1403636667.264
1356 1755 1403636647.564 1403636667.514
1393 1756 1403636649.414 1403636667.564
1146 1757 1403636637.064 1403636667.614
1340 1757 1403636646.764 1403636667.614
975 1757 1403636628.514 1403636667.614
1433 1757 1403636651.414 1403636667.614
1137 1759 1403636636.614 1403636667.714
975 1759 1403636628.514 1403636667.714
1330 1759 1403636646.264 1403636667.714
1331 1760 1403636646.314 1403636667.764
1335 1762 1403636646.514 1403636667.864
1155 1763 1403636637.514 1403636667.914
1172 1763 1403636638.364 1403636667.914
1126 1763 1403636636.064 1403636667.914
1129 1763 1403636636.214 1403636667.914
975 1764 1403636628.514 1403636667.964
1081 1765 1403636633.814 1403636668.014
1133 1765 1403636636.414 1403636668.014
1081 1767 1403636633.814 1403636668.114
1323 1771 1403636645.914 1403636668.314
975 1771 1403636628.514 1403636668.314
998 1771 1403636629.664 1403636668.314
1303 1778 1403636644.914 1403636668.664
972 1778 1403636628.364 1403636668.664
1126 1778 1403636636.064 1403636668.664
1323 1785 1403636645.914 1403636669.014
969 1788 1403636628.214 1403636669.164
969 1794 1403636628.214 1403636669.464
1137 1794 1403636636.614 1403636669.464
1333 1794 1403636646.414 1403636669.464
994 1794 1403636629.464 1403636669.464
1316 1794 1403636645.564 1403636669.464
1090 1794 1403636634.264 1403636669.464
1160 1798 1403636637.764 1403636669.664
1133 1798 1403636636.414 1403636669.664
1326 1798 1403636646.064 1403636669.664
975 1798 1403636628.514 1403636669.664
1312 1801 1403636645.364 1403636669.814
1188 1804 1403636639.164 1403636669.964
984 1807 1403636628.964 1403636670.114
978 1809 1403636628.664 1403636670.214
989 1810 1403636629.214 1403636670.264
994 1812 1403636629.464 1403636670.364
1126 1815 1403636636.064 1403636670.514
1150 1820 1403636637.264 1403636670.764
1303 1826 1403636644.914 1403636671.064
989 1826 1403636629.214 1403636671.064
1312 1846 1403636645.364 1403636672.064
1128 1866 1403636636.164 1403636673.064
1227 1906 1403636641.114 1403636675.064
994 1906 1403636629.464 1403636675.064
1293 1914 1403636644.414 1403636675.464
1065 1914 1403636633.014 1403636675.464
1303 1916 1403636644.914 1403636675.564
1065 1916 1403636633.014 1403636675.564
1126 1916 1403636636.064 1403636675.564
1180 1916 1403636638.764 1403636675.564
994 1920 1403636629.464 1403636675.764
1196 1920 1403636639.564 1403636675.764
368 1920 1403636598.164 1403636675.764
989 1929 1403636629.214 1403636676.214
975 1929 1403636628.514 1403636676.214
1004 1934 1403636629.964 1403636676.464
1695 1952 1403636664.514 1403636677.364
1807 1956 1403636670.114 1403636677.564
1794 1959 1403636669.464 1403636677.714
1743 1959 1403636666.914 1403636677.714
1749 1961 1403636667.214 1403636677.814
1743 1963 1403636666.914 1403636677.914
1809 1969 1403636670.214 1403636678.214
1750 1976 1403636667.264 1403636678.564
1798 1976 1403636669.664 1403636678.564
1726 1979 1403636666.064 1403636678.714
1490 1983 1403636654.264 1403636678.914
1530 1983 1403636656.264 1403636678.914
1794 1984 1403636669.464 1403636678.964
1667 1986 1403636663.114 1403636679.064
1809 1986 1403636670.214 1403636679.064
1804 1990 1403636669.964 1403636679.264
1742 1993 1403636666.864 1403636679.414
1801 1995 1403636669.814 1403636679.514
1809 1999 1403636670.214 1403636679.714
1762 2002 1403636667.864 1403636679.864
1503 2005 1403636654.914 1403636680.014
1771 2005 1403636668.314 1403636680.014
1743 2008 1403636666.914 1403636680.164
1810 2011 1403636670.264 1403636680.314
1631 2014 1403636661.314 1403636680.464
1737 2018 1403636666.614 1403636680.664
1755 2019 1403636667.514 1403636680.714
1916 2023 1403636675.564 1403636680.914
1490 2024 1403636654.264 1403636680.964
1807 2024 1403636670.114 1403636680.964
1920 2026 1403636675.764 1403636681.064
1142 2030 1403636636.864 1403636681.264
1065 2030 1403636633.014 1403636681.264
1807 2030 1403636670.114 1403636681.264
1747 2030 1403636667.114 1403636681.264
1540 2030 1403636656.764 1403636681.264
1695 2053 1403636664.514 1403636682.414
1755 2076 1403636667.514 1403636683.564
1049 2076 1403636632.214 1403636683.564
1934 2078 1403636676.464 1403636683.664
1810 2078 1403636670.264 1403636683.664
1906 2081 1403636675.064 1403636683.814
1804 2083 1403636669.964 1403636683.914
1807 2107 1403636670.114 1403636685.114
1749 2110 1403636667.214 1403636685.264
1756 2121 1403636667.564 1403636685.814
1721 2121 1403636665.814 1403636685.814
1025 2131 1403636631.014 1403636686.314
1785 2145 1403636669.014 1403636687.014
1952 2147 1403636677.364 1403636687.114
1943 2149 1403636676.914 1403636687.214
1815 2149 1403636670.514 1403636687.214
975 2149 1403636628.514 1403636687.214
1726 2149 1403636666.064 1403636687.214
1527 2149 1403636656.114 1403636687.214
1096 2152 1403636634.564 1403636687.364
1771 2152 1403636668.314 1403636687.364
1906 2152 1403636675.064 1403636687.364
1952 2157 1403636677.364 1403636687.614
1801 2162 1403636669.814 1403636687.864
1765 2165 1403636668.014 1403636688.014
1709 2171 1403636665.214 1403636688.314
1934 2178 1403636676.464 1403636688.664
1815 2188 1403636670.514 1403636689.164
1762 2188 1403636667.864 1403636689.164
1523 2201 1403636655.914 1403636689.814
1740 2219 1403636666.764 1403636690.714
1756 2226 1403636667.564 1403636691.064
1771 2233 1403636668.314 1403636691.414
1798 2233 1403636669.664 1403636691.414
1350 2233 1403636647.264 1403636691.414
1721 2237 1403636665.814 1403636691.614
1778 2237 1403636668.664 1403636691.614
1563 2244 1403636657.914 1403636691.964
1826 2280 1403636671.064 1403636693.764
1785 2287 1403636669.014 1403636694.114
1750 2291 1403636667.264 1403636694.314
1721 2291 1403636665.814 1403636694.314
1750 2296 1403636667.264 1403636694.564
1815 2302 1403636670.514 1403636694.864
1737 2302 1403636666.614 1403636694.864
1943 2306 1403636676.914 1403636695.064
1778 2306 1403636668.664 1403636695.064
1756 2312 1403636667.564 1403636695.364
1695 2316 1403636664.514 1403636695.564
1756 2316 1403636667.564 1403636695.564
1794 2316 1403636669.464 1403636695.564
1750 2324 1403636667.264 1403636695.964
1788 2324 1403636669.164 1403636695.964
1490 2328 1403636654.264 1403636696.164
1750 2332 1403636667.264 1403636696.364
1771 2338 1403636668.314 1403636696.664
1826 2338 1403636671.064 1403636696.664
1826 2342 1403636671.064 1403636696.864
1750 2348 1403636667.264 1403636697.164
1525 2348 1403636656.014 1403636697.164
1747 2348 1403636667.114 1403636697.164
1607 2348 1403636660.114 1403636697.164
1765 2353 1403636668.014 1403636697.414
1914 2353 1403636675.464 1403636697.414
1756 2360 1403636667.564 1403636697.764
1815 2360 1403636670.514 1403636697.764
1807 2362 1403636670.114 1403636697.864
1983 2363 1403636678.914 1403636697.914
1785 2379 1403636669.014 1403636698.714
2233 2445 1403636691.414 1403636702.014
989 2445 1403636629.214 1403636702.014
1227 2445 1403636641.114 1403636702.014
2237 2449 1403636691.614 1403636702.214
2145 2453 1403636687.014 1403636702.414
961 2454 1403636627.814 1403636702.464
2026 2456 1403636681.064 1403636702.564
1319 2456 1403636645.714 1403636702.564
2328 2456 1403636696.164 1403636702.564
2258 2458 1403636692.664 1403636702.664
2201 2458 1403636689.814 1403636702.664
2078 2458 1403636683.664 1403636702.664
2188 2461 1403636689.164 1403636702.814
2353 2461 1403636697.414 1403636702.814
972 2464 1403636628.364 1403636702.964
922 2470 1403636625.864 1403636703.264
1200 2470 1403636639.764 1403636703.264
1196 2471 1403636639.564 1403636703.314
1726 2484 1403636666.064 1403636703.964
1785 2484 1403636669.014 1403636703.964
1667 2492 1403636663.114 1403636704.364
2026 2528 1403636681.064 1403636706.164
2233 2528 1403636691.414 1403636706.164
1319 2531 1403636645.714 1403636706.314
1196 2535 1403636639.564 1403636706.514
1090 2537 1403636634.264 1403636706.614
1128 2537 1403636636.164 1403636706.614
969 2539 1403636628.214 1403636706.714
1319 2539 1403636645.714 1403636706.714
2258 2539 1403636692.664 1403636706.714
2171 2545 1403636688.314 1403636707.014
1303 2545 1403636644.914 1403636707.014
989 2545 1403636629.214 1403636707.014
2132 2547 1403636686.364 1403636707.114
2254 2547 1403636692.464 1403636707.114
972 2547 1403636628.364 1403636707.114
2071 2547 1403636683.314 1403636707.114
2083 2548 1403636683.914 1403636707.164
2188 2550 1403636689.164 1403636707.264
2152 2552 1403636687.364 1403636707.364
1995 2555 1403636679.514 1403636707.514
1312 2558 1403636645.364 1403636707.664
1331 2558 1403636646.314 1403636707.664
972 2561 1403636628.364 1403636707.814
1288 2561 1403636644.164 1403636707.814
1261 2563 1403636642.814 1403636707.914
2280 2563 1403636693.764 1403636707.914
1090 2563 1403636634.264 1403636707.914
1128 2563 1403636636.164 1403636707.914
2118 2565 1403636685.664 1403636708.014
2005 2568 1403636680.014 1403636708.164
2099 2568 1403636684.714 1403636708.164
1319 2568 1403636645.714 1403636708.164
972 2568 1403636628.364 1403636708.164
1168 2568 1403636638.164 1403636708.164
1031 2570 1403636631.314 1403636708.264
2291 2570 1403636694.314 1403636708.264
1333 2570 1403636646.414 1403636708.264
2244 2570 1403636691.964 1403636708.264
2171 2572 1403636688.314 1403636708.364
2071 2572 1403636683.314 1403636708.364
986 2572 1403636629.064 1403636708.364
2171 2581 1403636688.314 1403636708.814
1331 2584 1403636646.314 1403636708.964
972 2588 1403636628.364 1403636709.164
1241 2588 1403636641.814 1403636709.164
2188 2588 1403636689.164 1403636709.164
1031 2588 1403636631.314 1403636709.164
2296 2590 1403636694.564 1403636709.264
1065 2590 1403636633.014 1403636709.264
984 2590 1403636628.964 1403636709.264
2083 2590 1403636683.914 1403636709.264
2141 2590 1403636686.814 1403636709.264
1765 2590 1403636668.014 1403636709.264
1709 2595 1403636665.214 1403636709.514
1733 2595 1403636666.414 1403636709.514
1726 2620 1403636666.064 1403636710.764
2125 2632 1403636686.014 1403636711.364
2296 2632 1403636694.564 1403636711.364
1306 2632 1403636645.064 1403636711.364
1490 2632 1403636654.264 1403636711.364
1150 2632 1403636637.264 1403636711.364
1200 2632 1403636639.764 1403636711.364
1323 2634 1403636645.914 1403636711.464
1031 2634 1403636631.314 1403636711.464
1090 2642 1403636634.264 1403636711.864
1118 2644 1403636635.664 1403636711.964
1155 2662 1403636637.514 1403636712.864
1134 2666 1403636636.464 1403636713.064
961 2666 1403636627.814 1403636713.064
2165 2670 1403636688.014 1403636713.264
1007 2674 1403636630.114 1403636713.464
1155 2676 1403636637.514 1403636713.564
1049 2678 1403636632.214 1403636713.664
989 2680 1403636629.214 1403636713.764
1333 2680 1403636646.414 1403636713.764
1298 2684 1403636644.664 1403636713.964
1331 2684 1403636646.314 1403636713.964
1004 2684 1403636629.964 1403636713.964
986 2684 1403636629.064 1403636713.964
1393 2693 1403636649.414 1403636714.414
1749 2696 1403636667.214 1403636714.564
1065 2696 1403636633.014 1403636714.564
1160 2696 1403636637.764 1403636714.564
938 2707 1403636626.664 1403636715.114
1756 2707 1403636667.564 1403636715.114
1137 2713 1403636636.614 1403636715.414
1036 2714 1403636631.564 1403636715.464
306 2717 1403636595.064 1403636715.614
1004 2717 1403636629.964 1403636715.614
1096 2734 1403636634.564 1403636716.464
1090 2740 1403636634.264 1403636716.764
1470 2756 1403636653.264 1403636717.564
1756 2756 1403636667.564 1403636717.564
1963 2756 1403636677.914 1403636717.564
1798 2761 1403636669.664 1403636717.814
2449 2761 1403636702.214 1403636717.814
1969 2761 1403636678.214 1403636717.814
2518 2765 1403636705.664 1403636718.014
1798 2765 1403636669.664 1403636718.014
1778 2765 1403636668.664 1403636718.014
1963 2765 1403636677.914 1403636718.014
1059 2766 1403636632.714 1403636718.064
1801 2766 1403636669.814 1403636718.064
1983 2766 1403636678.914 1403636718.064
2445 2766 1403636702.014 1403636718.064
1129 2781 1403636636.214 1403636718.814
2552 2781 1403636707.364 1403636718.814
1364 2781 1403636647.964 1403636718.814
1056 2781 1403636632.564 1403636718.814
1138 2787 1403636636.664 1403636719.114
1331 2787 1403636646.314 1403636719.114
2581 2787 1403636708.814 1403636719.114
2574 2792 1403636708.464 1403636719.364
1961 2792 1403636677.814 1403636719.364
1031 2792 1403636631.314 1403636719.364
1959 2799 1403636677.714 1403636719.714
107 2812 1403636585.114 1403636720.364
2445 2812 1403636702.014 1403636720.364
1356 2812 1403636647.564 1403636720.364
1943 2887 1403636676.914 1403636724.114
1984 2887 1403636678.964 1403636724.114
1044 2887 1403636631.964 1403636724.114
1364 2890 1403636647.964 1403636724.264
1065 2894 1403636633.014 1403636724.464
1941 2894 1403636676.814 1403636724.464
1961 2972 1403636677.814 1403636728.364
2008 2986 1403636680.164 1403636729.064
1983 2986 1403636678.914 1403636729.064
2449 2991 1403636702.214 1403636729.314
1364 2991 1403636647.964 1403636729.314
1943 2991 1403636676.914 1403636729.314
1740 2998 1403636666.764 1403636729.664
1747 3002 1403636667.114 1403636729.864
2141 3043 1403636686.814 1403636731.914
1961 3043 1403636677.814 1403636731.914
1995 3043 1403636679.514 1403636731.914
1393 3043 1403636649.414 1403636731.914
1801 3043 1403636669.814 1403636731.914
2427 3043 1403636701.114 1403636731.914
1312 3052 1403636645.364 1403636732.364
1934 3064 1403636676.464 1403636732.964
1740 3067 1403636666.764 1403636733.114
1943 3071 1403636676.914 1403636733.314
1916 3071 1403636675.564 1403636733.314
1393 3076 1403636649.414 1403636733.564
1329 3076 1403636646.214 1403636733.564
1721 3076 1403636665.814 1403636733.564
1765 3081 1403636668.014 1403636733.814
1785 3121 1403636669.014 1403636735.814
1742 3130 1403636666.864 1403636736.264
1771 3135 1403636668.314 1403636736.514
1815 3143 1403636670.514 1403636736.914
1810 3154 1403636670.264 1403636737.464
2014 3166 1403636680.464 1403636738.064
1943 3166 1403636676.914 1403636738.064
2427 3166 1403636701.114 1403636738.064
1846 3181 1403636672.064 1403636738.814
1941 3201 1403636676.814 1403636739.814
2500 3201 1403636704.764 1403636739.814
1709 3201 1403636665.214 1403636739.814
2149 3232 1403636687.214 1403636741.364
1755 3232 1403636667.514 1403636741.364
1804 3232 1403636669.964 1403636741.364
2233 3232 1403636691.414 1403636741.364
2449 3267 1403636702.214 1403636743.114
2449 3285 1403636702.214 1403636744.014
2484 3294 1403636703.964 1403636744.464
1810 3297 1403636670.264 1403636744.614
1326 3297 1403636646.064 1403636744.614
1959 3300 1403636677.714 1403636744.764
2171 3304 1403636688.314 1403636744.964
2461 3304 1403636702.814 1403636744.964
2449 3306 1403636702.214 1403636745.064
1976 3312 1403636678.564 1403636745.364
1142 3312 1403636636.864 1403636745.364
1326 3312 1403636646.064 1403636745.364
2456 3312 1403636702.564 1403636745.364
2449 3318 1403636702.214 1403636745.664
1798 3325 1403636669.664 1403636746.014
2523 3325 1403636705.914 1403636746.014
1709 3333 1403636665.214 1403636746.414
1740 3336 1403636666.764 1403636746.564
1785 3352 1403636669.014 1403636747.364
2572 3359 1403636708.364 1403636747.714
2449 3359 1403636702.214 1403636747.714
2449 3364 1403636702.214 1403636747.964
1943 3364 1403636676.914 1403636747.964
2449 3373 1403636702.214 1403636748.414
2449 3376 1403636702.214 1403636748.564
2458 3383 1403636702.664 1403636748.914
1762 3390 1403636667.864 1403636749.264
2476 3390 1403636703.564 1403636749.264
1920 3390 1403636675.764 1403636749.264
2107 3390 1403636685.114 1403636749.264
2128 3390 1403636686.164 1403636749.264
1631 3393 1403636661.314 1403636749.414
2476 3396 1403636703.564 1403636749.564
2476 3402 1403636703.564 1403636749.864
1815 3407 1403636670.514 1403636750.114
2449 3407 1403636702.214 1403636750.114
1631 3407 1403636661.314 1403636750.114
2449 3416 1403636702.214 1403636750.564
1740 3420 1403636666.764 1403636750.764
1709 3428 1403636665.214 1403636751.164
2458 3428 1403636702.664 1403636751.164
1798 3435 1403636669.664 1403636751.514
1778 3441 1403636668.664 1403636751.814
2456 3441 1403636702.564 1403636751.814
2449 3447 1403636702.214 1403636752.114
2696 3450 1403636714.564 1403636752.264
1743 3450 1403636666.914 1403636752.264
1778 3454 1403636668.664 1403636752.464
1337 3462 1403636646.614 1403636752.864
1740 3462 1403636666.764 1403636752.864
2233 3470 1403636691.414 1403636753.264
1393 3470 1403636649.414 1403636753.264
2427 3474 1403636701.114 1403636753.464
1330 3474 1403636646.264 1403636753.464
1331 3482 1403636646.314 1403636753.864
1470 3482 1403636653.264 1403636753.864
2023 3482 1403636680.914 1403636753.864
1721 3482 1403636665.814 1403636753.864
1778 3482 1403636668.664 1403636753.864
1393 3482 1403636649.414 1403636753.864
1709 3505 1403636665.214 1403636755.014
1826 3513 1403636671.064 1403636755.414
1807 3521 1403636670.114 1403636755.814
2454 3521 1403636702.464 1403636755.814
2412 3532 1403636700.364 1403636756.364
1743 3537 1403636666.914 1403636756.614
1785 3537 1403636669.014 1403636756.614
2348 3537 1403636697.164 1403636756.614
1312 3537 1403636645.364 1403636756.614
1740 3540 1403636666.764 1403636756.764
1810 3545 1403636670.264 1403636757.014
1986 3545 1403636679.064 1403636757.014
1749 3545 1403636667.214 1403636757.014
2580 3547 1403636708.764 1403636757.114
2590 3549 1403636709.264 1403636757.214
1159 3549 1403636637.714 1403636757.214
2787 3549 1403636719.114 1403636757.214
2750 3549 1403636717.264 1403636757.214
2558 3549 1403636707.664 1403636757.214
2132 3550 1403636686.364 1403636757.264
1346 3550 1403636647.064 1403636757.264
1319 3552 1403636645.714 1403636757.364
2188 3554 1403636689.164 1403636757.464
2565 3554 1403636708.014 1403636757.464
1196 3556 1403636639.564 1403636757.564
1323 3558 1403636645.914 1403636757.664
2118 3560 1403636685.664 1403636757.764
1128 3561 1403636636.164 1403636757.814
2901 3562 1403636724.814 1403636757.864
1331 3566 1403636646.314 1403636758.064
1778 3567 1403636668.664 1403636758.114
1762 3569 1403636667.864 1403636758.214
1810 3571 1403636670.264 1403636758.314
2518 3571 1403636705.664 1403636758.314
1740 3571 1403636666.764 1403636758.314
1740 3574 1403636666.764 1403636758.464
1740 3576 1403636666.764 1403636758.564
3285 3581 1403636744.014 1403636758.814
2445 3581 1403636702.014 1403636758.814
2602 3581 1403636709.864 1403636758.814
1533 3581 1403636656.414 1403636758.814
256 3586 1403636592.564 1403636759.064
1809 3595 1403636670.214 1403636759.514
2280 3595 1403636693.764 1403636759.514
1226 3619 1403636641.064 1403636760.714
1184 3619 1403636638.964 1403636760.714
1150 3624 1403636637.264 1403636760.964
2509 3627 1403636705.214 1403636761.114
1123 3631 1403636635.914 1403636761.314
2539 3631 1403636706.714 1403636761.314
290 3634 1403636594.264 1403636761.464
256 3636 1403636592.564 1403636761.564
299 3638 1403636594.714 1403636761.664
3373 3650 1403636748.414 1403636762.264
2799 3651 1403636719.714 1403636762.314
1288 3651 1403636644.164 1403636762.314
299 3651 1403636594.714 1403636762.314
1160 3651 1403636637.764 1403636762.314
1137 3653 1403636636.614 1403636762.414
1201 3653 1403636639.814 1403636762.414
1226 3654 1403636641.064 1403636762.464
2703 3655 1403636714.914 1403636762.514
2657 3655 1403636712.614 1403636762.514
