420 659 1403638539.078 1403638551.028
183 670 1403638527.228 1403638551.578
183 675 1403638527.228 1403638551.828
421 675 1403638539.128 1403638551.828
239 683 1403638530.028 1403638552.228
150 683 1403638525.578 1403638552.228
325 698 1403638534.328 1403638552.978
409 698 1403638538.528 1403638552.978
83 698 1403638522.228 1403638552.978
86 708 1403638522.378 1403638553.478
231 708 1403638529.628 1403638553.478
86 712 1403638522.378 1403638553.678
468 716 1403638541.478 1403638553.878
82 716 1403638522.178 1403638553.878
421 722 1403638539.128 1403638554.178
468 725 1403638541.478 1403638554.328
93 736 1403638522.728 1403638554.878
119 738 1403638524.028 1403638554.978
85 742 1403638522.328 1403638555.178
420 742 1403638539.078 1403638555.178
183 743 1403638527.228 1403638555.228
121 745 1403638524.128 1403638555.328
147 746 1403638525.428 1403638555.378
262 746 1403638531.178 1403638555.378
448 748 1403638540.478 1403638555.478
183 748 1403638527.228 1403638555.478
147 750 1403638525.428 1403638555.578
85 750 1403638522.328 1403638555.578
85 751 1403638522.328 1403638555.628
150 753 1403638525.578 1403638555.728
93 755 1403638522.728 1403638555.828
156 758 1403638525.878 1403638555.978
101 762 1403638523.128 1403638556.178
150 765 1403638525.578 1403638556.328
150 767 1403638525.578 1403638556.428
150 768 1403638525.578 1403638556.478
83 768 1403638522.228 1403638556.478
183 770 1403638527.228 1403638556.578
392 770 1403638537.678 1403638556.578
83 770 1403638522.228 1403638556.578
101 774 1403638523.128 1403638556.778
121 774 1403638524.128 1403638556.778
417 776 1403638538.928 1403638556.878
81 778 1403638522.128 1403638556.978
150 778 1403638525.578 1403638556.978
242 778 1403638530.178 1403638556.978
150 779 1403638525.578 1403638557.028
117 780 1403638523.928 1403638557.078
150 781 1403638525.578 1403638557.128
128 783 1403638524.478 1403638557.228
165 785 1403638526.328 1403638557.328
150 787 1403638525.578 1403638557.428
242 787 1403638530.178 1403638557.428
93 789 1403638522.728 1403638557.528
101 791 1403638523.128 1403638557.628
101 794 1403638523.128 1403638557.778
119 796 1403638524.028 1403638557.878
231 798 1403638529.628 1403638557.978
224 799 1403638529.278 1403638558.028
147 804 1403638525.428 1403638558.278
150 805 1403638525.578 1403638558.328
421 805 1403638539.128 1403638558.328
150 806 1403638525.578 1403638558.378
418 806 1403638538.978 1403638558.378
237 807 1403638529.928 1403638558.428
502 807 1403638543.178 1403638558.428
125 807 1403638524.328 1403638558.428
448 807 1403638540.478 1403638558.428
418 807 1403638538.978 1403638558.428
488 808 1403638542.478 1403638558.478
183 808 1403638527.228 1403638558.478
117 808 1403638523.928 1403638558.478
502 810 1403638543.178 1403638558.578
421 810 1403638539.128 1403638558.578
231 814 1403638529.628 1403638558.778
502 817 1403638543.178 1403638558.928
165 821 1403638526.328 1403638559.128
488 821 1403638542.478 1403638559.128
420 821 1403638539.078 1403638559.128
231 827 1403638529.628 1403638559.428
183 832 1403638527.228 1403638559.678
675 832 1403638551.828 1403638559.678
248 838 1403638530.478 1403638559.978
468 838 1403638541.478 1403638559.978
640 841 1403638550.078 1403638560.128
683 841 1403638552.228 1403638560.128
698 845 1403638552.978 1403638560.328
231 845 1403638529.628 1403638560.328
755 848 1403638555.828 1403638560.478
725 850 1403638554.328 1403638560.578
765 853 1403638556.328 1403638560.728
736 855 1403638554.878 1403638560.828
738 855 1403638554.978 1403638560.828
670 856 1403638551.578 1403638560.878
716 859 1403638553.878 1403638561.028
716 861 1403638553.878 1403638561.128
640 861 1403638550.078 1403638561.128
716 881 1403638553.878 1403638562.128
716 901 1403638553.878 1403638563.128
794 921 1403638557.778 1403638564.128
224 931 1403638529.278 1403638564.628
581 933 1403638547.128 1403638564.728
502 933 1403638543.178 1403638564.728
420 933 1403638539.078 1403638564.728
698 946 1403638552.978 1403638565.378
670 981 1403638551.578 1403638567.128
237 981 1403638529.928 1403638567.128
86 981 1403638522.378 1403638567.128
561 993 1403638546.128 1403638567.728
848 1003 1403638560.478 1403638568.228
621 1019 1403638549.128 1403638569.028
817 1019 1403638558.928 1403638569.028
502 1059 1403638543.178 1403638571.028
807 1070 1403638558.428 1403638571.578
817 1081 1403638558.928 1403638572.128
101 1081 1403638523.128 1403638572.128
542 1081 1403638545.178 1403638572.128
156 1081 1403638525.878 1403638572.128
698 1081 1403638552.978 1403638572.128
861 1091 1403638561.128 1403638572.628
881 1091 1403638562.128 1403638572.628
850 1100 1403638560.578 1403638573.078
931 1111 1403638564.628 1403638573.628
861 1113 1403638561.128 1403638573.728
224 1118 1403638529.278 1403638573.978
1129 1580 1403638574.528 1403638597.078
1185 1596 1403638577.328 1403638597.878
1204 1596 1403638578.278 1403638597.878
1199 1596 1403638578.028 1403638597.878
240 1661 1403638530.078 1403638601.128
1213 1696 1403638578.728 1403638602.878
698 1712 1403638552.978 1403638603.678
683 1724 1403638552.228 1403638604.278
736 1734 1403638554.878 1403638604.778
147 1746 1403638525.428 1403638605.378
1229 1746 1403638579.528 1403638605.378
621 1746 1403638549.128 1403638605.378
1194 1751 1403638577.778 1403638605.628
1511 1773 1403638593.628 1403638606.728
1532 1773 1403638594.678 1403638606.728
1532 1774 1403638594.678 1403638606.778
1118 1777 1403638573.978 1403638606.928
1125 1777 1403638574.328 1403638606.928
1120 1781 1403638574.078 1403638607.128
1111 1782 1403638573.628 1403638607.178
859 1822 1403638561.028 1403638609.178
1760 1822 1403638606.078 1403638609.178
850 1823 1403638560.578 1403638609.228
931 1823 1403638564.628 1403638609.228
1697 1823 1403638602.928 1403638609.228
1712 1824 1403638603.678 1403638609.278
1692 1824 1403638602.678 1403638609.278
848 1826 1403638560.478 1403638609.378
1751 1826 1403638605.628 1403638609.378
850 1827 1403638560.578 1403638609.428
856 1827 1403638560.878 1403638609.428
850 1829 1403638560.578 1403638609.528
1697 1829 1403638602.928 1403638609.528
1118 1837 1403638573.978 1403638609.928
1221 1837 1403638579.128 1403638609.928
1196 1838 1403638577.878 1403638609.978
1196 1855 1403638577.878 1403638610.828
1118 1855 1403638573.978 1403638610.828
1453 1864 1403638590.728 1403638611.278
1175 1864 1403638576.828 1403638611.278
1196 1869 1403638577.878 1403638611.528
1191 1873 1403638577.628 1403638611.728
1120 1873 1403638574.078 1403638611.728
1204 1877 1403638578.278 1403638611.928
1429 1881 1403638589.528 1403638612.128
1175 1881 1403638576.828 1403638612.128
1199 1881 1403638578.028 1403638612.128
1195 1901 1403638577.828 1403638613.128
1124 1921 1403638574.278 1403638614.128
1118 1921 1403638573.978 1403638614.128
1113 1930 1403638573.728 1403638614.578
1154 1953 1403638575.778 1403638615.728
738 2008 1403638554.978 1403638618.478
1942 2008 1403638615.178 1403638618.478
1697 2011 1403638602.928 1403638618.628
1751 2011 1403638605.628 1403638618.628
1059 2021 1403638571.028 1403638619.128
1070 2033 1403638571.578 1403638619.728
951 2033 1403638565.628 1403638619.728
1070 2053 1403638571.578 1403638620.728
1070 2073 1403638571.578 1403638621.728
1070 2093 1403638571.578 1403638622.728
1081 2113 1403638572.128 1403638623.728
1289 2133 1403638582.528 1403638624.728
1081 2133 1403638572.128 1403638624.728
1113 2153 1403638573.728 1403638625.728
1121 2173 1403638574.128 1403638626.728
1218 2193 1403638578.978 1403638627.728
1210 2203 1403638578.578 1403638628.228
1213 2203 1403638578.728 1403638628.228
1120 2206 1403638574.078 1403638628.378
1185 2206 1403638577.328 1403638628.378
1129 2208 1403638574.528 1403638628.478
1194 2208 1403638577.778 1403638628.478
1188 2218 1403638577.478 1403638628.978
1349 2220 1403638585.528 1403638629.078
1229 2222 1403638579.528 1403638629.178
1121 2222 1403638574.128 1403638629.178
1126 2224 1403638574.378 1403638629.278
1199 2226 1403638578.028 1403638629.378
1121 2226 1403638574.128 1403638629.378
1121 2228 1403638574.128 1403638629.478
1199 2241 1403638578.028 1403638630.128
1229 2242 1403638579.528 1403638630.178
1127 2243 1403638574.428 1403638630.228
1199 2243 1403638578.028 1403638630.228
1121 2249 1403638574.128 1403638630.528
1121 2250 1403638574.128 1403638630.578
1126 2251 1403638574.378 1403638630.628
1121 2252 1403638574.128 1403638630.678
1191 2252 1403638577.628 1403638630.678
1196 2252 1403638577.878 1403638630.678
1135 2253 1403638574.828 1403638630.728
1755 2257 1403638605.828 1403638630.928
810 2259 1403638558.578 1403638631.028
1657 2263 1403638600.928 1403638631.228
1121 2263 1403638574.128 1403638631.228
1183 2263 1403638577.228 1403638631.228
1213 2263 1403638578.728 1403638631.228
1100 2264 1403638573.078 1403638631.278
1100 2267 1403638573.078 1403638631.428
1135 2267 1403638574.828 1403638631.428
