5 92 0.518 9.556
5 94 0.518 9.765
13 96 1.347 9.971
44 96 4.571 9.971
23 98 2.387 10.179
13 100 1.347 10.386
46 100 4.779 10.386
42 102 4.363 10.594
19 105 1.971 10.905
26 107 2.699 11.112
26 109 2.699 11.320
33 111 3.427 11.528
23 113 2.387 11.735
38 115 3.947 11.943
40 117 4.155 12.150
26 119 2.699 12.357
40 119 4.155 12.357
6 119 0.622 12.357
5 122 0.518 12.668
33 122 3.427 12.668
19 125 1.971 12.979
6 128 0.622 13.291
36 131 3.742 13.602
67 131 6.960 13.602
6 134 0.622 13.913
44 136 4.571 14.120
63 136 6.546 14.120
5 138 0.518 14.328
54 141 5.610 14.639
5 141 0.518 14.639
65 141 6.753 14.639
5 144 0.518 14.950
46 146 4.779 15.157
23 146 2.387 15.157
13 148 1.347 15.365
44 150 4.571 15.573
38 153 3.947 15.884
81 153 8.414 15.884
6 156 0.622 16.196
67 156 6.960 16.196
44 159 4.571 16.507
81 162 8.414 16.819
69 166 7.168 17.234
87 169 9.038 17.546
49 169 5.090 17.546
115 172 11.943 17.857
65 172 6.753 17.857
87 175 9.038 18.168
94 175 9.765 18.168
79 179 8.206 18.583
131 179 13.602 18.583
30 182 3.115 18.894
134 182 13.913 18.894
109 182 11.320 18.894
113 185 11.735 19.205
54 187 5.610 19.413
90 189 9.349 19.620
59 191 6.129 19.828
102 191 10.594 19.828
113 192 11.735 19.932
30 193 3.115 20.036
72 193 7.479 20.036
6 194 0.622 20.140
79 194 8.206 20.140
92 197 9.556 20.451
138 200 14.328 20.763
119 200 12.357 20.763
117 203 12.150 21.074
96 206 9.971 21.385
57 208 5.921 21.592
40 208 4.155 21.592
69 208 7.168 21.592
81 208 8.414 21.592
134 208 13.913 21.592
105 210 10.905 21.800
125 210 12.979 21.800
102 210 10.594 21.800
87 211 9.038 21.904
138 211 14.328 21.904
162 211 16.819 21.904
13 212 1.347 22.007
5 230 0.518 23.877
67 230 6.960 23.877
26 232 2.699 24.085
77 234 7.998 24.293
107 241 11.112 25.019
172 242 17.857 25.123
33 242 3.427 25.123
119 243 12.357 25.227
169 243 17.546 25.227
98 244 10.179 25.331
67 245 6.960 25.434
102 245 10.594 25.434
61 246 6.337 25.538
109 246 11.320 25.538
128 247 13.291 25.642
59 247 6.129 25.642
169 248 17.546 25.745
90 249 9.349 25.849
138 251 14.328 26.056
79 251 8.206 26.056
67 252 6.960 26.160
90 253 9.349 26.264
146 254 15.157 26.368
179 255 18.583 26.471
115 257 11.943 26.679
162 257 16.819 26.679
200 269 20.763 27.925
200 270 20.763 28.029
169 270 17.546 28.029
194 271 20.140 28.133
194 272 20.140 28.237
189 273 19.620 28.340
211 274 21.904 28.444
200 275 20.763 28.547
215 275 22.319 28.547
215 277 22.319 28.755
156 279 16.196 28.962
192 281 19.932 29.170
219 281 22.736 29.170
236 283 24.500 29.377
230 285 23.877 29.584
232 287 24.085 29.792
215 287 22.319 29.792
193 287 20.036 29.792
194 289 20.140 29.999
193 291 20.036 30.207
162 293 16.819 30.414
211 293 21.904 30.414
203 295 21.074 30.622
146 295 15.157 30.622
138 297 14.328 30.829
172 297 17.857 30.829
203 297 21.074 30.829
111 299 11.528 31.037
134 299 13.913 31.037
77 299 7.998 31.037
194 299 20.140 31.037
150 299 15.573 31.037
128 301 13.291 31.244
77 303 7.998 31.452
13 305 1.347 31.659
159 305 16.507 31.659
193 313 20.036 32.489
179 316 18.583 32.800
248 316 25.745 32.800
236 319 24.500 33.111
159 323 16.507 33.526
172 323 17.857 33.526
134 335 13.913 34.770
269 342 27.925 35.497
253 345 26.264 35.808
258 348 26.783 36.119
279 351 28.962 36.431
211 351 21.904 36.431
271 354 28.133 36.742
275 354 28.547 36.742
264 375 27.406 38.921
305 375 31.659 38.921
175 378 18.168 39.232
309 389 32.076 40.374
316 392 32.800 40.685
303 392 31.452 40.685
268 392 27.821 40.685
261 396 27.094 41.100
244 396 25.331 41.100
242 396 25.123 41.100
295 400 30.622 41.515
268 420 27.821 43.591
197 424 20.451 44.006
197 428 20.451 44.422
274 431 28.444 44.732
323 433 33.526 44.940
356 435 36.950 45.148
279 435 28.962 45.148
323 437 33.526 45.354
351 440 36.431 45.666
274 440 28.444 45.666
293 455 30.414 47.222
277 455 28.755 47.222
313 455 32.489 47.222
358 458 37.157 47.533
219 474 22.736 49.194
281 474 29.170 49.194
274 487 28.444 50.542
269 490 27.925 50.854
360 493 37.365 51.165
293 493 30.414 51.165
285 495 29.584 51.373
381 495 39.544 51.373
356 498 36.950 51.684
446 501 46.288 51.995
433 501 44.940 51.995
420 503 43.591 52.202
364 503 37.780 52.202
455 505 47.222 52.410
446 508 46.288 52.722
435 527 45.148 54.692
375 527 38.921 54.692
452 527 46.910 54.692
409 558 42.450 57.912
435 558 45.148 57.912
414 561 42.968 58.223
200 584 20.763 60.610
253 587 26.264 60.921
243 587 25.227 60.921
258 591 26.783 61.337
468 639 48.571 66.316
358 650 37.157 67.457
323 654 33.526 67.873
331 658 34.355 68.289
358 661 37.157 68.601
277 661 28.755 68.601
305 661 31.659 68.601
387 661 40.166 68.601
351 689 36.431 71.506
364 689 37.780 71.506
455 728 47.222 75.551
527 731 54.692 75.862
465 731 48.260 75.862
265 734 27.510 76.173
234 737 24.293 76.484
268 737 27.821 76.484
23 760 2.387 78.869
113 761 11.735 78.972
33 761 3.427 78.972
138 762 14.328 79.082
148 762 15.365 79.082
5 762 0.518 79.082
46 763 4.779 79.180
113 763 11.735 79.180
136 763 14.120 79.180
724 857 75.136 88.930
463 864 48.052 89.656
417 867 43.280 89.967
446 867 46.288 89.967
396 867 41.100 89.967
455 883 47.222 91.627
446 883 46.288 91.627
521 886 54.070 91.938
446 889 46.288 92.249
211 918 21.904 95.261
243 918 25.227 95.261
258 918 26.783 95.261
193 918 20.036 95.261
293 921 30.414 95.572
305 925 31.659 95.988
65 972 6.753 100.874
558 972 57.912 100.874
119 972 12.357 100.874
387 976 40.166 101.289
200 990 20.763 102.741
275 996 28.547 103.364
661 996 68.601 103.364
243 996 25.227 103.364
197 1001 20.451 103.882
243 1001 25.227 103.882
400 1073 41.515 111.352
412 1073 42.761 111.352
375 1073 38.921 111.352
637 1108 66.109 114.988
594 1114 61.648 115.613
412 1163 42.761 120.696
98 1249 10.179 129.618
144 1251 14.950 129.825
72 1251 7.479 129.825
141 1253 14.639 130.033
119 1263 12.357 131.070
23 1265 2.387 131.278
704 1289 73.061 133.766
776 1289 80.528 133.766
417 1331 43.280 138.122
362 1333 37.572 138.330
943 1360 97.862 141.131
976 1408 101.289 146.109
956 1408 99.210 146.109
440 1545 45.666 160.327
