22 84 2.283 8.731
22 90 2.283 9.355
11 96 1.142 9.978
22 100 2.283 10.394
22 102 2.283 10.602
22 104 2.283 10.810
22 106 2.283 11.018
11 108 1.142 11.225
22 111 2.283 11.537
12 117 1.246 12.161
11 126 1.142 13.100
31 135 3.216 14.039
38 142 3.942 14.769
31 168 3.216 17.468
70 168 7.275 17.468
12 172 1.246 17.883
104 172 10.810 17.883
90 172 9.355 17.883
66 172 6.859 17.883
102 175 10.602 18.195
22 179 2.283 18.610
102 179 10.602 18.610
66 183 6.859 19.026
108 188 11.225 19.545
49 188 5.089 19.545
108 193 11.225 20.064
49 193 5.089 20.064
106 197 11.018 20.480
111 199 11.537 20.688
46 202 4.776 20.999
108 202 11.225 20.999
117 207 12.161 21.519
135 212 14.039 22.039
135 217 14.039 22.558
104 217 10.810 22.558
66 221 6.859 22.974
111 224 11.537 23.286
46 227 4.776 23.598
106 227 11.018 23.598
77 227 8.003 23.598
104 230 10.810 23.909
46 230 4.776 23.909
108 233 11.225 24.221
46 236 4.776 24.533
12 240 1.246 24.949
126 244 13.100 25.364
126 249 13.100 25.883
46 253 4.776 26.299
142 253 14.769 26.299
135 275 14.039 28.586
38 275 3.942 28.586
117 279 12.161 29.002
49 283 5.089 29.417
66 334 6.859 34.710
38 334 3.942 34.710
117 340 12.161 35.333
183 389 19.026 40.431
84 389 8.731 40.431
53 389 5.506 40.431
126 394 13.100 40.950
233 415 24.221 43.131
183 419 19.026 43.546
188 423 19.545 43.961
253 426 26.299 44.273
275 430 28.586 44.688
230 430 23.909 44.688
270 432 28.066 44.896
46 438 4.776 45.519
106 438 11.018 45.519
77 441 8.003 45.831
43 441 4.463 45.831
60 444 6.235 46.142
96 444 9.978 46.142
108 450 11.225 46.765
31 450 3.216 46.765
12 450 1.246 46.765
31 459 3.216 47.697
212 484 22.039 50.295
70 484 7.275 50.295
221 489 22.974 50.817
162 494 16.845 51.338
135 541 14.039 56.226
197 542 20.480 56.331
233 544 24.221 56.539
299 546 31.080 56.747
283 548 29.417 56.956
38 557 3.942 57.891
100 576 10.394 59.862
49 578 5.089 60.070
38 581 3.942 60.381
38 584 3.942 60.693
135 587 14.039 61.004
38 600 3.942 62.354
22 603 2.283 62.665
38 606 3.942 62.977
66 609 6.859 63.288
75 612 7.795 63.600
75 615 7.795 63.911
75 617 7.795 64.119
108 619 11.225 64.327
146 620 15.185 64.431
43 620 4.463 64.431
84 621 8.731 64.536
43 622 4.463 64.640
77 628 8.003 65.263
106 772 11.018 80.236
649 815 67.446 84.709
523 815 54.355 84.709
639 841 66.407 87.408
217 897 22.558 93.225
75 925 7.795 96.134
117 927 12.161 96.342
46 929 4.776 96.551
541 944 56.226 98.112
758 944 78.777 98.112
576 1013 59.862 105.286
22 1073 2.283 111.521
