13 89
41 89
6 92
30 94
13 96
7 98
13 100
33 102
48 102
7 105
26 107
26 109
45 111
6 113
39 115
26 115
39 117
13 117
7 119
33 122
19 125
7 128
36 131
67 131
7 134
50 134
55 136
48 138
50 141
65 141
33 144
23 146
73 146
61 148
79 148
13 148
79 150
36 153
13 153
23 153
63 153
6 156
50 159
69 162
81 162
67 162
69 166
7 166
69 169
57 169
81 169
71 172
71 175
33 178
89 178
48 182
53 182
109 185
113 185
50 193
7 194
86 197
138 200
111 203
117 203
128 206
96 206
57 208
81 208
69 208
134 208
105 210
125 210
41 210
71 211
138 211
134 212
89 215
92 218
39 229
26 232
77 234
107 241
109 242
33 242
162 242
23 243
169 243
98 244
67 245
102 245
61 246
109 246
59 247
48 256
94 257
194 268
194 269
192 270
194 271
189 273
210 273
156 274
206 274
119 274
200 275
229 275
215 275
138 276
210 276
191 278
244 289
194 289
193 291
210 291
211 293
203 295
172 297
13 305
193 313
131 316
248 316
234 316
45 347
63 350
26 353
53 356
41 358
71 360
223 362
134 362
271 364
206 364
79 364
253 367
237 371
200 371
264 375
258 375
245 379
271 382
30 395
128 395
33 399
335 399
7 399
299 399
7 403
273 403
342 403
267 423
335 423
276 445
229 445
260 448
236 448
280 451
293 455
280 455
313 455
358 458
282 474
267 477
270 481
358 481
295 481
331 481
358 484
335 484
399 487
388 487
440 490
360 493
403 493
311 496
350 499
319 501
408 503
413 503
350 521
356 521
435 524
477 556
335 556
225 574
258 574
260 578
254 578
358 607
293 610
358 614
273 617
356 620
287 624
273 624
265 627
270 630
134 635
379 698
413 698
399 711
468 715
305 741
335 741
285 741
303 745
276 745
138 762
148 762
175 762
113 763
30 764
105 764
115 766
344 774
197 774
367 776
270 776
395 779
419 782
360 782
477 782
326 790
552 832
364 845
451 847
344 847
331 847
501 850
529 868
270 874
481 912
448 1073
413 1073
408 1073
416 1076
676 1102
1064 1197
105 1228
594 1240
640 1242
98 1249
128 1249
119 1263
57 1265
570 1272
514 1274
1144 1283
81 1332
244 1332
943 1360
1076 1453
275 1466
711 1564
707 1568
26 1586
