12 91 1.247 9.459
2 93 0.208 9.667
15 95 1.558 9.875
15 97 1.558 10.083
30 104 3.117 10.811
15 104 1.558 10.811
12 106 1.247 11.019
23 108 2.390 11.227
23 111 2.390 11.539
38 114 3.949 11.851
54 114 5.612 11.851
30 116 3.117 12.059
10 118 1.039 12.267
56 120 5.820 12.474
54 120 5.612 12.474
19 123 1.974 12.786
23 125 2.390 12.994
44 127 4.573 13.202
50 129 5.196 13.410
32 131 3.325 13.618
10 131 1.039 13.618
25 133 2.597 13.826
34 135 3.533 14.034
27 137 2.806 14.242
38 139 3.949 14.450
27 141 2.806 14.658
15 143 1.558 14.865
32 143 3.325 14.865
44 146 4.573 15.177
25 149 2.597 15.489
36 151 3.741 15.697
19 153 1.974 15.905
28 156 2.909 16.217
15 158 1.558 16.425
62 161 6.443 16.737
28 161 2.909 16.737
10 161 1.039 16.737
28 163 2.909 16.945
12 163 1.247 16.945
68 163 7.067 16.945
48 163 4.988 16.945
23 165 2.390 17.153
36 165 3.741 17.153
62 165 6.443 17.153
28 168 2.909 17.465
15 171 1.558 17.777
38 171 3.949 17.777
41 173 4.261 17.985
27 173 2.806 17.985
15 173 1.558 17.985
62 175 6.443 18.193
10 175 1.039 18.193
48 175 4.988 18.193
8 177 0.831 18.401
32 177 3.325 18.401
30 179 3.117 18.609
3 179 0.312 18.609
36 182 3.741 18.921
27 185 2.806 19.233
6 189 0.623 19.649
34 193 3.533 20.065
111 196 11.539 20.377
62 196 6.443 20.377
143 199 14.865 20.689
54 202 5.612 21.002
10 206 1.039 21.418
70 209 7.275 21.730
50 209 5.196 21.730
97 212 10.083 22.042
6 215 0.623 22.355
34 215 3.533 22.355
12 218 1.247 22.667
15 219 1.558 22.771
2 220 0.208 22.875
32 221 3.325 22.979
79 221 8.211 22.979
8 221 0.831 22.979
56 221 5.820 22.979
158 222 16.425 23.083
156 223 16.217 23.187
10 223 1.039 23.187
85 223 8.835 23.187
8 224 0.831 23.291
6 226 0.623 23.499
8 226 0.831 23.499
2 230 0.208 23.915
27 230 2.806 23.915
12 233 1.247 24.227
79 233 8.211 24.227
8 236 0.831 24.540
58 236 6.027 24.540
21 239 2.182 24.852
12 242 1.247 25.164
70 242 7.275 25.164
89 246 9.251 25.580
17 249 1.766 25.892
6 251 0.623 26.100
62 251 6.443 26.100
139 251 14.450 26.100
19 260 1.974 27.035
95 262 9.875 27.243
76 262 7.899 27.243
30 264 3.117 27.451
89 265 9.251 27.555
91 266 9.459 27.659
34 266 3.533 27.659
2 267 0.208 27.763
10 267 1.039 27.763
97 268 10.083 27.867
19 268 1.974 27.867
6 268 0.623 27.867
32 269 3.325 27.971
89 270 9.251 28.075
151 271 15.697 28.179
125 271 12.994 28.179
161 272 16.737 28.283
141 272 14.658 28.283
78 273 8.107 28.387
146 274 15.177 28.491
81 276 8.419 28.699
2 276 0.208 28.699
116 276 12.059 28.699
81 277 8.419 28.802
83 278 8.627 28.906
156 279 16.217 29.010
70 280 7.275 29.114
74 283 7.691 29.425
72 283 7.483 29.425
85 285 8.835 29.632
111 285 11.539 29.632
95 287 9.875 29.840
41 287 4.261 29.840
139 287 14.450 29.840
85 288 8.835 29.943
123 288 12.786 29.943
8 290 0.831 30.151
202 290 21.002 30.151
89 292 9.251 30.358
103 294 10.707 30.566
79 298 8.211 30.981
93 298 9.667 30.981
189 308 19.649 32.019
171 341 17.777 35.457
224 341 23.291 35.457
274 343 28.491 35.666
87 343 9.043 35.666
267 345 27.763 35.874
267 348 27.763 36.187
74 350 7.691 36.395
125 350 12.994 36.395
278 352 28.906 36.603
95 354 9.875 36.811
151 355 15.697 36.915
173 355 17.985 36.915
267 356 27.763 37.019
116 356 12.059 37.019
274 358 28.491 37.227
199 358 20.689 37.227
141 358 14.658 37.227
161 368 16.737 38.266
285 368 29.632 38.266
10 370 1.039 38.473
262 370 27.243 38.473
21 370 2.182 38.473
114 372 11.851 38.681
91 374 9.459 38.888
153 376 15.905 39.096
276 378 28.699 39.303
268 381 27.867 39.615
202 383 21.002 39.822
264 385 27.451 40.030
285 385 29.632 40.030
278 386 28.906 40.133
253 387 26.307 40.237
270 387 28.075 40.237
249 389 25.892 40.445
292 389 30.358 40.445
253 391 26.307 40.652
153 391 15.905 40.652
276 391 28.699 40.652
175 391 18.193 40.652
68 391 7.067 40.652
278 393 28.906 40.860
294 395 30.566 41.067
326 397 33.894 41.275
165 402 17.153 41.794
129 402 13.410 41.794
146 404 15.177 42.001
264 407 27.451 42.312
280 407 29.114 42.312
221 414 22.979 43.039
270 416 28.075 43.246
277 418 28.802 43.454
267 421 27.763 43.765
290 421 30.151 43.765
149 421 15.489 43.765
85 421 8.835 43.765
268 423 27.867 43.972
257 423 26.723 43.972
269 426 27.971 44.283
262 436 27.243 45.321
260 436 27.035 45.321
100 436 10.395 45.321
285 436 29.632 45.321
99 439 10.291 45.633
189 439 19.649 45.633
79 439 8.211 45.633
215 439 22.355 45.633
298 439 30.981 45.633
260 442 27.035 45.944
278 442 28.906 45.944
267 442 27.763 45.944
81 442 8.419 45.944
277 444 28.802 46.152
116 444 12.059 46.152
95 444 9.875 46.152
165 446 17.153 46.360
102 446 10.603 46.360
168 447 17.465 46.464
270 452 28.075 46.984
278 453 28.906 47.088
54 458 5.612 47.608
120 459 12.474 47.712
139 459 14.450 47.712
400 482 41.586 50.105
386 482 40.133 50.105
413 485 42.935 50.417
414 487 43.039 50.625
345 487 35.874 50.625
370 487 38.473 50.625
356 489 37.019 50.833
355 491 36.915 51.041
334 493 34.727 51.249
397 493 41.275 51.249
360 493 37.435 51.249
404 496 42.001 51.561
360 496 37.435 51.561
343 499 35.666 51.873
271 507 28.179 52.705
104 507 10.811 52.705
219 507 22.771 52.705
219 515 22.771 53.536
182 515 18.921 53.536
185 517 19.233 53.743
87 519 9.043 53.951
99 520 10.291 54.055
74 522 7.691 54.263
260 522 27.035 54.263
337 536 35.040 55.716
398 536 41.378 55.716
381 538 39.615 55.923
350 540 36.395 56.131
391 542 40.652 56.338
337 542 35.040 56.338
407 544 42.312 56.546
381 544 39.615 56.546
348 544 36.187 56.546
364 544 37.851 56.546
407 546 42.312 56.754
413 546 42.935 56.754
402 556 41.794 57.791
146 563 15.177 58.518
100 565 10.395 58.725
398 571 41.378 59.348
386 573 40.133 59.556
287 575 29.840 59.763
268 575 27.867 59.763
283 575 29.425 59.763
337 575 35.040 59.763
400 575 41.586 59.763
97 584 10.083 60.697
411 586 42.727 60.905
334 588 34.727 61.112
356 588 37.019 61.112
385 589 40.030 61.216
393 591 40.860 61.424
348 593 36.187 61.631
413 595 42.935 61.839
348 597 36.187 62.046
421 599 43.765 62.254
407 601 42.312 62.462
334 610 34.727 63.396
358 610 37.227 63.396
398 610 41.378 63.396
395 610 41.067 63.396
360 612 37.435 63.603
350 614 36.395 63.811
502 614 52.185 63.811
404 616 42.001 64.019
372 627 38.681 65.161
326 627 33.894 65.161
449 629 46.672 65.368
224 635 23.291 65.991
298 637 30.981 66.198
414 640 43.039 66.510
400 640 41.586 66.510
368 642 38.266 66.717
459 644 47.712 66.925
524 646 54.470 67.132
416 648 43.246 67.340
454 648 47.192 67.340
461 648 47.920 67.340
352 650 36.603 67.548
348 651 36.187 67.652
489 653 50.833 67.859
426 655 44.283 68.067
383 655 39.822 68.067
391 657 40.652 68.274
362 657 37.643 68.274
354 659 36.811 68.482
348 659 36.187 68.482
397 661 41.275 68.690
540 663 56.131 68.897
334 663 34.727 68.897
360 665 37.435 69.105
348 665 36.187 69.105
526 667 54.678 69.313
391 667 40.652 69.313
507 668 52.705 69.417
362 668 37.643 69.417
421 676 43.765 70.248
448 676 46.568 70.248
334 677 34.727 70.351
386 677 40.133 70.351
345 677 35.874 70.351
453 678 47.088 70.455
526 679 54.678 70.559
447 680 46.464 70.662
513 680 53.328 70.662
517 681 53.743 70.766
458 682 47.608 70.869
362 683 37.643 70.973
459 683 47.712 70.973
449 683 46.672 70.973
418 683 43.454 70.973
542 683 56.338 70.973
269 685 27.971 71.180
133 686 13.826 71.284
249 687 25.892 71.388
563 691 58.518 71.802
411 692 42.727 71.906
559 694 58.102 72.114
659 735 68.482 76.382
550 735 57.169 76.382
454 735 47.192 76.382
689 735 71.595 76.382
104 742 10.811 77.112
156 742 16.217 77.112
15 752 1.558 78.152
12 755 1.247 78.464
17 769 1.766 79.918
6 771 0.623 80.125
165 771 17.153 80.125
17 773 1.766 80.333
120 774 12.474 80.437
249 791 25.892 82.201
677 799 70.351 83.031
552 801 57.376 83.239
629 801 65.368 83.239
519 801 53.951 83.239
10 803 1.039 83.447
12 805 1.247 83.654
12 806 1.247 83.758
12 808 1.247 83.966
27 815 2.806 84.693
2 833 0.208 86.562
2 836 0.208 86.873
454 991 47.192 102.965
466 999 48.440 103.795
454 999 47.192 103.795
480 1001 49.897 104.003
842 1025 87.496 106.495
759 1025 78.879 106.495
782 1030 81.267 107.015
783 1033 81.371 107.327
765 1037 79.502 107.743
504 1037 52.393 107.743
507 1037 52.705 107.743
620 1037 64.434 107.743
763 1039 79.294 107.951
637 1039 66.198 107.951
726 1039 75.443 107.951
694 1041 72.114 108.159
787 1041 81.786 108.159
787 1042 81.786 108.263
810 1042 84.174 108.263
722 1043 75.025 108.367
2 1043 0.208 108.367
844 1043 87.703 108.367
765 1043 79.502 108.367
828 1043 86.043 108.367
748 1045 77.736 108.575
791 1045 82.201 108.575
828 1048 86.043 108.887
761 1048 79.087 108.887
828 1051 86.043 109.199
757 1081 78.671 112.319
454 1086 47.192 112.839
653 1087 67.859 112.943
466 1087 48.440 112.943
519 1088 53.951 113.047
