372 998 1403636598.364 1403636629.664
372 999 1403636598.364 1403636629.714
172 1001 1403636588.364 1403636629.814
162 1005 1403636587.864 1403636630.014
272 1016 1403636593.364 1403636630.564
137 1025 1403636586.614 1403636631.014
283 1032 1403636593.914 1403636631.364
172 1032 1403636588.364 1403636631.364
276 1036 1403636593.564 1403636631.564
137 1044 1403636586.614 1403636631.964
202 1051 1403636589.864 1403636632.314
381 1057 1403636598.814 1403636632.614
381 1059 1403636598.814 1403636632.714
327 1059 1403636596.114 1403636632.714
323 1067 1403636595.914 1403636633.114
283 1078 1403636593.914 1403636633.664
137 1088 1403636586.614 1403636634.164
202 1096 1403636589.864 1403636634.564
320 1106 1403636595.764 1403636635.064
372 1117 1403636598.364 1403636635.614
388 1123 1403636599.164 1403636635.914
290 1123 1403636594.264 1403636635.914
260 1126 1403636592.764 1403636636.064
162 1128 1403636587.864 1403636636.164
16 1128 1403636580.564 1403636636.164
283 1129 1403636593.914 1403636636.214
162 1129 1403636587.864 1403636636.214
283 1130 1403636593.914 1403636636.264
285 1137 1403636594.014 1403636636.614
272 1138 1403636593.364 1403636636.664
357 1140 1403636597.614 1403636636.764
280 1140 1403636593.764 1403636636.764
311 1142 1403636595.314 1403636636.864
280 1142 1403636593.764 1403636636.864
260 1146 1403636592.764 1403636637.064
162 1153 1403636587.864 1403636637.414
260 1153 1403636592.764 1403636637.414
280 1158 1403636593.764 1403636637.664
323 1161 1403636595.914 1403636637.814
283 1165 1403636593.914 1403636638.014
323 1166 1403636595.914 1403636638.064
381 1168 1403636598.814 1403636638.164
290 1168 1403636594.264 1403636638.164
16 1170 1403636580.564 1403636638.264
384 1170 1403636598.964 1403636638.264
381 1172 1403636598.814 1403636638.364
283 1177 1403636593.914 1403636638.614
285 1183 1403636594.014 1403636638.914
256 1187 1403636592.564 1403636639.114
388 1191 1403636599.164 1403636639.314
283 1191 1403636593.914 1403636639.314
260 1194 1403636592.764 1403636639.464
381 1194 1403636598.814 1403636639.464
197 1195 1403636589.614 1403636639.514
285 1197 1403636594.014 1403636639.614
256 1199 1403636592.564 1403636639.714
283 1199 1403636593.914 1403636639.714
323 1202 1403636595.914 1403636639.864
384 1207 1403636598.964 1403636640.114
283 1208 1403636593.914 1403636640.164
303 1211 1403636594.914 1403636640.314
172 1217 1403636588.364 1403636640.614
303 1217 1403636594.914 1403636640.614
285 1217 1403636594.014 1403636640.614
290 1222 1403636594.264 1403636640.864
320 1225 1403636595.764 1403636641.014
272 1232 1403636593.364 1403636641.364
280 1235 1403636593.764 1403636641.514
372 1238 1403636598.364 1403636641.664
108 1240 1403636585.164 1403636641.764
280 1246 1403636593.764 1403636642.064
108 1249 1403636585.164 1403636642.214
105 1251 1403636585.014 1403636642.314
999 1251 1403636629.714 1403636642.314
990 1254 1403636629.264 1403636642.464
926 1259 1403636626.064 1403636642.714
283 1268 1403636593.914 1403636643.164
902 1275 1403636624.864 1403636643.514
272 1279 1403636593.364 1403636643.714
922 1279 1403636625.864 1403636643.714
922 1286 1403636625.864 1403636644.064
990 1289 1403636629.264 1403636644.214
283 1294 1403636593.914 1403636644.464
925 1297 1403636626.014 1403636644.614
908 1297 1403636625.164 1403636644.614
981 1297 1403636628.814 1403636644.614
290 1297 1403636594.264 1403636644.614
981 1300 1403636628.814 1403636644.764
108 1304 1403636585.164 1403636644.964
999 1305 1403636629.714 1403636645.014
914 1305 1403636625.464 1403636645.014
323 1306 1403636595.914 1403636645.064
902 1306 1403636624.864 1403636645.064
926 1307 1403636626.064 1403636645.114
108 1307 1403636585.164 1403636645.114
1067 1310 1403636633.114 1403636645.264
108 1310 1403636585.164 1403636645.264
990 1310 1403636629.264 1403636645.264
910 1310 1403636625.264 1403636645.264
1067 1313 1403636633.114 1403636645.414
981 1313 1403636628.814 1403636645.414
197 1313 1403636589.614 1403636645.414
990 1319 1403636629.264 1403636645.714
990 1322 1403636629.264 1403636645.864
1067 1322 1403636633.114 1403636645.864
1067 1323 1403636633.114 1403636645.914
990 1323 1403636629.264 1403636645.914
108 1323 1403636585.164 1403636645.914
990 1326 1403636629.264 1403636646.064
906 1326 1403636625.064 1403636646.064
908 1328 1403636625.164 1403636646.164
1032 1330 1403636631.364 1403636646.264
104 1331 1403636584.964 1403636646.314
990 1331 1403636629.264 1403636646.314
1032 1335 1403636631.364 1403636646.514
990 1335 1403636629.264 1403636646.514
16 1335 1403636580.564 1403636646.514
1146 1336 1403636637.064 1403636646.564
999 1338 1403636629.714 1403636646.664
172 1338 1403636588.364 1403636646.664
922 1340 1403636625.864 1403636646.764
974 1340 1403636628.464 1403636646.764
974 1343 1403636628.464 1403636646.914
280 1346 1403636593.764 1403636647.064
1126 1348 1403636636.064 1403636647.164
981 1350 1403636628.814 1403636647.264
974 1353 1403636628.464 1403636647.414
974 1356 1403636628.464 1403636647.564
983 1357 1403636628.914 1403636647.614
1036 1357 1403636631.564 1403636647.614
925 1358 1403636626.014 1403636647.664
967 1358 1403636628.114 1403636647.664
1146 1359 1403636637.064 1403636647.714
16 1359 1403636580.564 1403636647.714
105 1361 1403636585.014 1403636647.814
1146 1366 1403636637.064 1403636648.064
1177 1386 1403636638.614 1403636649.064
1126 1386 1403636636.064 1403636649.064
1195 1394 1403636639.514 1403636649.464
957 1394 1403636627.614 1403636649.464
1106 1414 1403636635.064 1403636650.464
974 1434 1403636628.464 1403636651.464
1310 1451 1403636645.264 1403636652.314
1289 1451 1403636644.214 1403636652.314
1343 1471 1403636646.914 1403636653.314
1059 1491 1403636632.714 1403636654.314
967 1491 1403636628.114 1403636654.314
1340 1491 1403636646.764 1403636654.314
1207 1503 1403636640.114 1403636654.914
1032 1503 1403636631.364 1403636654.914
1319 1503 1403636645.714 1403636654.914
1165 1508 1403636638.014 1403636655.164
1051 1508 1403636632.314 1403636655.164
1240 1514 1403636641.764 1403636655.464
1126 1514 1403636636.064 1403636655.464
974 1521 1403636628.464 1403636655.814
1177 1523 1403636638.614 1403636655.914
1279 1523 1403636643.714 1403636655.914
104 1525 1403636584.964 1403636656.014
998 1525 1403636629.664 1403636656.014
1346 1525 1403636647.064 1403636656.014
1346 1526 1403636647.064 1403636656.064
108 1526 1403636585.164 1403636656.064
1078 1526 1403636633.664 1403636656.064
1153 1527 1403636637.414 1403636656.114
1067 1529 1403636633.114 1403636656.214
967 1529 1403636628.114 1403636656.214
1194 1530 1403636639.464 1403636656.264
953 1531 1403636627.414 1403636656.314
1335 1534 1403636646.514 1403636656.464
1057 1537 1403636632.614 1403636656.614
105 1539 1403636585.014 1403636656.714
1005 1539 1403636630.014 1403636656.714
327 1539 1403636596.114 1403636656.714
1096 1541 1403636634.564 1403636656.814
1249 1541 1403636642.214 1403636656.814
957 1543 1403636627.614 1403636656.914
1096 1547 1403636634.564 1403636657.114
1319 1547 1403636645.714 1403636657.114
1130 1551 1403636636.264 1403636657.314
974 1551 1403636628.464 1403636657.314
953 1557 1403636627.414 1403636657.614
1137 1562 1403636636.614 1403636657.864
1051 1562 1403636632.314 1403636657.864
957 1572 1403636627.614 1403636658.364
1300 1572 1403636644.764 1403636658.364
1340 1585 1403636646.764 1403636659.014
990 1606 1403636629.264 1403636660.064
105 1606 1403636585.014 1403636660.064
1268 1631 1403636643.164 1403636661.314
1394 1667 1403636649.464 1403636663.114
1153 1667 1403636637.414 1403636663.114
1161 1696 1403636637.814 1403636664.564
1096 1696 1403636634.564 1403636664.564
1305 1696 1403636645.014 1403636664.564
971 1696 1403636628.314 1403636664.564
1304 1712 1403636644.964 1403636665.364
1202 1720 1403636639.864 1403636665.764
1129 1720 1403636636.214 1403636665.764
1059 1720 1403636632.714 1403636665.764
1326 1725 1403636646.064 1403636666.014
1307 1725 1403636645.114 1403636666.014
108 1731 1403636585.164 1403636666.314
1246 1731 1403636642.064 1403636666.314
1326 1736 1403636646.064 1403636666.564
971 1737 1403636628.314 1403636666.614
1343 1737 1403636646.914 1403636666.614
1195 1737 1403636639.514 1403636666.614
1414 1737 1403636650.464 1403636666.614
260 1737 1403636592.764 1403636666.614
1166 1737 1403636638.064 1403636666.614
1331 1739 1403636646.314 1403636666.714
105 1739 1403636585.014 1403636666.714
1323 1742 1403636645.914 1403636666.864
1128 1744 1403636636.164 1403636666.964
1275 1747 1403636643.514 1403636667.114
1168 1751 1403636638.164 1403636667.314
1326 1754 1403636646.064 1403636667.464
1359 1755 1403636647.714 1403636667.514
1356 1756 1403636647.564 1403636667.564
1356 1757 1403636647.564 1403636667.614
1140 1758 1403636636.764 1403636667.664
1330 1758 1403636646.264 1403636667.664
981 1759 1403636628.814 1403636667.714
1331 1760 1403636646.314 1403636667.764
1348 1760 1403636647.164 1403636667.764
1051 1760 1403636632.314 1403636667.764
1137 1760 1403636636.614 1403636667.764
1289 1760 1403636644.214 1403636667.764
1340 1762 1403636646.764 1403636667.864
1336 1762 1403636646.564 1403636667.864
983 1765 1403636628.914 1403636668.014
924 1765 1403636625.964 1403636668.014
1106 1768 1403636635.064 1403636668.164
1323 1771 1403636645.914 1403636668.314
981 1771 1403636628.814 1403636668.314
1044 1773 1403636631.964 1403636668.414
1059 1779 1403636632.714 1403636668.714
1304 1779 1403636644.964 1403636668.714
983 1779 1403636628.914 1403636668.714
1158 1785 1403636637.664 1403636669.014
1323 1785 1403636645.914 1403636669.014
1123 1791 1403636635.914 1403636669.314
1259 1791 1403636642.714 1403636669.314
1057 1791 1403636632.614 1403636669.314
1348 1791 1403636647.164 1403636669.314
1067 1796 1403636633.114 1403636669.564
1326 1796 1403636646.064 1403636669.564
960 1796 1403636627.764 1403636669.564
1138 1800 1403636636.664 1403636669.764
1313 1803 1403636645.414 1403636669.914
1172 1805 1403636638.364 1403636670.014
1078 1805 1403636633.664 1403636670.014
1254 1808 1403636642.464 1403636670.164
1153 1808 1403636637.414 1403636670.164
1078 1808 1403636633.664 1403636670.164
1297 1808 1403636644.614 1403636670.164
1059 1811 1403636632.714 1403636670.314
1343 1811 1403636646.914 1403636670.314
1343 1813 1403636646.914 1403636670.414
990 1817 1403636629.264 1403636670.614
1117 1817 1403636635.614 1403636670.614
1310 1823 1403636645.264 1403636670.914
1123 1827 1403636635.914 1403636671.114
1137 1827 1403636636.614 1403636671.114
1172 1827 1403636638.364 1403636671.114
1304 1827 1403636644.964 1403636671.114
1138 1847 1403636636.664 1403636672.114
1310 1847 1403636645.264 1403636672.114
1088 1867 1403636634.164 1403636673.114
1240 1906 1403636641.764 1403636675.064
994 1906 1403636629.464 1403636675.064
1044 1913 1403636631.964 1403636675.414
1130 1913 1403636636.264 1403636675.414
1249 1916 1403636642.214 1403636675.564
998 1916 1403636629.664 1403636675.564
1078 1916 1403636633.664 1403636675.564
981 1923 1403636628.814 1403636675.914
1138 1932 1403636636.664 1403636676.364
1059 1932 1403636632.714 1403636676.364
1096 1936 1403636634.564 1403636676.564
998 1941 1403636629.664 1403636676.814
1313 1952 1403636645.414 1403636677.364
1326 1956 1403636646.064 1403636677.564
1140 1958 1403636636.764 1403636677.664
1128 1961 1403636636.164 1403636677.814
1036 1963 1403636631.564 1403636677.914
1140 1963 1403636636.764 1403636677.914
104 1963 1403636584.964 1403636677.914
1130 1969 1403636636.264 1403636678.214
1153 1973 1403636637.414 1403636678.414
1823 1987 1403636670.914 1403636679.114
1451 1991 1403636652.314 1403636679.314
1800 1991 1403636669.764 1403636679.314
1067 1993 1403636633.114 1403636679.414
994 1993 1403636629.464 1403636679.414
974 1993 1403636628.464 1403636679.414
1471 2004 1403636653.314 1403636679.964
1754 2006 1403636667.464 1403636680.064
1759 2011 1403636667.714 1403636680.314
1867 2015 1403636673.114 1403636680.514
1773 2015 1403636668.414 1403636680.514
1755 2019 1403636667.514 1403636680.714
1366 2023 1403636648.064 1403636680.914
1916 2023 1403636675.564 1403636680.914
1585 2023 1403636659.014 1403636680.914
1827 2024 1403636671.114 1403636680.964
1739 2024 1403636666.714 1403636680.964
1847 2045 1403636672.114 1403636682.014
1572 2045 1403636658.364 1403636682.014
1667 2045 1403636663.114 1403636682.014
1906 2081 1403636675.064 1403636683.814
1331 2110 1403636646.314 1403636685.264
1667 2110 1403636663.114 1403636685.264
1827 2114 1403636671.114 1403636685.464
1785 2114 1403636669.014 1403636685.464
1932 2114 1403636676.364 1403636685.464
260 2114 1403636592.764 1403636685.464
997 2114 1403636629.614 1403636685.464
1737 2115 1403636666.614 1403636685.514
1394 2118 1403636649.464 1403636685.664
1791 2118 1403636669.314 1403636685.664
1128 2121 1403636636.164 1403636685.814
1323 2121 1403636645.914 1403636685.814
981 2123 1403636628.814 1403636685.914
1336 2132 1403636646.564 1403636686.364
1941 2134 1403636676.814 1403636686.464
1958 2134 1403636677.664 1403636686.464
1932 2137 1403636676.364 1403636686.614
1800 2140 1403636669.764 1403636686.764
1906 2143 1403636675.064 1403636686.914
1754 2146 1403636667.464 1403636687.064
1796 2146 1403636669.564 1403636687.064
1961 2148 1403636677.814 1403636687.164
1346 2148 1403636647.064 1403636687.164
1800 2148 1403636669.764 1403636687.164
1817 2150 1403636670.614 1403636687.264
1117 2150 1403636635.614 1403636687.264
974 2150 1403636628.464 1403636687.264
1335 2150 1403636646.514 1403636687.264
1527 2150 1403636656.114 1403636687.264
1088 2150 1403636634.164 1403636687.264
1731 2150 1403636666.314 1403636687.264
1451 2156 1403636652.314 1403636687.564
1785 2159 1403636669.014 1403636687.714
1932 2163 1403636676.364 1403636687.914
1414 2163 1403636650.464 1403636687.914
1129 2167 1403636636.214 1403636688.114
1346 2167 1403636647.064 1403636688.114
1195 2172 1403636639.514 1403636688.364
1366 2172 1403636648.064 1403636688.364
1328 2181 1403636646.164 1403636688.814
1527 2229 1403636656.114 1403636691.214
1736 2229 1403636666.564 1403636691.214
1796 2234 1403636669.564 1403636691.464
1725 2234 1403636666.014 1403636691.464
1936 2241 1403636676.564 1403636691.814
1414 2241 1403636650.464 1403636691.814
1803 2248 1403636669.914 1403636692.164
1747 2248 1403636667.114 1403636692.164
1963 2248 1403636677.914 1403636692.164
1067 2263 1403636633.114 1403636692.914
1323 2263 1403636645.914 1403636692.914
1307 2273 1403636645.114 1403636693.414
971 2309 1403636628.314 1403636695.214
1207 2312 1403636640.114 1403636695.364
1336 2312 1403636646.564 1403636695.364
1359 2315 1403636647.714 1403636695.514
1361 2315 1403636647.814 1403636695.514
1211 2321 1403636640.314 1403636695.814
1197 2324 1403636639.614 1403636695.964
1335 2330 1403636646.514 1403636696.264
1358 2333 1403636647.664 1403636696.414
1211 2333 1403636640.314 1403636696.414
1300 2333 1403636644.764 1403636696.414
1165 2333 1403636638.014 1403636696.414
1330 2343 1403636646.264 1403636696.914
1358 2349 1403636647.664 1403636697.214
1785 2354 1403636669.014 1403636697.464
1335 2354 1403636646.514 1403636697.464
1343 2354 1403636646.914 1403636697.464
1827 2354 1403636671.114 1403636697.464
983 2382 1403636628.914 1403636698.864
1161 2427 1403636637.814 1403636701.114
1153 2427 1403636637.414 1403636701.114
922 2427 1403636625.864 1403636701.114
105 2445 1403636585.014 1403636702.014
2019 2460 1403636680.714 1403636702.764
2248 2460 1403636692.164 1403636702.764
1796 2460 1403636669.564 1403636702.764
2241 2462 1403636691.814 1403636702.864
2248 2467 1403636692.164 1403636703.114
2128 2476 1403636686.164 1403636703.564
2167 2483 1403636688.114 1403636703.914
1165 2483 1403636638.014 1403636703.914
1322 2483 1403636645.864 1403636703.914
2300 2483 1403636694.764 1403636703.914
2300 2505 1403636694.764 1403636705.014
2071 2505 1403636683.314 1403636705.014
2248 2505 1403636692.164 1403636705.014
2125 2513 1403636686.014 1403636705.414
2349 2513 1403636697.214 1403636705.414
2288 2513 1403636694.164 1403636705.414
1294 2514 1403636644.464 1403636705.464
2159 2515 1403636687.714 1403636705.514
983 2515 1403636628.914 1403636705.514
2205 2516 1403636690.014 1403636705.564
2163 2518 1403636687.914 1403636705.664
1631 2526 1403636661.314 1403636706.064
1631 2527 1403636661.314 1403636706.114
1491 2531 1403636654.314 1403636706.314
2300 2535 1403636694.764 1403636706.514
1126 2535 1403636636.064 1403636706.514
2078 2535 1403636683.664 1403636706.514
983 2538 1403636628.914 1403636706.664
1319 2538 1403636645.714 1403636706.664
1158 2538 1403636637.664 1403636706.664
2263 2538 1403636692.914 1403636706.664
2098 2538 1403636684.664 1403636706.664
2241 2538 1403636691.814 1403636706.664
2363 2538 1403636697.914 1403636706.664
2167 2540 1403636688.114 1403636706.764
999 2540 1403636629.714 1403636706.764
2343 2545 1403636696.914 1403636707.014
971 2545 1403636628.314 1403636707.014
1123 2548 1403636635.914 1403636707.164
2015 2550 1403636680.514 1403636707.264
997 2550 1403636629.614 1403636707.264
987 2554 1403636629.114 1403636707.464
981 2554 1403636628.814 1403636707.464
1036 2556 1403636631.564 1403636707.564
983 2561 1403636628.914 1403636707.814
1067 2563 1403636633.114 1403636707.914
1128 2563 1403636636.164 1403636707.914
2062 2564 1403636682.864 1403636707.964
2273 2566 1403636693.414 1403636708.064
2130 2568 1403636686.264 1403636708.164
1319 2568 1403636645.714 1403636708.164
1168 2568 1403636638.164 1403636708.164
2150 2570 1403636687.264 1403636708.264
1996 2572 1403636679.564 1403636708.364
2071 2572 1403636683.314 1403636708.364
994 2572 1403636629.464 1403636708.364
1361 2572 1403636647.814 1403636708.364
2078 2575 1403636683.664 1403636708.514
1126 2575 1403636636.064 1403636708.514
2159 2575 1403636687.714 1403636708.514
2205 2582 1403636690.014 1403636708.864
1356 2630 1403636647.564 1403636711.264
1323 2634 1403636645.914 1403636711.464
1137 2713 1403636636.614 1403636715.414
1057 2717 1403636632.614 1403636715.614
1096 2734 1403636634.564 1403636716.464
1057 2740 1403636632.614 1403636716.764
105 2744 1403636585.014 1403636716.964
1158 2746 1403636637.664 1403636717.064
1067 2749 1403636633.114 1403636717.214
1335 2753 1403636646.514 1403636717.414
1361 2753 1403636647.814 1403636717.414
1096 2758 1403636634.564 1403636717.664
1348 2773 1403636647.164 1403636718.414
1328 2780 1403636646.164 1403636718.764
1137 2784 1403636636.614 1403636718.964
987 2784 1403636629.114 1403636718.964
1980 2784 1403636678.764 1403636718.964
2476 2784 1403636703.564 1403636718.964
1331 2784 1403636646.314 1403636718.964
1451 2784 1403636652.314 1403636718.964
924 2784 1403636625.964 1403636718.964
1785 2854 1403636669.014 1403636722.464
1366 2864 1403636648.064 1403636722.964
1275 2872 1403636643.514 1403636723.364
1078 2878 1403636633.664 1403636723.664
1067 2891 1403636633.114 1403636724.314
1394 2891 1403636649.464 1403636724.314
987 2891 1403636629.114 1403636724.314
1044 2894 1403636631.964 1403636724.464
1338 2903 1403636646.664 1403636724.914
981 2903 1403636628.814 1403636724.914
1366 2911 1403636648.064 1403636725.314
1335 2911 1403636646.514 1403636725.314
1289 2934 1403636644.214 1403636726.464
1044 2934 1403636631.964 1403636726.464
1350 2934 1403636647.264 1403636726.464
981 2934 1403636628.814 1403636726.464
1756 2934 1403636667.564 1403636726.464
1059 2955 1403636632.714 1403636727.514
1051 2975 1403636632.314 1403636728.514
1059 2985 1403636632.714 1403636729.014
1025 2990 1403636631.014 1403636729.264
1044 2995 1403636631.964 1403636729.514
104 2995 1403636584.964 1403636729.514
1932 3000 1403636676.364 1403636729.764
1059 3000 1403636632.714 1403636729.764
1057 3004 1403636632.614 1403636729.964
1350 3009 1403636647.264 1403636730.214
1754 3012 1403636667.464 1403636730.364
1805 3026 1403636670.014 1403636731.064
990 3026 1403636629.264 1403636731.064
1158 3026 1403636637.664 1403636731.064
1936 3058 1403636676.564 1403636732.664
1307 3058 1403636645.114 1403636732.664
1117 3058 1403636635.614 1403636732.664
1348 3065 1403636647.164 1403636733.014
1330 3068 1403636646.264 1403636733.164
1521 3068 1403636655.814 1403636733.164
1361 3068 1403636647.814 1403636733.164
990 3068 1403636629.264 1403636733.164
1817 3068 1403636670.614 1403636733.164
2455 3068 1403636702.514 1403636733.164
2023 3073 1403636680.914 1403636733.414
1923 3073 1403636675.914 1403636733.414
1096 3073 1403636634.564 1403636733.414
990 3073 1403636629.264 1403636733.414
105 3073 1403636585.014 1403636733.414
1005 3073 1403636630.014 1403636733.414
1153 3078 1403636637.414 1403636733.664
1067 3082 1403636633.114 1403636733.864
1177 3082 1403636638.614 1403636733.864
1025 3088 1403636631.014 1403636734.164
108 3094 1403636585.164 1403636734.464
1932 3094 1403636676.364 1403636734.464
1032 3094 1403636631.364 1403636734.464
1348 3094 1403636647.164 1403636734.464
1137 3139 1403636636.614 1403636736.714
1123 3149 1403636635.914 1403636737.214
1744 3181 1403636666.964 1403636738.814
1394 3181 1403636649.464 1403636738.814
1941 3201 1403636676.814 1403636739.814
1106 3201 1403636635.064 1403636739.814
1712 3201 1403636665.364 1403636739.814
2131 3201 1403636686.314 1403636739.814
1696 3234 1403636664.564 1403636741.464
1813 3234 1403636670.414 1403636741.464
1803 3267 1403636669.914 1403636743.114
1451 3267 1403636652.314 1403636743.114
2513 3285 1403636705.414 1403636744.014
1712 3293 1403636665.364 1403636744.414
1744 3297 1403636666.964 1403636744.614
1451 3300 1403636652.314 1403636744.764
1941 3300 1403636676.814 1403636744.764
1768 3300 1403636668.164 1403636744.764
1366 3300 1403636648.064 1403636744.764
2128 3304 1403636686.164 1403636744.964
2062 3306 1403636682.864 1403636745.064
2241 3306 1403636691.814 1403636745.064
2354 3306 1403636697.464 1403636745.064
2146 3306 1403636687.064 1403636745.064
1936 3334 1403636676.564 1403636746.464
2515 3334 1403636705.514 1403636746.464
2650 3334 1403636712.264 1403636746.464
2455 3334 1403636702.514 1403636746.464
1731 3350 1403636666.314 1403636747.264
1739 3357 1403636666.714 1403636747.614
1451 3357 1403636652.314 1403636747.614
1768 3362 1403636668.164 1403636747.864
2513 3367 1403636705.414 1403636748.114
1932 3367 1403636676.364 1403636748.114
1541 3373 1403636656.814 1403636748.414
1785 3373 1403636669.014 1403636748.414
2513 3373 1403636705.414 1403636748.414
1394 3373 1403636649.464 1403636748.414
981 3373 1403636628.814 1403636748.414
1720 3378 1403636665.764 1403636748.664
1779 3385 1403636668.714 1403636749.014
1606 3389 1403636660.064 1403636749.214
1847 3393 1403636672.114 1403636749.414
1631 3393 1403636661.314 1403636749.414
1923 3398 1403636675.914 1403636749.664
2566 3402 1403636708.064 1403636749.864
1275 3402 1403636643.514 1403636749.864
2514 3402 1403636705.464 1403636749.864
1996 3405 1403636679.564 1403636750.014
1451 3405 1403636652.314 1403636750.014
1126 3405 1403636636.064 1403636750.014
1731 3405 1403636666.314 1403636750.014
2019 3412 1403636680.714 1403636750.364
2508 3412 1403636705.164 1403636750.364
1051 3420 1403636632.314 1403636750.764
1025 3427 1403636631.014 1403636751.114
2026 3438 1403636681.064 1403636751.664
2564 3438 1403636707.964 1403636751.664
2513 3443 1403636705.414 1403636751.914
1941 3452 1403636676.814 1403636752.364
2071 3452 1403636683.314 1403636752.364
1827 3452 1403636671.114 1403636752.364
1572 3452 1403636658.364 1403636752.364
1785 3454 1403636669.014 1403636752.464
1906 3462 1403636675.064 1403636752.864
1754 3471 1403636667.464 1403636753.314
1712 3479 1403636665.364 1403636753.714
2078 3502 1403636683.664 1403636754.864
2515 3502 1403636705.514 1403636754.864
2181 3502 1403636688.814 1403636754.864
1246 3502 1403636642.064 1403636754.864
1146 3502 1403636637.064 1403636754.864
1336 3502 1403636646.564 1403636754.864
1123 3505 1403636635.914 1403636755.014
1161 3512 1403636637.814 1403636755.364
1130 3512 1403636636.264 1403636755.364
1123 3522 1403636635.914 1403636755.864
2283 3531 1403636693.914 1403636756.314
1067 3551 1403636633.114 1403636757.314
1036 3554 1403636631.564 1403636757.464
1307 3554 1403636645.114 1403636757.464
2561 3554 1403636707.814 1403636757.464
1146 3554 1403636637.064 1403636757.464
2768 3554 1403636718.164 1403636757.464
1088 3556 1403636634.164 1403636757.564
1059 3557 1403636632.714 1403636757.614
108 3559 1403636585.164 1403636757.714
1016 3561 1403636630.564 1403636757.814
1128 3561 1403636636.164 1403636757.814
1166 3563 1403636638.064 1403636757.914
1025 3566 1403636631.014 1403636758.064
2130 3566 1403636686.264 1403636758.064
2363 3566 1403636697.914 1403636758.064
1059 3567 1403636632.714 1403636758.114
1158 3568 1403636637.664 1403636758.164
1306 3569 1403636645.064 1403636758.214
2887 3569 1403636724.114 1403636758.214
960 3569 1403636627.764 1403636758.214
1057 3571 1403636632.614 1403636758.314
981 3581 1403636628.814 1403636758.814
1067 3585 1403636633.114 1403636759.014
2934 3585 1403636726.464 1403636759.014
3012 3585 1403636730.364 1403636759.014
2740 3585 1403636716.764 1403636759.014
108 3587 1403636585.164 1403636759.114
921 3587 1403636625.814 1403636759.114
1059 3588 1403636632.714 1403636759.164
1202 3588 1403636639.864 1403636759.164
320 3588 1403636595.764 1403636759.164
2462 3588 1403636702.864 1403636759.164
2599 3588 1403636709.714 1403636759.164
902 3588 1403636624.864 1403636759.164
1358 3588 1403636647.664 1403636759.164
930 3590 1403636626.264 1403636759.264
953 3592 1403636627.414 1403636759.364
