185 580 1403638136.545 1403638156.295
53 648 1403638129.945 1403638159.695
61 648 1403638130.345 1403638159.695
414 650 1403638147.995 1403638159.795
131 654 1403638133.845 1403638159.995
414 660 1403638147.995 1403638160.295
40 671 1403638129.295 1403638160.845
489 691 1403638151.745 1403638161.845
202 711 1403638137.395 1403638162.845
202 731 1403638137.395 1403638163.845
69 737 1403638130.745 1403638164.145
53 739 1403638129.945 1403638164.245
414 740 1403638147.995 1403638164.295
202 742 1403638137.395 1403638164.395
210 744 1403638137.795 1403638164.495
131 744 1403638133.845 1403638164.495
185 745 1403638136.545 1403638164.545
414 745 1403638147.995 1403638164.545
202 747 1403638137.395 1403638164.645
469 748 1403638150.745 1403638164.695
185 749 1403638136.545 1403638164.745
202 750 1403638137.395 1403638164.795
131 751 1403638133.845 1403638164.845
48 751 1403638129.695 1403638164.845
202 752 1403638137.395 1403638164.895
61 753 1403638130.345 1403638164.945
414 754 1403638147.995 1403638164.995
489 777 1403638151.745 1403638166.145
41 777 1403638129.345 1403638166.145
210 788 1403638137.795 1403638166.695
414 801 1403638147.995 1403638167.345
565 823 1403638155.545 1403638168.445
671 825 1403638160.845 1403638168.545
750 827 1403638164.795 1403638168.645
711 830 1403638162.845 1403638168.795
740 833 1403638164.295 1403638168.945
748 836 1403638164.695 1403638169.095
811 944 1403638167.845 1403638174.495
754 951 1403638164.995 1403638174.845
823 951 1403638168.445 1403638174.845
833 959 1403638168.945 1403638175.245
764 968 1403638165.495 1403638175.695
671 979 1403638160.845 1403638176.245
131 995 1403638133.845 1403638177.045
131 1065 1403638133.845 1403638180.545
756 1066 1403638165.095 1403638180.595
629 1066 1403638158.745 1403638180.595
131 1070 1403638133.845 1403638180.795
131 1084 1403638133.845 1403638181.495
1070 1525 1403638180.795 1403638203.545
1130 1529 1403638183.795 1403638203.745
1150 1558 1403638184.795 1403638205.195
1158 1560 1403638185.195 1403638205.295
1076 1561 1403638181.095 1403638205.345
756 1566 1403638165.095 1403638205.595
748 1569 1403638164.695 1403638205.745
711 1569 1403638162.845 1403638205.745
559 1569 1403638155.245 1403638205.745
1146 1628 1403638184.595 1403638208.695
1323 1628 1403638193.445 1403638208.695
844 1632 1403638169.495 1403638208.895
1560 1632 1403638205.295 1403638208.895
1569 1633 1403638205.745 1403638208.945
842 1633 1403638169.395 1403638208.945
838 1634 1403638169.195 1403638208.995
844 1635 1403638169.495 1403638209.045
1561 1643 1403638205.345 1403638209.445
1569 1649 1403638205.745 1403638209.745
1529 1657 1403638203.745 1403638210.145
1569 1657 1403638205.745 1403638210.145
1587 1657 1403638206.645 1403638210.145
1569 1677 1403638205.745 1403638211.145
816 1697 1403638168.095 1403638212.145
844 1697 1403638169.495 1403638212.145
1560 1697 1403638205.295 1403638212.145
820 1707 1403638168.295 1403638212.645
1543 1711 1403638204.445 1403638212.845
1587 1711 1403638206.645 1403638212.845
801 1711 1403638167.345 1403638212.845
1065 1712 1403638180.545 1403638212.895
1543 1721 1403638204.445 1403638213.345
1077 1723 1403638181.145 1403638213.445
1161 1743 1403638185.345 1403638214.445
1076 1756 1403638181.095 1403638215.095
944 1776 1403638174.495 1403638216.095
1153 1920 1403638184.945 1403638223.295
1183 1920 1403638186.445 1403638223.295
1112 1927 1403638182.895 1403638223.645
1163 1927 1403638185.445 1403638223.645
1183 1931 1403638186.445 1403638223.845
1161 1935 1403638185.345 1403638224.045
1129 1935 1403638183.745 1403638224.045
1046 1936 1403638179.595 1403638224.095
1154 1936 1403638184.995 1403638224.095
1116 1943 1403638183.095 1403638224.445
1154 1943 1403638184.995 1403638224.445
1137 1946 1403638184.145 1403638224.595
1154 1946 1403638184.995 1403638224.595
1070 1958 1403638180.795 1403638225.195
1137 1959 1403638184.145 1403638225.245
1050 1962 1403638179.795 1403638225.395
1161 1968 1403638185.345 1403638225.695
1146 1968 1403638184.595 1403638225.695
1633 1977 1403638208.945 1403638226.145
754 1978 1403638164.995 1403638226.195
1598 1979 1403638207.195 1403638226.245
1614 1980 1403638207.995 1403638226.295
1640 1980 1403638209.295 1403638226.295
1628 1981 1403638208.695 1403638226.345
