90 182 9.378 18.965
67 182 6.983 18.965
61 187 6.358 19.486
39 187 4.065 19.486
67 191 6.983 19.903
13 194 1.355 20.216
104 194 10.837 20.216
64 199 6.670 20.737
131 204 13.656 21.258
79 204 8.233 21.258
18 207 1.877 21.571
73 211 7.608 21.989
67 217 6.983 22.614
111 217 11.566 22.614
70 223 7.295 23.240
90 223 9.378 23.240
96 228 10.003 23.761
81 228 8.441 23.761
81 232 8.441 24.178
104 235 10.837 24.490
58 238 6.045 24.803
120 239 12.506 24.907
67 240 6.983 25.012
46 240 4.795 25.012
101 240 10.524 25.012
28 241 2.919 25.116
58 241 6.045 25.116
61 244 6.358 25.429
39 244 4.065 25.429
73 247 7.608 25.741
50 252 5.212 26.263
23 257 2.398 26.784
99 257 10.316 26.784
6 260 0.625 27.097
61 263 6.358 27.409
5 263 0.521 27.409
54 265 5.628 27.618
70 267 7.295 27.826
13 267 1.355 27.826
54 267 5.628 27.826
120 269 12.506 28.035
70 271 7.295 28.243
104 274 10.837 28.556
61 274 6.358 28.556
93 278 9.691 28.973
58 283 6.045 29.495
79 283 8.233 29.495
131 288 13.656 30.016
67 288 6.983 30.016
61 293 6.358 30.537
166 293 17.299 30.537
67 293 6.983 30.537
160 329 16.675 34.290
228 329 23.761 34.290
241 332 25.116 34.602
187 335 19.486 34.915
156 335 16.260 34.915
271 339 28.243 35.332
204 339 21.258 35.332
228 345 23.761 35.957
163 352 16.986 36.685
199 352 20.737 36.685
217 357 22.614 37.207
131 357 13.656 37.207
43 366 4.482 38.148
247 370 25.741 38.564
166 370 17.299 38.564
238 372 24.803 38.773
169 372 17.611 38.773
169 375 17.611 39.085
235 375 24.490 39.085
169 389 17.611 40.545
166 389 17.299 40.545
217 389 22.614 40.545
244 392 25.429 40.858
240 395 25.012 41.170
269 395 28.035 41.170
207 395 21.571 41.170
232 398 24.178 41.483
244 408 25.429 42.525
177 408 18.444 42.525
293 419 30.537 43.669
13 444 1.355 46.271
81 444 8.441 46.271
408 466 42.525 48.568
156 474 16.260 49.408
36 476 3.753 49.610
223 476 23.240 49.610
145 479 15.116 49.923
308 481 32.101 50.131
228 481 23.761 50.131
173 484 18.027 50.444
173 503 18.027 52.424
316 503 32.936 52.424
257 510 26.784 53.155
361 517 37.625 53.882
293 567 30.537 59.094
163 567 16.986 59.094
379 570 39.502 59.408
247 570 25.741 59.408
352 573 36.685 59.721
156 586 16.260 61.076
207 603 21.571 62.850
472 612 49.193 63.785
163 624 16.986 65.036
260 627 27.097 65.349
263 643 27.409 67.018
303 645 31.580 67.225
160 645 16.675 67.225
479 653 49.923 68.059
156 656 16.260 68.371
274 667 28.556 69.517
140 670 14.595 69.830
131 673 13.656 70.142
79 673 8.233 70.142
288 676 30.016 70.455
160 679 16.675 70.768
375 701 39.085 73.060
474 701 49.408 73.060
312 705 32.519 73.476
293 708 30.537 73.789
131 711 13.656 74.101
312 751 32.519 78.269
228 762 23.761 79.416
140 762 14.595 79.416
267 762 27.826 79.416
163 765 16.986 79.728
773 869 80.563 90.566
606 873 63.160 90.983
737 873 76.810 90.983
726 880 75.664 91.714
603 880 62.850 91.714
382 897 39.815 93.490
645 920 67.225 95.886
688 920 71.705 95.886
679 924 70.768 96.301
612 924 63.785 96.301
615 928 64.098 96.717
163 936 16.986 97.548
163 940 16.986 97.965
267 945 27.826 98.485
152 945 15.844 98.485
298 945 31.058 98.485
647 1004 67.433 104.631
554 1004 57.737 104.631
615 1004 64.098 104.631
660 1008 68.788 105.047
617 1052 64.306 109.631
615 1080 64.098 112.547
312 1139 32.519 118.692
283 1142 29.495 119.005
312 1155 32.519 120.359
831 1168 86.609 121.714
1119 1299 116.608 135.369
550 1307 57.318 136.204
559 1313 58.258 136.828
564 1320 58.780 137.556
567 1325 59.094 138.076
688 1637 71.705 170.580
711 1639 74.101 170.788
597 1643 62.222 171.205
1424 1643 148.388 171.205
567 1643 59.094 171.205
696 1643 72.539 171.205
692 1647 72.122 171.621
586 1652 61.076 172.143
610 1656 63.577 172.559
573 1656 59.721 172.559
664 1660 69.205 172.975
576 1660 60.034 172.975
606 1674 63.160 174.433
617 1699 64.306 177.036
617 1702 64.306 177.349
635 1702 66.182 177.349
660 1706 68.788 177.765
573 1706 59.721 177.765
631 1709 65.766 178.077
617 1711 64.306 178.286
617 1714 64.306 178.598
624 1717 65.036 178.910
1258 1731 131.093 180.368
705 1738 73.476 181.097
1325 1738 138.076 181.097
1396 1779 145.471 185.369
679 1782 70.768 185.682
1635 1850 170.371 192.762
612 1869 63.785 194.744
653 1869 68.059 194.744
647 1883 67.433 196.203
650 1885 67.746 196.411
1115 1963 116.192 204.536
1254 1968 130.678 205.057
1270 1970 132.342 205.265
1215 2036 126.616 212.136
1885 2067 196.411 215.362
1187 2083 123.695 217.027
1207 2091 125.782 217.860
1276 2121 132.968 220.984
1941 2137 202.244 222.654
799 2158 83.276 224.842
1479 2249 154.116 234.313
765 2249 79.728 234.313
1258 2291 131.093 238.683
1226 2293 127.763 238.892
1215 2295 126.616 239.100
1226 2299 127.763 239.517
1242 2305 129.429 240.142
1242 2313 129.429 240.975
1215 2313 126.616 240.975
1266 2321 131.926 241.807
36 2439 3.753 254.099
576 2674 60.034 278.580
631 2676 65.766 278.788
650 2676 67.746 278.788
624 2678 65.036 278.996
653 2678 68.059 278.996
660 2680 68.788 279.204
717 2680 74.727 279.204
701 2683 73.060 279.517
1330 2687 138.596 279.933
624 2709 65.036 282.226
753 2709 78.477 282.226
631 2713 65.766 282.643
