34 138
42 140
82 140
70 142
78 142
42 142
42 145
92 145
80 149
58 149
85 152
7 152
38 152
102 152
76 157
25 157
58 157
42 157
31 162
7 166
42 166
14 169
58 171
38 171
44 173
92 173
38 176
10 176
55 179
68 182
38 184
80 187
42 192
92 192
44 197
76 202
34 206
78 211
42 217
10 217
70 225
76 230
31 230
78 235
61 235
34 239
68 239
80 242
70 242
14 244
40 244
68 244
18 244
40 248
18 248
18 252
78 257
85 280
162 282
126 282
44 282
171 284
126 284
82 289
44 296
76 300
38 300
85 305
31 305
68 309
31 309
166 309
40 312
78 317
14 322
82 322
211 344
262 347
257 351
257 355
242 360
257 366
252 366
262 373
252 379
235 379
252 386
211 391
235 394
257 394
262 396
262 398
257 405
257 414
235 450
239 450
252 450
396 454
405 458
257 461
244 465
257 469
276 473
280 483
262 484
257 487
296 491
272 491
262 494
252 497
257 500
405 502
267 505
257 505
396 509
296 509
272 511
300 511
405 512
262 513
262 514
267 514
405 514
267 515
305 515
405 515
262 516
272 516
396 516
262 517
344 517
267 518
312 518
391 518
211 521
309 521
267 521
312 527
396 537
267 537
347 568
396 568
235 578
360 578
262 608
351 608
405 610
262 610
398 610
396 612
450 615
396 619
578 619
405 623
262 623
396 626
360 629
262 632
405 635
248 635
284 635
252 638
272 638
405 640
262 640
414 642
235 645
267 645
360 645
267 648
235 651
235 653
267 653
257 655
405 657
242 659
272 662
405 662
244 665
312 668
235 671
280 671
289 673
267 675
317 678
262 680
351 682
225 682
276 682
230 684
396 685
262 687
230 688
398 688
267 688
394 695
394 698
267 698
244 701
235 704
217 706
262 706
317 706
351 706
332 707
405 709
262 709
300 709
257 710
360 710
373 711
396 711
414 711
267 712
568 716
405 726
272 726
360 735
300 735
289 745
687 781
262 796
244 796
469 796
252 798
257 800
239 800
414 816
262 816
312 816
272 819
305 823
405 823
257 848
447 848
396 854
396 858
262 860
396 862
262 862
257 864
394 866
239 878
262 882
360 885
309 889
296 893
276 904
284 907
300 909
257 909
322 911
217 911
341 915
280 920
296 920
396 920
366 924
338 924
491 972
513 987
502 988
521 988
272 993
338 993
262 996
272 1016
267 1016
267 1018
355 1043
248 1043
469 1043
379 1046
202 1060
244 1061
276 1062
305 1062
244 1062
972 1071
309 1073
244 1073
225 1075
82 1090
52 1091
42 1093
173 1162
405 1280
262 1309
276 1314
272 1358
835 1442
1034 1480
990 1483
1057 1486
1060 1488
623 1490
1142 1519
1056 1541
129 1574
262 2483
244 2483
242 2483
272 2496
262 2499
296 2503
262 2503
296 2506
252 2506
262 2508
284 2511
242 2511
262 2514
494 2514
262 2518
603 2546
623 2546
500 2549
242 2559
211 2588
272 2588
267 2652
360 2652
257 2656
276 2660
235 2660
607 2660
322 2699
280 2704
312 2744
267 2747
322 2750
235 2753
184 2756
257 2756
284 2756
211 2836
284 2915
391 2919
2446 2919
309 2932
322 2935
267 2939
513 2969
257 3050
230 3052
414 3052
2452 3052
262 3055
262 3058
405 3058
2452 3062
267 3066
355 3068
398 3068
396 3070
2452 3072
2452 3074
360 3077
2452 3077
252 3081
2452 3085
262 3089
267 3096
414 3096
325 3096
332 3107
157 3147
171 3150
2452 3239
396 3352
414 3354
396 3354
296 3356
414 3356
262 3356
405 3356
396 3366
414 3366
2452 3378
2441 3388
2446 3397
235 3587
252 3590
262 3593
2485 3593
2452 3593
267 3596
2452 3600
2478 3600
239 3600
267 3605
396 3607
3354 3609
396 3611
373 3614
3354 3614
396 3625
280 3625
351 3625
405 3627
305 3627
309 3629
414 3631
272 3633
461 3633
257 3635
2452 3635
312 3635
391 3635
2478 3638
235 3638
252 3642
396 3646
252 3646
450 3668
405 3741
235 3745
396 3774
3354 3780
2452 3782
3378 3782
257 3785
3356 3785
396 3788
248 3822
386 3871
3401 3871
267 3871
235 3874
1516 3883
1005 3926
1100 3926
1091 3977
1060 3979
1095 3981
1085 3996
394 4010
309 4010
244 4012
262 4015
262 4028
885 4048
1280 4054
1276 4056
1309 4058
1003 4112
1058 4114
980 4114
1085 4116
3996 4205
3977 4205
4089 4214
4051 4216
4070 4259
4108 4259
4127 4300
4184 4302
4122 4302
4181 4304
4122 4304
4165 4304
4221 4306
4212 4306
4085 4316
4122 4316
4224 4333
4147 4335
1030 4353
4283 4357
1064 4366
1060 4369
996 4371
833 4396
442 4430
7 4457
