129 586 1403637136.988 1403637159.838
160 587 1403637138.538 1403637159.888
443 590 1403637152.688 1403637160.038
504 591 1403637155.738 1403637160.088
129 592 1403637136.988 1403637160.138
419 592 1403637151.488 1403637160.138
402 593 1403637150.638 1403637160.188
514 595 1403637156.238 1403637160.288
419 596 1403637151.488 1403637160.338
414 597 1403637151.238 1403637160.388
402 598 1403637150.638 1403637160.438
414 599 1403637151.238 1403637160.488
434 599 1403637152.238 1403637160.488
414 600 1403637151.238 1403637160.538
419 601 1403637151.488 1403637160.588
430 602 1403637152.038 1403637160.638
514 605 1403637156.238 1403637160.788
170 605 1403637139.038 1403637160.788
427 619 1403637151.888 1403637161.488
467 619 1403637153.888 1403637161.488
425 622 1403637151.788 1403637161.638
501 623 1403637155.588 1403637161.688
482 625 1403637154.638 1403637161.788
117 628 1403637136.388 1403637161.938
140 630 1403637137.538 1403637162.038
492 630 1403637155.138 1403637162.038
487 632 1403637154.888 1403637162.138
421 632 1403637151.588 1403637162.138
160 635 1403637138.538 1403637162.288
393 635 1403637150.188 1403637162.288
404 635 1403637150.738 1403637162.288
436 635 1403637152.338 1403637162.288
586 639 1403637159.838 1403637162.488
482 643 1403637154.638 1403637162.688
170 646 1403637139.038 1403637162.838
134 649 1403637137.238 1403637162.988
398 649 1403637150.438 1403637162.988
490 653 1403637155.038 1403637163.188
493 656 1403637155.188 1403637163.338
419 660 1403637151.488 1403637163.538
407 664 1403637150.888 1403637163.738
591 670 1403637160.088 1403637164.038
598 675 1403637160.438 1403637164.288
599 678 1403637160.488 1403637164.438
534 689 1403637157.238 1403637164.988
601 689 1403637160.588 1403637164.988
134 689 1403637137.238 1403637164.988
474 689 1403637154.238 1403637164.988
499 692 1403637155.488 1403637165.138
602 695 1403637160.638 1403637165.288
628 698 1403637161.938 1403637165.438
591 702 1403637160.088 1403637165.638
170 705 1403637139.038 1403637165.788
597 707 1403637160.388 1403637165.888
600 708 1403637160.538 1403637165.938
597 708 1403637160.388 1403637165.938
596 710 1403637160.338 1403637166.038
600 712 1403637160.538 1403637166.138
596 712 1403637160.338 1403637166.138
595 715 1403637160.288 1403637166.288
597 717 1403637160.388 1403637166.388
593 731 1403637160.188 1403637167.088
625 737 1403637161.788 1403637167.388
646 739 1403637162.838 1403637167.488
598 765 1403637160.438 1403637168.788
490 776 1403637155.038 1403637169.338
600 776 1403637160.538 1403637169.338
617 776 1403637161.388 1403637169.338
410 783 1403637151.038 1403637169.688
398 783 1403637150.438 1403637169.688
194 787 1403637140.238 1403637169.888
160 789 1403637138.538 1403637169.988
726 797 1403637166.838 1403637170.388
722 798 1403637166.638 1403637170.438
698 798 1403637165.438 1403637170.438
726 799 1403637166.838 1403637170.488
707 800 1403637165.888 1403637170.538
692 801 1403637165.138 1403637170.588
749 801 1403637167.988 1403637170.588
743 801 1403637167.688 1403637170.588
702 802 1403637165.638 1403637170.638
737 803 1403637167.388 1403637170.688
698 803 1403637165.438 1403637170.688
776 805 1403637169.338 1403637170.788
702 807 1403637165.638 1403637170.888
710 808 1403637166.038 1403637170.938
719 813 1403637166.488 1403637171.188
722 849 1403637166.638 1403637172.988
726 855 1403637166.838 1403637173.288
707 897 1403637165.888 1403637175.388
715 900 1403637166.288 1403637175.538
741 904 1403637167.588 1403637175.738
434 932 1403637152.238 1403637177.138
134 935 1403637137.238 1403637177.288
568 935 1403637158.938 1403637177.288
160 936 1403637138.538 1403637177.338
165 940 1403637138.788 1403637177.538
172 943 1403637139.138 1403637177.688
504 943 1403637155.738 1403637177.688
587 956 1403637159.888 1403637178.338
140 956 1403637137.538 1403637178.338
492 956 1403637155.138 1403637178.338
425 957 1403637151.788 1403637178.388
592 957 1403637160.138 1403637178.388
493 957 1403637155.188 1403637178.388
602 957 1403637160.638 1403637178.388
813 957 1403637171.188 1403637178.388
140 958 1403637137.538 1403637178.438
404 958 1403637150.738 1403637178.438
430 960 1403637152.038 1403637178.538
815 962 1403637171.288 1403637178.638
140 965 1403637137.538 1403637178.788
427 968 1403637151.888 1403637178.938
592 970 1403637160.138 1403637179.038
493 983 1403637155.188 1403637179.688
802 983 1403637170.638 1403637179.688
421 983 1403637151.588 1403637179.688
649 983 1403637162.988 1403637179.688
813 983 1403637171.188 1403637179.688
419 983 1403637151.488 1403637179.688
601 1001 1403637160.588 1403637180.588
447 1015 1403637152.888 1403637181.288
427 1015 1403637151.888 1403637181.288
514 1035 1403637156.238 1403637182.288
165 1047 1403637138.788 1403637182.888
425 1051 1403637151.788 1403637183.088
123 1053 1403637136.688 1403637183.188
134 1073 1403637137.238 1403637184.188
501 1073 1403637155.588 1403637184.188
421 1073 1403637151.588 1403637184.188
421 1078 1403637151.588 1403637184.438
421 1079 1403637151.588 1403637184.488
689 1083 1403637164.988 1403637184.688
474 1117 1403637154.238 1403637186.388
421 1126 1403637151.588 1403637186.838
165 1136 1403637138.788 1403637187.338
844 1136 1403637172.738 1403637187.338
568 1136 1403637158.938 1403637187.338
160 1138 1403637138.538 1403637187.438
496 1138 1403637155.338 1403637187.438
421 1138 1403637151.588 1403637187.438
598 1222 1403637160.438 1403637191.638
407 1224 1403637150.888 1403637191.738
601 1230 1403637160.588 1403637192.038
813 1231 1403637171.188 1403637192.088
602 1233 1403637160.638 1403637192.188
619 1236 1403637161.488 1403637192.338
599 1236 1403637160.488 1403637192.338
808 1236 1403637170.938 1403637192.338
592 1237 1403637160.138 1403637192.388
605 1243 1403637160.788 1403637192.688
590 1243 1403637160.038 1403637192.688
598 1245 1403637160.438 1403637192.788
599 1247 1403637160.488 1403637192.888
586 1250 1403637159.838 1403637193.038
1073 1253 1403637184.188 1403637193.188
467 1253 1403637153.888 1403637193.188
1083 1257 1403637184.688 1403637193.388
664 1257 1403637163.738 1403637193.388
600 1257 1403637160.538 1403637193.388
568 1259 1403637158.938 1403637193.488
808 1259 1403637170.938 1403637193.488
601 1261 1403637160.588 1403637193.588
597 1262 1403637160.388 1403637193.638
798 1263 1403637170.438 1403637193.688
799 1265 1403637170.488 1403637193.788
815 1268 1403637171.288 1403637193.938
675 1279 1403637164.288 1403637194.488
776 1280 1403637169.338 1403637194.538
682 1281 1403637164.638 1403637194.588
907 1301 1403637175.888 1403637195.588
803 1336 1403637170.688 1403637197.338
616 1339 1403637161.338 1403637197.488
801 1339 1403637170.588 1403637197.488
653 1339 1403637163.188 1403637197.488
1286 1342 1403637194.838 1403637197.638
501 1342 1403637155.588 1403637197.638
737 1344 1403637167.388 1403637197.738
721 1345 1403637166.588 1403637197.788
721 1346 1403637166.588 1403637197.838
1274 1346 1403637194.238 1403637197.838
1317 1371 1403637196.388 1403637199.088
965 1374 1403637178.788 1403637199.238
1261 1374 1403637193.588 1403637199.238
1315 1376 1403637196.288 1403637199.338
1304 1378 1403637195.738 1403637199.438
965 1378 1403637178.788 1403637199.438
698 1378 1403637165.438 1403637199.438
1277 1378 1403637194.388 1403637199.438
1295 1379 1403637195.288 1403637199.488
1305 1380 1403637195.788 1403637199.538
1281 1381 1403637194.588 1403637199.588
1315 1383 1403637196.288 1403637199.688
1289 1383 1403637194.988 1403637199.688
1313 1383 1403637196.188 1403637199.688
1304 1386 1403637195.738 1403637199.838
702 1386 1403637165.638 1403637199.838
1081 1398 1403637184.588 1403637200.438
968 1402 1403637178.938 1403637200.638
602 1405 1403637160.638 1403637200.788
568 1407 1403637158.938 1403637200.888
597 1408 1403637160.388 1403637200.938
970 1410 1403637179.038 1403637201.038
568 1410 1403637158.938 1403637201.038
598 1410 1403637160.438 1403637201.038
1078 1410 1403637184.438 1403637201.038
1280 1413 1403637194.538 1403637201.188
599 1413 1403637160.488 1403637201.188
915 1413 1403637176.288 1403637201.188
707 1415 1403637165.888 1403637201.288
1381 1415 1403637199.588 1403637201.288
1253 1417 1403637193.188 1403637201.388
628 1417 1403637161.938 1403637201.388
965 1417 1403637178.788 1403637201.388
1170 1417 1403637189.038 1403637201.388
799 1417 1403637170.488 1403637201.388
1277 1417 1403637194.388 1403637201.388
1329 1419 1403637196.988 1403637201.488
1265 1419 1403637193.788 1403637201.488
1310 1424 1403637196.038 1403637201.738
1286 1444 1403637194.838 1403637202.738
915 1464 1403637176.288 1403637203.738
695 1464 1403637165.288 1403637203.738
1280 1464 1403637194.538 1403637203.738
1224 1464 1403637191.738 1403637203.738
1308 1565 1403637195.938 1403637208.788
1283 1587 1403637194.688 1403637209.888
965 1608 1403637178.788 1403637210.938
805 1608 1403637170.788 1403637210.938
1286 1612 1403637194.838 1403637211.138
802 1612 1403637170.638 1403637211.138
598 1612 1403637160.438 1403637211.138
1259 1612 1403637193.488 1403637211.138
936 1615 1403637177.338 1403637211.288
1336 1617 1403637197.338 1403637211.388
1270 1620 1403637194.038 1403637211.538
1283 1623 1403637194.688 1403637211.688
601 1623 1403637160.588 1403637211.688
687 1623 1403637164.888 1403637211.688
1336 1623 1403637197.338 1403637211.688
1259 1623 1403637193.488 1403637211.688
805 1625 1403637170.788 1403637211.788
598 1627 1403637160.438 1403637211.888
1277 1627 1403637194.388 1403637211.888
970 1627 1403637179.038 1403637211.888
915 1629 1403637176.288 1403637211.988
1204 1638 1403637190.738 1403637212.438
600 1642 1403637160.538 1403637212.638
596 1646 1403637160.338 1403637212.838
1262 1648 1403637193.638 1403637212.938
813 1649 1403637171.188 1403637212.988
1253 1652 1403637193.188 1403637213.138
1324 1672 1403637196.738 1403637214.138
1310 1672 1403637196.038 1403637214.138
1247 1679 1403637192.888 1403637214.488
1274 1679 1403637194.238 1403637214.488
1081 1679 1403637184.588 1403637214.488
743 1699 1403637167.688 1403637215.488
805 1699 1403637170.788 1403637215.488
1262 1712 1403637193.638 1403637216.138
1342 1716 1403637197.638 1403637216.338
911 1716 1403637176.088 1403637216.338
675 1716 1403637164.288 1403637216.338
1259 1722 1403637193.488 1403637216.638
1329 1724 1403637196.988 1403637216.738
602 1724 1403637160.638 1403637216.738
692 1724 1403637165.138 1403637216.738
587 1724 1403637159.888 1403637216.738
755 1724 1403637168.288 1403637216.738
670 1724 1403637164.038 1403637216.738
815 1728 1403637171.288 1403637216.938
1243 1728 1403637192.688 1403637216.938
1342 1728 1403637197.638 1403637216.938
1275 1730 1403637194.288 1403637217.038
623 1732 1403637161.688 1403637217.138
1245 1732 1403637192.788 1403637217.138
1332 1732 1403637197.138 1403637217.138
1281 1732 1403637194.588 1403637217.138
815 1732 1403637171.288 1403637217.138
692 1734 1403637165.138 1403637217.238
705 1734 1403637165.788 1403637217.238
1204 1737 1403637190.738 1403637217.388
965 1739 1403637178.788 1403637217.488
943 1739 1403637177.688 1403637217.488
798 1740 1403637170.438 1403637217.538
965 1740 1403637178.788 1403637217.538
1332 1740 1403637197.138 1403637217.538
1311 1743 1403637196.088 1403637217.688
965 1747 1403637178.788 1403637217.888
1236 1747 1403637192.338 1403637217.888
737 1747 1403637167.388 1403637217.888
707 1751 1403637165.888 1403637218.088
1233 1751 1403637192.188 1403637218.088
682 1751 1403637164.638 1403637218.088
1315 1751 1403637196.288 1403637218.088
807 1751 1403637170.888 1403637218.088
1170 1751 1403637189.038 1403637218.088
1333 1754 1403637197.188 1403637218.238
695 1757 1403637165.288 1403637218.388
1294 1757 1403637195.238 1403637218.388
798 1757 1403637170.438 1403637218.388
765 1759 1403637168.788 1403637218.488
1274 1759 1403637194.238 1403637218.488
965 1759 1403637178.788 1403637218.488
1305 1761 1403637195.788 1403637218.588
1237 1765 1403637192.388 1403637218.788
1263 1765 1403637193.688 1403637218.788
689 1765 1403637164.988 1403637218.788
605 1767 1403637160.788 1403637218.888
1080 1768 1403637184.538 1403637218.938
1204 1768 1403637190.738 1403637218.938
639 1768 1403637162.488 1403637218.938
682 1771 1403637164.638 1403637219.088
1243 1772 1403637192.688 1403637219.138
1313 1774 1403637196.188 1403637219.238
1265 1774 1403637193.788 1403637219.238
1184 1775 1403637189.738 1403637219.288
1231 1775 1403637192.088 1403637219.288
635 1776 1403637162.288 1403637219.338
1296 1776 1403637195.338 1403637219.338
815 1776 1403637171.288 1403637219.338
597 1776 1403637160.388 1403637219.338
705 1777 1403637165.788 1403637219.388
1083 1778 1403637184.688 1403637219.438
1336 1779 1403637197.338 1403637219.488
1170 1779 1403637189.038 1403637219.488
601 1781 1403637160.588 1403637219.588
1073 1781 1403637184.188 1403637219.588
596 1783 1403637160.338 1403637219.688
608 1783 1403637160.938 1403637219.688
800 1785 1403637170.538 1403637219.788
685 1785 1403637164.788 1403637219.788
807 1790 1403637170.888 1403637220.038
695 1790 1403637165.288 1403637220.038
808 1791 1403637170.938 1403637220.088
602 1791 1403637160.638 1403637220.088
1079 1791 1403637184.488 1403637220.088
795 1791 1403637170.288 1403637220.088
755 1791 1403637168.288 1403637220.088
800 1792 1403637170.538 1403637220.138
597 1793 1403637160.388 1403637220.188
935 1795 1403637177.288 1403637220.288
596 1795 1403637160.338 1403637220.288
796 1795 1403637170.338 1403637220.288
1080 1795 1403637184.538 1403637220.288
776 1795 1403637169.338 1403637220.288
598 1797 1403637160.438 1403637220.388
962 1797 1403637178.638 1403637220.388
739 1797 1403637167.488 1403637220.388
1323 1797 1403637196.688 1403637220.388
943 1797 1403637177.688 1403637220.388
1136 1798 1403637187.338 1403637220.438
935 1798 1403637177.288 1403637220.438
793 1798 1403637170.188 1403637220.438
1390 1798 1403637200.038 1403637220.438
587 1798 1403637159.888 1403637220.438
1320 1798 1403637196.538 1403637220.438
805 1798 1403637170.788 1403637220.438
936 1800 1403637177.338 1403637220.538
1297 1800 1403637195.388 1403637220.538
649 1800 1403637162.988 1403637220.538
1310 1800 1403637196.038 1403637220.538
796 1805 1403637170.338 1403637220.788
1283 1805 1403637194.688 1403637220.788
932 1805 1403637177.138 1403637220.788
1383 1805 1403637199.688 1403637220.788
1079 1805 1403637184.488 1403637220.788
808 1805 1403637170.938 1403637220.788
1304 1810 1403637195.738 1403637221.038
1393 1810 1403637200.188 1403637221.038
595 1810 1403637160.288 1403637221.038
1243 1810 1403637192.688 1403637221.038
765 1810 1403637168.788 1403637221.038
1237 1813 1403637192.388 1403637221.188
1253 1813 1403637193.188 1403637221.188
803 1816 1403637170.688 1403637221.338
1339 1816 1403637197.488 1403637221.338
1386 1818 1403637199.838 1403637221.438
1085 1818 1403637184.788 1403637221.438
1333 1820 1403637197.188 1403637221.538
598 1820 1403637160.438 1403637221.538
1310 1820 1403637196.038 1403637221.538
1305 1822 1403637195.788 1403637221.638
1378 1822 1403637199.438 1403637221.638
1295 1823 1403637195.288 1403637221.688
1310 1825 1403637196.038 1403637221.788
1376 1825 1403637199.338 1403637221.788
719 1825 1403637166.488 1403637221.788
1342 1825 1403637197.638 1403637221.788
802 1825 1403637170.638 1403637221.788
1243 1831 1403637192.688 1403637222.088
1138 1831 1403637187.438 1403637222.088
1245 1832 1403637192.788 1403637222.138
1280 1832 1403637194.538 1403637222.138
1138 1832 1403637187.438 1403637222.138
813 1833 1403637171.188 1403637222.188
1253 1833 1403637193.188 1403637222.188
1265 1833 1403637193.788 1403637222.188
1281 1835 1403637194.588 1403637222.288
602 1836 1403637160.638 1403637222.338
1332 1836 1403637197.138 1403637222.338
623 1836 1403637161.688 1403637222.338
970 1841 1403637179.038 1403637222.588
1296 1841 1403637195.338 1403637222.588
602 1841 1403637160.638 1403637222.588
1079 1841 1403637184.488 1403637222.588
932 1844 1403637177.138 1403637222.738
1081 1845 1403637184.588 1403637222.788
602 1846 1403637160.638 1403637222.838
1315 1847 1403637196.288 1403637222.888
1078 1850 1403637184.438 1403637223.038
1262 1850 1403637193.638 1403637223.038
1279 1850 1403637194.488 1403637223.038
1268 1855 1403637193.938 1403637223.288
601 1859 1403637160.588 1403637223.488
593 1862 1403637160.188 1403637223.638
1204 1864 1403637190.738 1403637223.738
1304 1870 1403637195.738 1403637224.038
958 1879 1403637178.438 1403637224.488
598 1895 1403637160.438 1403637225.288
1268 1900 1403637193.938 1403637225.538
1047 1900 1403637182.888 1403637225.538
601 1904 1403637160.588 1403637225.738
965 1904 1403637178.788 1403637225.738
1304 1907 1403637195.738 1403637225.888
965 1907 1403637178.788 1403637225.888
936 1909 1403637177.338 1403637225.988
897 1909 1403637175.388 1403637225.988
1204 1909 1403637190.738 1403637225.988
1079 1909 1403637184.488 1403637225.988
1279 1909 1403637194.488 1403637225.988
808 1909 1403637170.938 1403637225.988
639 1909 1403637162.488 1403637225.988
598 1913 1403637160.438 1403637226.188
596 1924 1403637160.338 1403637226.738
1381 1924 1403637199.588 1403637226.738
1371 1924 1403637199.088 1403637226.738
568 1925 1403637158.938 1403637226.788
965 1925 1403637178.788 1403637226.788
568 1926 1403637158.938 1403637226.838
670 1928 1403637164.038 1403637226.938
910 1928 1403637176.038 1403637226.938
596 1930 1403637160.338 1403637227.038
1245 1933 1403637192.788 1403637227.188
1304 1939 1403637195.738 1403637227.488
935 1942 1403637177.288 1403637227.638
815 1949 1403637171.288 1403637227.988
813 1954 1403637171.188 1403637228.238
1344 1954 1403637197.738 1403637228.238
907 1977 1403637175.888 1403637229.388
910 1979 1403637176.038 1403637229.488
1081 1982 1403637184.588 1403637229.638
1184 1982 1403637189.738 1403637229.638
597 1985 1403637160.388 1403637229.788
599 1985 1403637160.488 1403637229.788
600 1988 1403637160.538 1403637229.938
1268 1988 1403637193.938 1403637229.938
965 1992 1403637178.788 1403637230.138
960 2013 1403637178.538 1403637231.188
1778 2080 1403637219.438 1403637234.538
1623 2089 1403637211.688 1403637234.988
1792 2089 1403637220.138 1403637234.988
507 2089 1403637155.888 1403637234.988
1587 2089 1403637209.888 1403637234.988
1781 2089 1403637219.588 1403637234.988
443 2091 1403637152.688 1403637235.088
1620 2091 1403637211.538 1403637235.088
504 2091 1403637155.738 1403637235.088
586 2093 1403637159.838 1403637235.188
1900 2097 1403637225.538 1403637235.388
1608 2107 1403637210.938 1403637235.888
1732 2107 1403637217.138 1403637235.888
1785 2114 1403637219.788 1403637236.238
1795 2121 1403637220.288 1403637236.588
1779 2132 1403637219.488 1403637237.138
1308 2140 1403637195.938 1403637237.538
960 2143 1403637178.538 1403637237.688
1224 2146 1403637191.738 1403637237.838
1277 2146 1403637194.388 1403637237.838
1305 2151 1403637195.788 1403637238.088
1280 2151 1403637194.538 1403637238.088
719 2156 1403637166.488 1403637238.338
1281 2159 1403637194.588 1403637238.488
1283 2161 1403637194.688 1403637238.588
1296 2163 1403637195.338 1403637238.688
721 2163 1403637166.588 1403637238.688
968 2163 1403637178.938 1403637238.688
721 2164 1403637166.588 1403637238.738
1295 2164 1403637195.288 1403637238.738
1778 2173 1403637219.438 1403637239.188
117 2176 1403637136.388 1403637239.338
1855 2176 1403637223.288 1403637239.338
1623 2226 1403637211.688 1403637241.838
601 2230 1403637160.588 1403637242.038
1620 2230 1403637211.538 1403637242.038
597 2237 1403637160.388 1403637242.388
1759 2256 1403637218.488 1403637243.338
1743 2266 1403637217.688 1403637243.838
496 2272 1403637155.338 1403637244.138
421 2272 1403637151.588 1403637244.138
1410 2278 1403637201.038 1403637244.438
1793 2278 1403637220.188 1403637244.438
1732 2278 1403637217.138 1403637244.438
1743 2281 1403637217.688 1403637244.588
1776 2281 1403637219.338 1403637244.588
1623 2283 1403637211.688 1403637244.688
449 2284 1403637152.988 1403637244.738
1737 2293 1403637217.388 1403637245.188
1800 2293 1403637220.538 1403637245.188
1768 2305 1403637218.938 1403637245.788
1743 2305 1403637217.688 1403637245.788
1268 2335 1403637193.938 1403637247.288
1274 2338 1403637194.238 1403637247.438
1299 2339 1403637195.488 1403637247.488
1257 2347 1403637193.388 1403637247.888
1259 2347 1403637193.488 1403637247.888
1300 2349 1403637195.538 1403637247.988
1305 2353 1403637195.788 1403637248.188
1281 2353 1403637194.588 1403637248.188
1230 2356 1403637192.038 1403637248.338
1286 2361 1403637194.838 1403637248.588
2218 2367 1403637241.438 1403637248.888
1263 2375 1403637193.688 1403637249.288
1289 2375 1403637194.988 1403637249.288
1279 2381 1403637194.488 1403637249.588
1085 2383 1403637184.788 1403637249.688
568 2384 1403637158.938 1403637249.738
2182 2393 1403637239.638 1403637250.188
1245 2395 1403637192.788 1403637250.288
1286 2399 1403637194.838 1403637250.488
1268 2403 1403637193.938 1403637250.688
1259 2403 1403637193.488 1403637250.688
1283 2440 1403637194.688 1403637252.538
1231 2440 1403637192.088 1403637252.538
1079 2440 1403637184.488 1403637252.538
2278 2440 1403637244.438 1403637252.538
1381 2440 1403637199.588 1403637252.538
2347 2440 1403637247.888 1403637252.538
936 2491 1403637177.338 1403637255.088
932 2505 1403637177.138 1403637255.788
965 2509 1403637178.788 1403637255.988
2284 2512 1403637244.738 1403637256.138
2342 2512 1403637247.638 1403637256.138
601 2512 1403637160.588 1403637256.138
2180 2512 1403637239.538 1403637256.138
599 2512 1403637160.488 1403637256.138
1230 2532 1403637192.038 1403637257.138
601 2532 1403637160.588 1403637257.138
2079 2535 1403637234.488 1403637257.288
598 2535 1403637160.438 1403637257.288
1265 2535 1403637193.788 1403637257.288
619 2535 1403637161.488 1403637257.288
749 2537 1403637167.988 1403637257.388
1317 2537 1403637196.388 1403637257.388
2060 2542 1403637233.538 1403637257.638
2151 2544 1403637238.088 1403637257.738
1265 2544 1403637193.788 1403637257.738
800 2546 1403637170.538 1403637257.838
2220 2552 1403637241.538 1403637258.138
943 2552 1403637177.688 1403637258.138
2091 2554 1403637235.088 1403637258.238
805 2555 1403637170.788 1403637258.288
1625 2557 1403637211.788 1403637258.388
1587 2557 1403637209.888 1403637258.388
597 2560 1403637160.388 1403637258.538
597 2564 1403637160.388 1403637258.738
1737 2568 1403637217.388 1403637258.938
1079 2601 1403637184.488 1403637260.588
2278 2604 1403637244.438 1403637260.738
1253 2607 1403637193.188 1403637260.888
1315 2607 1403637196.288 1403637260.888
1315 2611 1403637196.288 1403637261.088
1294 2617 1403637195.238 1403637261.388
935 2619 1403637177.288 1403637261.488
1277 2619 1403637194.388 1403637261.488
739 2619 1403637167.488 1403637261.488
2164 2619 1403637238.738 1403637261.488
1313 2621 1403637196.188 1403637261.588
1274 2621 1403637194.238 1403637261.588
702 2628 1403637165.638 1403637261.938
1329 2628 1403637196.988 1403637261.938
2125 2636 1403637236.788 1403637262.338
960 2636 1403637178.538 1403637262.338
891 2636 1403637175.088 1403637262.338
628 2636 1403637161.938 1403637262.338
1699 2638 1403637215.488 1403637262.438
1376 2638 1403637199.338 1403637262.438
962 2638 1403637178.638 1403637262.438
