6 40 0.623 4.149
6 41 0.623 4.252
7 42 0.726 4.356
1 43 0.104 4.460
6 44 0.623 4.563
9 45 0.934 4.667
11 46 1.141 4.771
9 47 0.934 4.874
11 48 1.141 4.978
15 49 1.556 5.082
11 50 1.141 5.185
11 52 1.141 5.393
6 54 0.623 5.600
6 56 0.623 5.807
2 57 0.208 5.911
17 57 1.764 5.911
9 58 0.934 6.015
2 59 0.208 6.118
6 59 0.623 6.118
6 60 0.623 6.222
2 62 0.208 6.429
5 62 0.519 6.429
5 63 0.519 6.533
9 64 0.934 6.637
11 73 1.141 7.570
6 74 0.623 7.674
15 75 1.556 7.777
7 75 0.726 7.777
9 76 0.934 7.881
15 77 1.556 7.985
4 78 0.415 8.088
11 79 1.141 8.192
6 80 0.623 8.296
7 81 0.726 8.400
17 82 1.764 8.503
9 83 0.934 8.607
7 84 0.726 8.711
13 85 1.349 8.814
13 86 1.349 8.918
2 86 0.208 8.918
13 87 1.349 9.022
17 88 1.764 9.126
11 88 1.141 9.126
11 89 1.141 9.229
5 90 0.519 9.333
35 90 3.630 9.333
4 91 0.415 9.437
11 92 1.141 9.540
40 92 4.149 9.540
22 92 2.282 9.540
25 94 2.593 9.748
29 94 3.008 9.748
6 96 0.623 9.955
30 98 3.112 10.162
17 99 1.764 10.266
6 100 0.623 10.370
13 101 1.349 10.473
17 102 1.764 10.577
29 103 3.008 10.681
13 104 1.349 10.784
22 105 2.282 10.888
13 106 1.349 10.992
26 108 2.697 11.200
34 108 3.527 11.200
17 109 1.764 11.303
57 110 5.911 11.407
47 110 4.874 11.407
2 111 0.208 11.511
7 112 0.726 11.614
13 113 1.349 11.718
9 114 0.934 11.821
27 114 2.801 11.821
24 115 2.490 11.925
8 116 0.830 12.029
6 117 0.623 12.132
8 118 0.830 12.236
38 118 3.941 12.236
9 119 0.934 12.340
22 120 2.282 12.443
29 121 3.008 12.547
8 121 0.830 12.547
20 122 2.075 12.651
5 123 0.519 12.754
32 123 3.319 12.754
6 124 0.623 12.858
30 124 3.112 12.858
8 125 0.830 12.961
4 125 0.415 12.961
11 126 1.141 13.065
34 126 3.527 13.065
28 127 2.904 13.169
11 127 1.141 13.169
7 128 0.726 13.272
22 128 2.282 13.272
11 129 1.141 13.376
15 130 1.556 13.480
45 131 4.667 13.583
7 131 0.726 13.583
34 131 3.527 13.583
40 132 4.149 13.687
6 132 0.623 13.687
20 133 2.075 13.791
50 134 5.185 13.894
22 134 2.282 13.894
43 134 4.460 13.894
6 135 0.623 13.998
25 135 2.593 13.998
34 135 3.527 13.998
27 136 2.801 14.102
6 136 0.623 14.102
20 137 2.075 14.206
20 138 2.075 14.309
28 138 2.904 14.309
11 139 1.141 14.413
33 139 3.423 14.413
46 141 4.771 14.620
30 141 3.112 14.620
49 141 5.082 14.620
8 142 0.830 14.724
48 142 4.978 14.724
24 143 2.490 14.827
44 144 4.563 14.932
28 146 2.904 15.139
24 147 2.490 15.242
22 148 2.282 15.346
26 149 2.697 15.450
8 149 0.830 15.450
33 150 3.423 15.553
6 150 0.623 15.553
25 151 2.593 15.657
22 152 2.282 15.760
41 153 4.252 15.864
44 153 4.563 15.864
22 154 2.282 15.968
25 154 2.593 15.968
6 154 0.623 15.968
24 155 2.490 16.071
24 157 2.490 16.279
24 158 2.490 16.382
6 159 0.623 16.486
25 159 2.593 16.486
42 159 4.356 16.486
6 160 0.623 16.590
24 160 2.490 16.590
33 160 3.423 16.590
32 161 3.319 16.693
85 162 8.814 16.797
45 163 4.667 16.901
99 163 10.266 16.901
22 170 2.282 17.626
40 170 4.149 17.626
30 170 3.112 17.626
120 171 12.443 17.730
44 172 4.563 17.834
118 172 12.236 17.834
133 172 13.791 17.834
115 173 11.925 17.938
120 177 12.443 18.352
81 178 8.400 18.456
46 179 4.771 18.559
40 179 4.149 18.559
115 183 11.925 18.974
43 183 4.460 18.974
143 183 14.827 18.974
44 184 4.563 19.077
115 184 11.925 19.077
76 185 7.881 19.181
13 185 1.349 19.181
127 185 13.169 19.181
98 185 10.162 19.181
46 185 4.771 19.181
116 186 12.029 19.285
118 190 12.236 19.699
72 194 7.466 20.114
27 194 2.801 20.114
4 194 0.415 20.114
26 195 2.697 20.217
118 195 12.236 20.217
17 195 1.764 20.217
9 196 0.934 20.321
17 197 1.764 20.424
7 198 0.726 20.528
62 199 6.429 20.632
13 200 1.349 20.735
26 200 2.697 20.735
41 201 4.252 20.839
7 213 0.726 22.083
27 218 2.801 22.601
31 220 3.215 22.808
24 220 2.490 22.808
7 220 0.726 22.808
2 220 0.208 22.808
27 221 2.801 22.912
1 223 0.104 23.119
6 224 0.623 23.223
167 228 17.315 23.637
175 247 18.145 25.606
168 249 17.419 25.814
173 259 17.938 26.850
167 259 17.315 26.850
159 259 16.486 26.850
151 259 15.657 26.850
170 260 17.626 26.954
165 268 17.108 27.783
167 269 17.315 27.887
217 285 22.497 29.545
217 286 22.497 29.648
216 317 22.394 32.862
228 318 23.637 32.966
255 319 26.435 33.071
228 319 23.637 33.071
265 320 27.472 33.173
231 320 23.948 33.173
253 321 26.228 33.276
260 322 26.954 33.380
259 323 26.850 33.484
218 324 22.601 33.588
237 325 24.570 33.691
259 325 26.850 33.691
277 326 28.716 33.795
269 326 27.887 33.795
253 327 26.228 33.899
275 328 28.508 34.002
223 329 23.119 34.106
250 330 25.917 34.210
227 330 23.534 34.210
253 331 26.228 34.314
259 331 26.850 34.314
269 331 27.887 34.314
269 332 27.887 34.417
258 333 26.746 34.521
262 334 27.161 34.624
217 334 22.497 34.624
235 334 24.363 34.624
255 334 26.435 34.624
231 334 23.948 34.624
257 335 26.643 34.728
269 336 27.887 34.832
235 337 24.363 34.935
217 337 22.497 34.935
236 337 24.467 34.935
270 338 27.990 35.039
235 339 24.363 35.143
233 339 24.156 35.143
273 340 28.301 35.247
273 341 28.301 35.350
259 341 26.850 35.350
254 341 26.332 35.350
275 342 28.508 35.454
254 342 26.332 35.454
224 342 23.223 35.454
217 344 22.497 35.661
259 345 26.850 35.765
283 345 29.337 35.765
268 346 27.783 35.868
276 346 28.612 35.868
275 347 28.508 35.972
234 349 24.259 36.180
245 349 25.399 36.180
258 349 26.746 36.180
269 350 27.887 36.283
255 351 26.435 36.387
253 351 26.228 36.387
264 352 27.368 36.491
276 352 28.612 36.491
273 353 28.301 36.594
249 353 25.814 36.594
270 354 27.990 36.698
250 355 25.917 36.801
224 355 23.223 36.801
254 356 26.332 36.905
259 356 26.850 36.905
259 358 26.850 37.113
273 359 28.301 37.216
255 360 26.435 37.320
269 360 27.887 37.320
277 360 28.716 37.320
237 360 24.570 37.320
262 360 27.161 37.320
234 360 24.259 37.320
280 360 29.026 37.320
252 360 26.124 37.320
269 361 27.887 37.424
259 361 26.850 37.424
273 363 28.301 37.631
230 363 23.845 37.631
214 363 22.186 37.631
235 363 24.363 37.631
226 364 23.430 37.735
231 364 23.948 37.735
223 365 23.119 37.838
275 365 28.508 37.838
275 366 28.508 37.942
268 371 27.783 38.460
274 371 28.405 38.460
272 372 28.197 38.564
270 372 27.990 38.564
269 378 27.887 39.186
300 379 31.099 39.289
269 380 27.887 39.393
315 381 32.654 39.496
287 381 29.752 39.496
286 382 29.648 39.600
305 382 31.617 39.600
302 383 31.307 39.704
282 383 29.234 39.704
267 384 27.679 39.808
297 384 30.788 39.808
290 385 30.063 39.911
300 385 31.099 39.911
300 386 31.099 40.015
289 387 29.959 40.119
339 388 35.143 40.222
298 388 30.892 40.222
299 389 30.996 40.326
234 390 24.259 40.430
339 390 35.143 40.430
290 391 30.063 40.533
309 391 32.032 40.533
299 391 30.996 40.533
296 391 30.684 40.533
285 391 29.545 40.533
286 392 29.648 40.637
306 393 31.721 40.741
325 393 33.691 40.741
328 394 34.002 40.844
321 395 33.276 40.948
312 395 32.343 40.948
321 396 33.276 41.052
317 397 32.862 41.155
332 397 34.417 41.155
331 397 34.314 41.155
338 398 35.039 41.259
327 398 33.899 41.259
335 399 34.728 41.363
321 399 33.276 41.363
341 399 35.350 41.363
328 400 34.002 41.466
345 400 35.765 41.466
329 400 34.106 41.466
296 401 30.684 41.570
306 401 31.721 41.570
321 401 33.276 41.570
336 417 34.832 43.228
337 428 34.935 44.368
338 429 35.039 44.472
338 430 35.039 44.576
338 431 35.039 44.679
334 431 34.624 44.679
338 432 35.039 44.783
338 433 35.039 44.886
378 434 39.186 44.990
339 435 35.143 45.094
384 440 39.808 45.612
378 441 39.186 45.716
381 442 39.496 45.819
378 444 39.186 46.027
389 445 40.326 46.130
338 445 35.039 46.130
338 446 35.039 46.234
369 446 38.253 46.234
376 447 38.978 46.337
308 448 31.929 46.441
381 449 39.496 46.545
372 450 38.564 46.648
376 451 38.978 46.752
381 451 39.496 46.752
381 452 39.496 46.856
321 453 33.276 46.959
385 453 39.911 46.959
378 454 39.186 47.063
374 455 38.771 47.167
329 457 34.106 47.374
324 458 33.588 47.477
331 458 34.314 47.477
374 459 38.771 47.581
379 460 39.289 47.685
334 460 34.624 47.685
314 461 32.551 47.789
374 462 38.771 47.892
383 462 39.704 47.892
374 463 38.771 47.996
381 463 39.496 47.996
377 463 39.082 47.996
378 464 39.186 48.099
382 464 39.600 48.099
378 466 39.186 48.307
382 466 39.600 48.307
376 467 38.978 48.410
296 467 30.684 48.410
338 468 35.039 48.514
394 468 40.844 48.514
382 469 39.600 48.618
374 469 38.771 48.618
388 470 40.222 48.722
382 470 39.600 48.722
378 470 39.186 48.722
381 470 39.496 48.722
399 470 41.363 48.722
386 471 40.015 48.825
378 471 39.186 48.825
378 472 39.186 48.929
391 472 40.533 48.929
365 473 37.838 49.032
380 473 39.393 49.032
378 473 39.186 49.032
381 473 39.496 49.032
374 474 38.771 49.136
419 475 43.436 49.239
374 476 38.771 49.343
391 476 40.533 49.343
377 476 39.082 49.343
391 477 40.533 49.447
340 477 35.247 49.447
377 477 39.082 49.447
377 478 39.082 49.551
374 479 38.771 49.654
380 479 39.393 49.654
419 480 43.436 49.758
377 480 39.082 49.758
377 481 39.082 49.861
338 482 35.039 49.965
392 482 40.637 49.965
382 482 39.600 49.965
414 482 42.917 49.965
399 482 41.363 49.965
374 482 38.771 49.965
374 483 38.771 50.069
399 483 41.363 50.069
389 483 40.326 50.069
374 489 38.771 50.690
406 489 42.088 50.690
377 490 39.082 50.794
384 490 39.808 50.794
374 491 38.771 50.898
374 492 38.771 51.001
378 492 39.186 51.001
416 493 43.125 51.105
417 494 43.228 51.209
373 495 38.667 51.312
413 495 42.814 51.312
283 496 29.337 51.416
420 496 43.539 51.416
270 497 27.990 51.520
412 498 42.710 51.623
398 498 41.259 51.623
398 499 41.259 51.727
410 499 42.503 51.727
419 499 43.436 51.727
397 499 41.155 51.727
428 500 44.368 51.831
413 500 42.814 51.831
386 501 40.015 51.934
415 501 43.021 51.934
429 501 44.472 51.934
396 501 41.052 51.934
382 501 39.600 51.934
407 501 42.192 51.934
399 501 41.363 51.934
397 502 41.155 52.038
430 502 44.576 52.038
380 502 39.393 52.038
412 502 42.710 52.038
431 503 44.679 52.142
417 503 43.228 52.142
412 503 42.710 52.142
385 503 39.911 52.142
417 504 43.228 52.245
411 505 42.607 52.349
383 505 39.704 52.349
432 505 44.783 52.349
374 505 38.771 52.349
405 505 41.985 52.349
392 505 40.637 52.349
374 506 38.771 52.453
436 506 45.197 52.453
398 506 41.259 52.453
374 507 38.771 52.557
417 507 43.228 52.557
379 507 39.289 52.557
424 508 43.954 52.660
420 508 43.539 52.660
385 508 39.911 52.660
314 509 32.551 52.764
377 509 39.082 52.764
438 509 45.405 52.764
338 509 35.039 52.764
377 510 39.082 52.868
411 510 42.607 52.868
374 511 38.771 52.971
420 511 43.539 52.971
377 513 39.082 53.178
417 513 43.228 53.178
437 513 45.301 53.178
379 514 39.289 53.282
429 514 44.472 53.282
417 514 43.228 53.282
352 514 36.491 53.282
432 515 44.783 53.386
377 515 39.082 53.386
322 516 33.380 53.489
342 516 35.454 53.489
431 516 44.679 53.489
405 516 41.985 53.489
388 516 40.222 53.489
351 517 36.387 53.593
293 517 30.374 53.593
405 518 41.985 53.697
419 518 43.436 53.697
355 518 36.801 53.697
391 518 40.533 53.697
384 518 39.808 53.697
386 518 40.015 53.697
414 520 42.917 53.904
273 521 28.301 54.008
290 521 30.063 54.008
310 521 32.136 54.008
325 521 33.691 54.008
321 521 33.276 54.008
373 521 38.667 54.008
293 521 30.374 54.008
302 521 31.307 54.008
269 522 27.887 54.111
320 522 33.173 54.111
378 522 39.186 54.111
382 522 39.600 54.111
403 522 41.777 54.111
391 522 40.533 54.111
328 523 34.002 54.215
329 523 34.106 54.215
283 523 29.337 54.215
319 524 33.071 54.319
345 524 35.765 54.319
374 524 38.771 54.319
405 524 41.985 54.319
319 526 33.071 54.526
330 527 34.210 54.630
371 527 38.460 54.630
377 527 39.082 54.630
383 528 39.704 54.733
332 529 34.417 54.837
426 529 44.161 54.837
310 530 32.136 54.941
351 530 36.387 54.941
365 530 37.838 54.941
372 530 38.564 54.941
349 530 36.180 54.941
310 531 32.136 55.044
310 532 32.136 55.148
320 533 33.173 55.252
274 533 28.405 55.252
321 534 33.276 55.355
318 535 32.966 55.459
309 535 32.032 55.459
293 536 30.374 55.563
302 536 31.307 55.563
269 536 27.887 55.563
310 536 32.136 55.563
276 537 28.612 55.666
296 537 30.684 55.666
284 537 29.441 55.666
276 538 28.612 55.770
314 538 32.551 55.770
317 538 32.862 55.770
410 539 42.503 55.874
314 539 32.551 55.874
371 539 38.460 55.874
268 539 27.783 55.874
265 539 27.472 55.874
309 540 32.032 55.977
319 540 33.071 55.977
371 540 38.460 55.977
385 541 39.911 56.081
314 541 32.551 56.081
276 541 28.612 56.081
307 541 31.825 56.081
374 541 38.771 56.081
310 543 32.136 56.288
400 543 41.466 56.288
271 543 28.094 56.288
369 544 38.253 56.392
334 544 34.624 56.392
361 544 37.424 56.392
268 545 27.783 56.495
335 546 34.728 56.599
309 546 32.032 56.599
319 546 33.071 56.599
325 546 33.691 56.599
319 548 33.071 56.806
373 548 38.667 56.806
315 549 32.654 56.910
412 549 42.710 56.910
425 549 44.057 56.910
249 550 25.814 57.013
265 550 27.472 57.013
268 550 27.783 57.013
361 551 37.424 57.117
377 551 39.082 57.117
319 553 33.071 57.324
322 553 33.380 57.324
384 553 39.808 57.324
396 553 41.052 57.324
369 554 38.253 57.428
277 554 28.716 57.428
424 554 43.954 57.428
414 554 42.917 57.428
360 554 37.320 57.428
403 554 41.777 57.428
406 555 42.088 57.531
310 555 32.136 57.531
401 555 41.570 57.531
321 555 33.276 57.531
331 555 34.314 57.531
335 556 34.728 57.635
345 556 35.765 57.635
283 556 29.337 57.635
310 557 32.136 57.739
378 558 39.186 57.842
436 559 45.197 57.946
399 559 41.363 57.946
397 559 41.155 57.946
414 559 42.917 57.946
455 559 47.167 57.946
386 559 40.015 57.946
385 559 39.911 57.946
459 560 47.581 58.050
428 560 44.368 58.050
380 560 39.393 58.050
382 560 39.600 58.050
396 560 41.052 58.050
371 561 38.460 58.153
439 561 45.508 58.153
330 561 34.210 58.153
342 561 35.454 58.153
377 561 39.082 58.153
399 561 41.363 58.153
436 561 45.197 58.153
415 561 43.021 58.153
350 561 36.283 58.153
329 562 34.106 58.257
332 562 34.417 58.257
317 562 32.862 58.257
312 562 32.343 58.257
455 562 47.167 58.257
449 562 46.545 58.257
339 562 35.143 58.257
449 563 46.545 58.360
380 563 39.393 58.360
397 563 41.155 58.360
414 564 42.917 58.464
374 564 38.771 58.464
433 565 44.886 58.568
431 566 44.679 58.671
453 567 46.959 58.775
459 567 47.581 58.775
448 567 46.441 58.775
442 567 45.819 58.775
419 567 43.436 58.775
397 567 41.155 58.775
403 567 41.777 58.775
459 568 47.581 58.879
441 568 45.716 58.879
436 568 45.197 58.879
415 568 43.021 58.879
466 569 48.307 58.982
416 569 43.125 58.982
424 569 43.954 58.982
429 569 44.472 58.982
437 570 45.301 59.086
520 571 53.904 59.190
478 571 49.551 59.190
450 571 46.648 59.190
439 572 45.508 59.294
436 573 45.197 59.397
440 574 45.612 59.501
438 574 45.405 59.501
505 575 52.349 59.605
436 575 45.197 59.605
461 575 47.789 59.605
457 575 47.374 59.605
414 575 42.917 59.605
494 575 51.209 59.605
457 576 47.374 59.708
506 577 52.453 59.812
448 577 46.441 59.812
497 577 51.520 59.812
433 578 44.886 59.916
435 579 45.094 60.019
439 579 45.508 60.019
436 580 45.197 60.123
480 580 49.758 60.123
492 581 51.001 60.227
373 583 38.667 60.434
382 583 39.600 60.434
488 584 50.587 60.538
480 585 49.758 60.641
487 585 50.483 60.641
492 585 51.001 60.641
436 585 45.197 60.641
487 586 50.483 60.745
492 588 51.001 60.952
479 588 49.654 60.952
476 588 49.343 60.952
489 589 50.690 61.056
485 590 50.276 61.160
487 591 50.483 61.263
477 591 49.447 61.263
480 592 49.758 61.367
500 592 51.831 61.367
436 592 45.197 61.367
493 592 51.105 61.367
505 594 52.349 61.574
476 594 49.343 61.574
433 595 44.886 61.678
494 596 51.209 61.784
442 596 45.819 61.784
504 597 52.245 61.885
503 598 52.142 61.989
436 598 45.197 61.989
500 599 51.831 62.092
503 599 52.142 62.092
439 600 45.508 62.197
360 600 37.320 62.197
437 600 45.301 62.197
438 601 45.405 62.300
497 602 51.520 62.403
434 602 44.990 62.403
413 603 42.814 62.507
431 604 44.679 62.611
508 604 52.660 62.611
317 604 32.862 62.611
485 604 50.276 62.611
268 604 27.783 62.611
505 605 52.349 62.714
312 605 32.343 62.714
439 606 45.508 62.818
493 606 51.105 62.818
406 606 42.088 62.818
435 607 45.094 62.922
436 607 45.197 62.922
508 608 52.660 63.025
374 608 38.771 63.025
508 609 52.660 63.129
506 610 52.453 63.232
501 610 51.934 63.232
379 611 39.289 63.336
493 612 51.105 63.439
455 612 47.167 63.439
436 612 45.197 63.439
382 612 39.600 63.439
498 612 51.623 63.439
374 612 38.771 63.439
393 612 40.741 63.439
447 613 46.337 63.543
396 614 41.052 63.647
294 615 30.477 63.750
305 615 31.617 63.750
291 615 30.166 63.750
295 615 30.581 63.750
385 615 39.911 63.750
373 615 38.667 63.750
287 616 29.752 63.854
439 616 45.508 63.854
377 621 39.082 64.372
510 621 52.868 64.372
417 622 43.228 64.475
290 622 30.063 64.475
356 622 36.905 64.475
382 622 39.600 64.475
414 622 42.917 64.475
325 622 33.691 64.475
437 622 45.301 64.475
342 622 35.454 64.475
440 623 45.612 64.579
442 623 45.819 64.579
508 624 52.660 64.683
316 628 32.758 65.097
415 628 43.021 65.097
312 629 32.343 65.200
438 629 45.405 65.200
284 630 29.441 65.304
312 630 32.343 65.304
291 630 30.166 65.304
345 630 35.765 65.304
325 631 33.691 65.408
287 632 29.752 65.511
227 632 23.534 65.511
577 656 59.812 67.999
576 666 59.708 69.034
599 666 62.092 69.034
501 667 51.934 69.138
511 667 52.971 69.138
604 667 62.611 69.138
595 667 61.678 69.138
567 668 58.775 69.242
586 668 60.745 69.242
374 668 38.771 69.242
604 668 62.611 69.242
247 669 25.606 69.345
599 669 62.092 69.345
575 669 59.605 69.345
577 669 59.812 69.345
246 669 25.503 69.345
616 671 63.854 69.553
610 677 63.232 70.174
605 678 62.714 70.278
626 679 64.890 70.381
610 684 63.232 70.900
605 685 62.714 71.003
625 686 64.786 71.107
606 687 62.818 71.211
610 687 63.232 71.211
615 692 63.750 71.729
619 692 64.164 71.729
605 693 62.714 71.833
506 694 52.453 71.937
608 695 63.025 72.040
616 695 63.854 72.040
616 696 63.854 72.144
646 696 66.963 72.144
610 701 63.232 72.662
627 702 64.993 72.766
614 703 63.647 72.870
607 703 62.922 72.870
654 703 67.792 72.870
609 704 63.129 72.973
578 705 59.916 73.077
625 705 64.786 73.077
654 705 67.792 73.077
618 705 64.061 73.077
607 706 62.922 73.181
506 706 52.453 73.181
523 706 54.215 73.181
369 723 38.253 74.943
314 723 32.551 74.943
329 723 34.106 74.943
339 723 35.143 74.943
306 723 31.721 74.943
287 724 29.752 75.047
291 724 30.166 75.047
308 724 31.929 75.047
319 724 33.071 75.047
326 724 33.795 75.047
319 725 33.071 75.150
328 725 34.002 75.150
310 726 32.136 75.254
318 726 32.966 75.254
306 727 31.721 75.358
292 728 30.270 75.461
657 741 68.102 76.808
626 742 64.890 76.912
612 742 63.439 76.912
625 743 64.786 77.016
674 743 69.863 77.016
628 744 65.097 77.119
633 745 65.615 77.223
618 746 64.061 77.326
679 746 70.381 77.326
626 747 64.890 77.430
612 749 63.439 77.637
628 749 65.097 77.637
292 752 30.270 77.948
276 752 28.612 77.948
399 752 41.363 77.948
376 753 38.978 78.052
287 755 29.752 78.259
298 755 30.892 78.259
309 755 32.032 78.259
377 755 39.082 78.259
392 755 40.637 78.259
321 755 33.276 78.259
313 756 32.447 78.363
315 756 32.654 78.363
310 757 32.136 78.466
293 758 30.374 78.570
290 759 30.063 78.674
303 759 31.410 78.674
294 759 30.477 78.674
304 760 31.514 78.777
315 760 32.654 78.777
292 761 30.270 78.881
297 761 30.788 78.881
382 761 39.600 78.881
298 761 30.892 78.881
614 765 63.647 79.296
625 765 64.786 79.296
683 766 70.796 79.399
633 766 65.615 79.399
681 766 70.589 79.399
624 767 64.683 79.503
652 768 67.584 79.606
655 769 67.895 79.710
618 769 64.061 79.710
656 770 67.999 79.814
683 771 70.796 79.917
688 772 71.314 80.021
690 773 71.522 80.125
684 773 70.900 80.125
685 773 71.003 80.125
624 774 64.683 80.228
688 774 71.314 80.228
690 774 71.522 80.228
627 774 64.993 80.228
682 775 70.692 80.332
626 775 64.890 80.332
692 776 71.729 80.436
680 777 70.485 80.539
685 778 71.003 80.643
652 778 67.584 80.643
683 780 70.796 80.850
615 780 63.750 80.850
679 781 70.381 80.954
649 781 67.274 80.954
681 782 70.589 81.058
677 783 70.174 81.161
681 783 70.589 81.161
687 783 71.211 81.161
680 783 70.485 81.161
677 784 70.174 81.265
684 784 70.900 81.265
678 784 70.278 81.265
683 785 70.796 81.369
678 785 70.278 81.369
681 786 70.589 81.472
683 787 70.796 81.576
678 788 70.278 81.680
697 788 72.248 81.680
684 788 70.900 81.680
683 788 70.796 81.680
691 789 71.625 81.783
681 789 70.589 81.783
685 790 71.003 81.887
683 790 70.796 81.887
681 791 70.589 81.990
686 792 71.107 82.094
693 792 71.833 82.094
680 792 70.485 82.094
374 799 38.771 82.820
487 799 50.483 82.820
307 800 31.825 82.923
337 800 34.935 82.923
334 801 34.624 83.027
388 802 40.222 83.130
341 803 35.350 83.234
381 803 39.496 83.234
398 803 41.259 83.234
377 803 39.082 83.234
386 804 40.015 83.338
382 805 39.600 83.442
385 805 39.911 83.442
398 805 41.259 83.442
395 805 40.948 83.442
377 809 39.082 83.856
309 809 32.032 83.856
488 810 50.587 83.960
312 810 32.343 83.960
387 810 40.119 83.960
412 810 42.710 83.960
676 814 70.070 84.375
744 815 77.119 84.478
678 815 70.278 84.478
742 816 76.912 84.582
675 817 69.967 84.686
683 817 70.796 84.686
745 841 77.223 87.174
765 841 79.296 87.174
683 841 70.796 87.174
762 841 78.985 87.174
675 841 69.967 87.174
767 842 79.503 87.278
760 842 78.777 87.278
762 843 78.985 87.382
793 848 82.198 87.900
786 849 81.472 88.004
793 850 82.198 88.107
786 850 81.472 88.107
793 851 82.198 88.212
747 851 77.430 88.212
795 852 82.405 88.315
791 853 81.990 88.419
800 854 82.923 88.522
783 855 81.161 88.626
743 857 77.016 88.833
795 857 82.405 88.833
801 858 83.027 88.937
685 858 71.003 88.937
743 858 77.016 88.937
793 859 82.198 89.041
756 859 78.363 89.041
791 859 81.990 89.041
810 860 83.960 89.145
795 860 82.405 89.145
801 861 83.027 89.248
813 862 84.271 89.352
810 863 83.960 89.456
760 864 78.777 89.559
803 870 83.234 90.181
787 871 81.576 90.285
788 872 81.680 90.389
764 873 79.192 90.492
762 873 78.985 90.492
807 874 83.649 90.596
813 875 84.271 90.700
807 876 83.649 90.804
797 876 82.612 90.804
762 877 78.985 90.907
784 877 81.265 90.907
805 878 83.442 91.011
787 878 81.576 91.011
821 878 85.100 91.011
797 878 82.612 91.011
796 879 82.509 91.115
831 879 86.137 91.115
807 880 83.649 91.218
810 881 83.960 91.322
808 882 83.753 91.426
818 882 84.789 91.426
809 883 83.856 91.530
811 883 84.064 91.530
757 884 78.466 91.633
836 885 86.656 91.737
755 885 78.259 91.737
758 885 78.570 91.737
810 886 83.960 91.841
832 886 86.241 91.841
773 887 80.125 91.944
792 887 82.094 91.944
804 887 83.338 91.944
638 888 66.133 92.048
653 889 67.688 92.152
786 889 81.472 92.152
686 889 71.107 92.152
745 889 77.223 92.152
723 890 74.943 92.256
809 890 83.856 92.256
747 890 77.430 92.256
763 890 79.088 92.256
790 891 81.887 92.359
708 892 73.388 92.463
675 892 69.967 92.463
656 893 67.999 92.567
725 893 75.150 92.567
742 893 76.912 92.567
808 893 83.753 92.567
753 897 78.052 92.982
753 898 78.052 93.085
685 899 71.003 93.189
809 899 83.856 93.189
824 906 85.411 93.915
759 907 78.674 94.019
818 907 84.789 94.019
505 914 52.349 94.745
438 914 45.405 94.745
365 914 37.838 94.745
374 914 38.771 94.745
385 915 39.911 94.848
325 916 33.691 94.952
333 916 34.521 94.952
411 916 42.607 94.952
381 916 39.496 94.952
376 921 38.978 95.470
376 922 38.978 95.574
388 922 40.222 95.574
254 922 26.332 95.574
411 923 42.607 95.678
315 923 32.654 95.678
387 923 40.119 95.678
379 924 39.289 95.782
396 924 41.052 95.782
387 924 40.119 95.782
412 924 42.710 95.782
417 925 43.228 95.885
367 927 38.046 96.093
358 928 37.113 96.196
434 929 44.990 96.300
390 929 40.430 96.300
316 929 32.758 96.300
306 929 31.721 96.300
506 930 52.453 96.403
329 930 34.106 96.403
314 933 32.551 96.715
797 933 82.612 96.715
742 933 76.912 96.715
377 934 39.082 96.818
335 941 34.728 97.544
379 942 39.289 97.648
380 942 39.393 97.648
370 943 38.356 97.752
313 943 32.447 97.752
408 943 42.296 97.752
679 946 70.381 98.063
316 965 32.758 100.032
373 965 38.667 100.032
235 965 24.363 100.032
381 965 39.496 100.032
268 965 27.783 100.032
339 965 35.143 100.032
372 966 38.564 100.136
468 966 48.514 100.136
414 966 42.917 100.136
433 966 44.886 100.136
314 967 32.551 100.240
284 967 29.441 100.240
315 968 32.654 100.344
412 968 42.710 100.344
315 969 32.654 100.447
303 969 31.410 100.447
270 969 27.990 100.447
240 970 24.881 100.551
377 970 39.082 100.551
367 970 38.046 100.551
335 970 34.728 100.551
276 975 28.612 101.069
379 975 39.289 101.069
274 976 28.405 101.172
315 976 32.654 101.172
374 976 38.771 101.172
322 976 33.380 101.172
378 977 39.186 101.276
293 977 30.374 101.276
329 977 34.106 101.276
313 977 32.447 101.276
316 978 32.758 101.380
309 978 32.032 101.380
416 978 43.125 101.380
382 978 39.600 101.380
324 978 33.588 101.380
244 979 25.296 101.483
459 979 47.581 101.483
415 979 43.021 101.483
253 980 26.228 101.587
358 980 37.113 101.587
325 980 33.691 101.587
381 981 39.496 101.691
315 981 32.654 101.691
290 981 30.063 101.691
372 981 38.564 101.691
284 981 29.441 101.691
368 982 38.149 101.794
487 982 50.483 101.794
373 983 38.667 101.898
374 984 38.771 102.002
319 984 33.071 102.002
269 984 27.887 102.002
372 985 38.564 102.105
379 985 39.289 102.105
321 986 33.276 102.209
255 987 26.435 102.313
272 987 28.197 102.313
371 987 38.460 102.313
437 987 45.301 102.313
269 987 27.887 102.313
303 987 31.410 102.313
310 987 32.136 102.313
216 988 22.394 102.416
253 988 26.228 102.416
359 988 37.216 102.416
382 991 39.600 102.727
317 992 32.862 102.831
319 992 33.071 102.831
378 992 39.186 102.831
432 993 44.783 102.935
374 994 38.771 103.038
390 994 40.430 103.038
301 995 31.203 103.142
356 995 36.905 103.142
315 996 32.654 103.246
329 997 34.106 103.349
317 997 32.862 103.349
330 998 34.210 103.453
367 998 38.046 103.453
259 999 26.850 103.557
406 999 42.088 103.557
350 999 36.283 103.557
307 1000 31.825 103.660
358 1000 37.113 103.660
279 1001 28.923 103.764
363 1002 37.631 103.868
424 1003 43.954 103.971
275 1003 28.508 103.971
327 1005 33.899 104.179
380 1005 39.393 104.179
382 1006 39.600 104.282
360 1007 37.320 104.386
312 1007 32.343 104.386
349 1007 36.180 104.386
331 1007 34.314 104.386
378 1008 39.186 104.490
268 1009 27.783 104.593
315 1010 32.654 104.697
325 1010 33.691 104.697
328 1010 34.002 104.697
345 1010 35.765 104.697
394 1011 40.844 104.801
342 1011 35.454 104.801
417 1012 43.228 104.905
270 1012 27.990 104.905
388 1013 40.222 105.008
400 1013 41.466 105.008
269 1013 27.887 105.008
397 1014 41.155 105.112
391 1014 40.533 105.112
366 1015 37.942 105.216
379 1015 39.289 105.216
339 1017 35.143 105.423
400 1018 41.466 105.527
389 1018 40.326 105.527
315 1018 32.654 105.527
425 1019 44.057 105.631
381 1019 39.496 105.631
321 1019 33.276 105.631
388 1019 40.222 105.631
361 1020 37.424 105.734
325 1022 33.691 105.942
382 1022 39.600 105.942
356 1024 36.905 106.149
290 1024 30.063 106.149
239 1026 24.778 106.357
325 1027 33.691 106.461
249 1027 25.814 106.461
371 1028 38.460 106.564
374 1029 38.771 106.668
488 1030 50.587 106.772
407 1031 42.192 106.876
416 1032 43.125 106.979
377 1032 39.082 106.979
377 1034 39.082 107.187
369 1035 38.253 107.290
356 1035 36.905 107.290
359 1035 37.216 107.290
371 1035 38.460 107.290
363 1036 37.631 107.394
209 1037 21.668 107.498
374 1037 38.771 107.498
220 1037 22.808 107.498
373 1041 38.667 107.913
371 1041 38.460 107.913
377 1042 39.082 108.016
393 1044 40.741 108.224
756 1044 78.363 108.224
373 1044 38.667 108.224
743 1044 77.016 108.224
380 1045 39.393 108.328
433 1045 44.886 108.328
377 1045 39.082 108.328
377 1046 39.082 108.431
394 1046 40.844 108.431
385 1046 39.911 108.431
399 1047 41.363 108.535
487 1047 50.483 108.535
488 1048 50.587 108.639
416 1048 43.125 108.639
377 1048 39.082 108.639
428 1049 44.368 108.743
385 1049 39.911 108.743
488 1050 50.587 108.846
379 1050 39.289 108.846
380 1050 39.393 108.846
420 1051 43.539 108.950
381 1051 39.496 108.950
397 1051 41.155 108.950
372 1052 38.564 109.053
385 1053 39.911 109.157
382 1053 39.600 109.157
389 1054 40.326 109.260
352 1054 36.491 109.260
396 1054 41.052 109.260
390 1054 40.430 109.260
365 1055 37.838 109.364
379 1056 39.289 109.468
483 1057 50.069 109.572
801 1060 83.027 109.883
20 1064 2.075 110.298
664 1070 68.827 110.920
676 1070 70.070 110.920
749 1071 77.637 111.024
757 1071 78.466 111.024
753 1072 78.052 111.127
702 1072 72.766 111.127
625 1073 64.786 111.231
676 1073 70.070 111.231
630 1073 65.304 111.231
687 1073 71.211 111.231
757 1074 78.466 111.335
743 1074 77.016 111.335
757 1075 78.466 111.438
741 1075 76.808 111.438
676 1075 70.070 111.438
764 1075 79.192 111.438
753 1076 78.052 111.542
761 1076 78.881 111.542
743 1077 77.016 111.646
617 1077 63.957 111.646
678 1077 70.278 111.646
631 1078 65.408 111.749
638 1078 66.133 111.749
743 1078 77.016 111.749
652 1079 67.584 111.853
679 1079 70.381 111.853
678 1080 70.278 111.957
742 1080 76.912 111.957
656 1081 67.999 112.060
720 1081 74.632 112.060
742 1081 76.912 112.060
687 1082 71.211 112.164
678 1083 70.278 112.268
745 1083 77.223 112.268
687 1083 71.211 112.268
694 1083 71.937 112.268
745 1084 77.223 112.371
815 1084 84.478 112.371
792 1084 82.094 112.371
789 1084 81.783 112.371
760 1084 78.777 112.371
688 1084 71.314 112.371
741 1085 76.808 112.475
742 1085 76.912 112.475
755 1086 78.259 112.578
760 1086 78.777 112.578
742 1087 76.912 112.682
757 1088 78.466 112.786
743 1088 77.016 112.786
756 1088 78.363 112.786
