20 69 2.074 7.158
4 69 0.415 7.158
13 71 1.348 7.366
19 71 1.970 7.366
20 73 2.074 7.573
33 75 3.422 7.780
22 77 2.281 7.988
22 80 2.281 8.299
13 83 1.348 8.610
13 86 1.348 8.921
46 89 4.771 9.232
1 89 0.104 9.232
15 92 1.555 9.542
22 94 2.281 9.750
22 96 2.281 9.957
7 96 0.726 9.957
48 96 4.979 9.957
7 98 0.726 10.164
24 100 2.488 10.371
20 102 2.074 10.579
48 104 4.979 10.786
56 104 5.809 10.786
28 106 2.903 10.994
46 106 4.771 10.994
13 106 1.348 10.994
48 108 4.979 11.201
58 110 6.017 11.408
5 110 0.520 11.408
4 113 0.415 11.720
28 115 2.903 11.927
13 118 1.348 12.238
56 118 5.809 12.238
9 121 0.933 12.549
69 121 7.158 12.549
67 124 6.951 12.860
1 127 0.104 13.171
17 127 1.763 13.171
24 127 2.488 13.171
36 127 3.733 13.171
42 130 4.356 13.482
30 130 3.110 13.482
58 132 6.017 13.690
26 134 2.696 13.897
15 136 1.555 14.104
24 136 2.488 14.104
52 136 5.394 14.104
40 138 4.148 14.312
20 138 2.074 14.312
7 138 0.726 14.312
60 138 6.225 14.312
13 141 1.348 14.623
22 144 2.281 14.934
46 147 4.771 15.245
19 147 1.970 15.245
26 149 2.696 15.452
52 151 5.394 15.660
28 151 2.903 15.660
67 151 6.951 15.660
52 153 5.394 15.867
65 153 6.743 15.867
58 154 6.017 15.971
60 156 6.225 16.178
24 156 2.488 16.178
19 158 1.970 16.386
3 158 0.311 16.386
20 160 2.074 16.593
1 160 0.104 16.593
40 162 4.148 16.801
9 164 0.933 17.008
80 166 8.299 17.216
7 168 0.726 17.423
42 170 4.356 17.631
30 172 3.110 17.838
7 172 0.726 17.838
36 174 3.733 18.045
52 174 5.394 18.045
69 174 7.158 18.045
118 176 12.238 18.253
89 184 9.232 19.082
127 186 13.171 19.290
115 188 11.927 19.497
65 188 6.743 19.497
115 190 11.927 19.704
60 192 6.225 19.912
69 192 7.158 19.912
115 194 11.927 20.119
77 196 7.988 20.326
96 196 9.957 20.326
134 196 13.897 20.326
19 198 1.970 20.534
50 198 5.186 20.534
13 199 1.348 20.637
18 200 1.866 20.741
75 200 7.780 20.741
58 201 6.017 20.844
19 203 1.970 21.052
69 203 7.158 21.052
33 205 3.422 21.259
65 205 6.743 21.259
46 207 4.771 21.466
115 209 11.927 21.674
162 211 16.801 21.881
44 211 4.563 21.881
106 211 10.994 21.881
77 211 7.988 21.881
19 215 1.970 22.296
19 216 1.970 22.399
44 216 4.563 22.399
13 217 1.348 22.503
11 218 1.140 22.607
33 218 3.422 22.607
156 224 16.178 23.228
147 224 15.245 23.228
147 227 15.245 23.539
58 230 6.017 23.850
113 232 11.720 24.057
28 232 2.903 24.057
153 234 15.867 24.265
48 234 4.979 24.265
36 234 3.733 24.265
138 236 14.312 24.472
178 238 18.460 24.679
102 238 10.579 24.679
156 241 16.178 24.990
96 241 9.957 24.990
108 243 11.201 25.197
89 246 9.232 25.508
162 249 16.801 25.819
75 249 7.780 25.819
77 254 7.988 26.337
154 254 15.971 26.337
104 256 10.786 26.545
201 258 20.844 26.752
69 258 7.158 26.752
108 258 11.201 26.752
172 269 17.838 27.893
196 269 20.326 27.893
149 272 15.452 28.204
94 275 9.750 28.515
170 275 17.631 28.515
170 277 17.631 28.723
104 277 10.786 28.723
132 277 13.690 28.723
104 279 10.786 28.930
192 280 19.912 29.034
172 281 17.838 29.138
162 283 16.801 29.345
86 285 8.921 29.553
196 285 20.326 29.553
130 285 13.482 29.553
151 285 15.660 29.553
71 293 7.366 30.383
153 295 15.867 30.590
83 295 8.610 30.590
141 298 14.623 30.902
80 300 8.299 31.109
153 302 15.867 31.316
52 302 5.394 31.316
60 302 6.225 31.316
67 302 6.951 31.316
196 308 20.326 31.939
180 308 18.667 31.939
199 310 20.637 32.146
162 310 16.801 32.146
154 312 15.971 32.354
151 312 15.660 32.354
166 312 17.216 32.354
198 314 20.534 32.561
102 320 10.579 33.183
200 329 20.741 34.116
194 340 20.119 35.256
172 342 17.838 35.463
246 347 25.508 35.981
194 353 20.119 36.603
141 354 14.623 36.707
200 360 20.741 37.329
190 360 19.704 37.329
214 360 22.192 37.329
178 373 18.460 38.677
200 373 20.741 38.677
236 375 24.472 38.884
168 375 17.423 38.884
194 376 20.119 38.988
153 377 15.867 39.092
67 377 6.951 39.092
190 378 19.704 39.195
205 379 21.259 39.299
154 379 15.971 39.299
180 387 18.667 40.128
198 389 20.534 40.336
196 391 20.326 40.543
201 393 20.844 40.751
184 393 19.082 40.751
252 395 26.130 40.958
170 395 17.631 40.958
151 395 15.660 40.958
108 395 11.201 40.958
132 404 13.690 41.892
56 406 5.809 42.100
69 408 7.158 42.307
33 410 3.422 42.514
67 413 6.951 42.826
96 413 9.957 42.826
115 416 11.927 43.137
100 416 10.371 43.137
236 418 24.472 43.344
256 420 26.545 43.552
176 420 18.253 43.552
209 451 21.674 46.766
227 451 23.539 46.766
199 454 20.637 47.077
153 457 15.867 47.388
106 460 10.994 47.698
170 463 17.631 48.009
178 465 18.460 48.216
108 468 11.201 48.527
121 470 12.549 48.734
209 480 21.674 49.770
138 480 14.312 49.770
162 482 16.801 49.977
213 484 22.088 50.184
201 486 20.844 50.392
218 488 22.607 50.599
200 490 20.741 50.806
162 492 16.801 51.013
56 495 5.809 51.323
48 498 4.979 51.634
110 502 11.408 52.048
132 508 13.690 52.669
158 508 16.386 52.669
172 508 17.838 52.669
164 513 17.008 53.188
48 513 4.979 53.188
426 549 44.174 56.926
373 549 38.677 56.926
393 597 40.751 61.904
418 599 43.344 62.111
373 599 38.677 62.111
306 611 31.731 63.355
393 611 40.751 63.355
369 614 38.263 63.666
393 614 40.751 63.666
397 616 41.166 63.873
371 640 38.469 66.362
382 640 39.610 66.362
513 654 53.188 67.814
65 665 6.743 68.955
149 677 15.452 70.199
20 716 2.074 74.243
389 752 40.336 77.975
416 752 43.137 77.975
360 783 37.329 81.189
151 789 15.660 81.811
581 812 60.245 84.195
583 814 60.452 84.403
640 817 66.362 84.714
624 820 64.703 85.025
490 848 50.806 87.927
486 851 50.392 88.238
495 854 51.323 88.549
498 854 51.634 88.549
614 870 63.666 90.208
677 870 70.199 90.208
465 887 48.216 91.971
418 887 43.344 91.971
438 887 45.418 91.971
616 932 63.873 96.637
203 1140 21.052 118.207
200 1151 20.741 119.348
172 1153 17.838 119.555
252 1177 26.130 122.044
252 1187 26.130 123.081
174 1187 18.045 123.081
192 1187 19.912 123.081
224 1190 23.228 123.392
430 1213 44.589 125.777
1156 1278 119.867 132.517
1177 1278 122.044 132.517
1190 1278 123.392 132.517
211 1282 21.881 132.932
1146 1296 118.830 134.384
1140 1296 118.207 134.384
420 1348 43.552 139.779
1190 1546 123.392 160.314
581 1617 60.245 167.677
626 1619 64.911 167.885
674 1622 69.888 168.196
192 1700 19.912 176.285
200 1700 20.741 176.285
209 1701 21.674 176.389
194 1702 20.119 176.493
1146 1719 118.830 178.255
1290 1719 133.761 178.255
1232 1723 127.747 178.669
426 1757 44.174 182.196
60 1766 6.225 183.130
423 1766 43.863 183.130
1745 1817 180.952 188.421
151 1979 15.660 205.221
1173 2064 121.629 214.042
1266 2066 131.273 214.250
1117 2066 115.822 214.250
474 2083 49.148 216.013
218 2086 22.607 216.324
243 2086 25.197 216.324
488 2086 50.599 216.324
1296 2097 134.384 217.464
1134 2097 117.585 217.464
1225 2100 127.021 217.775
1280 2103 132.724 218.087
198 2160 20.534 223.997
180 2160 18.667 223.997
478 2174 49.563 225.449
418 2176 43.344 225.656
238 2192 24.679 227.315
176 2204 18.253 228.560
172 2206 17.838 228.768
166 2209 17.216 229.078
104 2209 10.786 229.078
115 2209 11.927 229.078
153 2211 15.867 229.286
118 2213 12.238 229.493
420 2289 43.552 237.374
186 2295 19.290 237.996
1153 2308 119.555 239.343
2103 2338 218.087 242.453
1205 2347 124.948 243.387
1205 2350 124.948 243.697
2334 2428 242.038 251.785
2350 2431 243.697 252.096
2313 2434 239.861 252.407
227 2443 23.539 253.341
2350 2449 243.697 253.963
2133 2461 221.197 255.207
2097 2461 217.464 255.207
2103 2463 218.087 255.415
2095 2464 217.257 255.519
2103 2464 218.087 255.519
2350 2474 243.697 256.556
2350 2476 243.697 256.764
2266 2524 234.989 261.741
2321 2527 240.690 262.053
2340 2527 242.661 262.053
457 2527 47.388 262.053
75 2527 7.780 262.053
156 2527 16.178 262.053
426 2530 44.174 262.364
465 2530 48.216 262.364
2342 2530 242.868 262.364
438 2533 45.418 262.675
58 2565 6.017 265.996
2253 2602 233.641 269.831
2179 2924 225.967 303.232
2056 2928 213.212 303.646
2200 2962 228.145 307.173
2183 2962 226.382 307.173
2095 3020 217.257 313.188
69 3140 7.158 325.636
2456 3187 254.689 330.511
2471 3187 256.245 330.511
2395 3190 248.363 330.822
2468 3190 255.934 330.822
2384 3194 247.223 331.236
2484 3385 257.593 351.049
2463 3388 255.415 351.360
2479 3391 257.075 351.671
2474 3394 256.556 351.982
2313 3421 239.861 354.781
2266 3425 234.989 355.197
2390 3425 247.845 355.197
2332 3515 241.831 364.537
2114 3566 219.226 369.825
2471 3603 256.245 373.661
2402 3603 249.089 373.661
2463 3605 255.415 373.868
2449 3608 253.963 374.180
2473 3611 256.452 374.491
2459 3611 255.000 374.491
2476 3614 256.764 374.801
2350 3630 243.697 376.462
2411 3635 250.022 376.980
3006 3772 311.736 391.186
2893 3773 300.015 391.290
3099 3773 321.382 391.290
3047 3773 315.989 391.290
2467 3867 255.831 401.038
2463 3869 255.415 401.245
2478 3880 256.971 402.386
2463 3882 255.415 402.593
2472 3884 256.349 402.800
2434 3884 252.407 402.800
2464 3886 255.519 403.008
2469 3889 256.037 403.319
2434 3891 252.407 403.526
2469 3891 256.037 403.526
2463 3893 255.415 403.733
2413 3896 250.229 404.045
2463 3898 255.415 404.252
3836 3940 397.824 408.607
2171 4025 225.137 417.420
2147 4027 222.649 417.627
30 4055 3.110 420.531
13 4058 1.348 420.842
26 4058 2.696 420.842
941 4210 97.571 436.610
945 4213 97.986 436.919
949 4217 98.401 437.333
