7 374 1403636859.002 1403636877.352
361 388 1403636876.702 1403636878.052
366 389 1403636876.952 1403636878.102
156 392 1403636866.452 1403636878.252
361 393 1403636876.702 1403636878.302
361 394 1403636876.702 1403636878.352
9 396 1403636859.102 1403636878.452
7 399 1403636859.002 1403636878.602
364 781 1403636876.852 1403636897.702
364 783 1403636876.852 1403636897.802
399 817 1403636878.602 1403636899.502
330 817 1403636875.152 1403636899.502
388 826 1403636878.052 1403636899.952
330 830 1403636875.152 1403636900.152
330 834 1403636875.152 1403636900.352
389 836 1403636878.102 1403636900.452
392 836 1403636878.252 1403636900.452
361 839 1403636876.702 1403636900.602
361 842 1403636876.702 1403636900.752
392 845 1403636878.252 1403636900.902
364 845 1403636876.852 1403636900.902
388 848 1403636878.052 1403636901.052
300 848 1403636873.652 1403636901.052
339 850 1403636875.602 1403636901.152
412 850 1403636879.252 1403636901.152
399 854 1403636878.602 1403636901.352
412 857 1403636879.252 1403636901.502
399 857 1403636878.602 1403636901.502
300 857 1403636873.652 1403636901.502
377 860 1403636877.502 1403636901.652
381 863 1403636877.702 1403636901.802
336 865 1403636875.452 1403636901.902
350 871 1403636876.152 1403636902.202
330 877 1403636875.152 1403636902.502
371 884 1403636877.202 1403636902.852
330 884 1403636875.152 1403636902.852
371 892 1403636877.202 1403636903.252
366 899 1403636876.952 1403636903.602
336 911 1403636875.452 1403636904.202
355 911 1403636876.402 1403636904.202
185 920 1403636867.902 1403636904.652
392 931 1403636878.252 1403636905.202
394 940 1403636878.352 1403636905.652
393 955 1403636878.302 1403636906.402
300 955 1403636873.652 1403636906.402
366 971 1403636876.952 1403636907.202
796 982 1403636898.452 1403636907.752
300 982 1403636873.652 1403636907.752
383 992 1403636877.802 1403636908.252
399 992 1403636878.602 1403636908.252
368 992 1403636877.052 1403636908.252
7 992 1403636859.002 1403636908.252
366 999 1403636876.952 1403636908.602
392 1003 1403636878.252 1403636908.802
415 1003 1403636879.402 1403636908.802
347 1008 1403636876.002 1403636909.052
394 1011 1403636878.352 1403636909.202
229 1017 1403636870.102 1403636909.502
389 1017 1403636878.102 1403636909.502
361 1017 1403636876.702 1403636909.502
368 1020 1403636877.052 1403636909.652
342 1023 1403636875.752 1403636909.802
366 1023 1403636876.952 1403636909.802
377 1025 1403636877.502 1403636909.902
368 1025 1403636877.052 1403636909.902
229 1027 1403636870.102 1403636910.002
342 1028 1403636875.752 1403636910.052
368 1028 1403636877.052 1403636910.052
355 1028 1403636876.402 1403636910.052
229 1028 1403636870.102 1403636910.052
415 1029 1403636879.402 1403636910.102
342 1029 1403636875.752 1403636910.102
371 1030 1403636877.202 1403636910.152
361 1035 1403636876.702 1403636910.402
368 1043 1403636877.052 1403636910.802
361 1049 1403636876.702 1403636911.102
229 1054 1403636870.102 1403636911.352
379 1054 1403636877.602 1403636911.352
305 1056 1403636873.902 1403636911.452
368 1057 1403636877.052 1403636911.502
399 1057 1403636878.602 1403636911.502
392 1061 1403636878.252 1403636911.702
368 1064 1403636877.052 1403636911.852
347 1064 1403636876.002 1403636911.852
368 1068 1403636877.052 1403636912.052
796 1068 1403636898.452 1403636912.052
371 1074 1403636877.202 1403636912.352
803 1074 1403636898.802 1403636912.352
339 1078 1403636875.602 1403636912.552
371 1078 1403636877.202 1403636912.552
371 1081 1403636877.202 1403636912.702
377 1084 1403636877.502 1403636912.852
374 1087 1403636877.352 1403636913.002
7 1088 1403636859.002 1403636913.052
374 1089 1403636877.352 1403636913.102
11 1089 1403636859.202 1403636913.102
383 1089 1403636877.802 1403636913.102
498 1089 1403636883.552 1403636913.102
394 1089 1403636878.352 1403636913.102
394 1091 1403636878.352 1403636913.202
812 1094 1403636899.252 1403636913.352
399 1094 1403636878.602 1403636913.352
396 1099 1403636878.452 1403636913.602
556 1103 1403636886.452 1403636913.802
344 1103 1403636875.852 1403636913.802
120 1106 1403636864.652 1403636913.952
374 1113 1403636877.352 1403636914.302
148 1113 1403636866.052 1403636914.302
148 1119 1403636866.052 1403636914.602
800 1119 1403636898.652 1403636914.602
99 1122 1403636863.602 1403636914.752
366 1129 1403636876.952 1403636915.102
481 1129 1403636882.702 1403636915.102
784 1136 1403636897.852 1403636915.452
364 1136 1403636876.852 1403636915.452
374 1139 1403636877.352 1403636915.602
784 1147 1403636897.852 1403636916.002
800 1155 1403636898.652 1403636916.402
347 1159 1403636876.002 1403636916.602
371 1159 1403636877.202 1403636916.602
393 1164 1403636878.302 1403636916.852
148 1169 1403636866.052 1403636917.102
371 1169 1403636877.202 1403636917.102
371 1172 1403636877.202 1403636917.252
781 1175 1403636897.702 1403636917.402
366 1178 1403636876.952 1403636917.552
489 1181 1403636883.102 1403636917.702
371 1181 1403636877.202 1403636917.702
366 1183 1403636876.952 1403636917.802
371 1189 1403636877.202 1403636918.102
371 1197 1403636877.202 1403636918.502
487 1200 1403636883.002 1403636918.652
857 1200 1403636901.502 1403636918.652
487 1202 1403636883.002 1403636918.752
374 1202 1403636877.352 1403636918.752
368 1204 1403636877.052 1403636918.852
379 1209 1403636877.602 1403636919.102
392 1211 1403636878.252 1403636919.202
347 1213 1403636876.002 1403636919.302
826 1215 1403636899.952 1403636919.402
229 1219 1403636870.102 1403636919.602
396 1222 1403636878.452 1403636919.752
396 1225 1403636878.452 1403636919.902
803 1232 1403636898.802 1403636920.252
806 1240 1403636898.952 1403636920.652
11 1260 1403636859.202 1403636921.652
848 1260 1403636901.052 1403636921.652
374 1260 1403636877.352 1403636921.652
865 1280 1403636901.902 1403636922.652
347 1280 1403636876.002 1403636922.652
884 1300 1403636902.852 1403636923.652
99 1300 1403636863.602 1403636923.652
342 1320 1403636875.752 1403636924.652
368 1320 1403636877.052 1403636924.652
920 1320 1403636904.652 1403636924.652
834 1340 1403636900.352 1403636925.652
848 1340 1403636901.052 1403636925.652
865 1360 1403636901.902 1403636926.652
371 1360 1403636877.202 1403636926.652
148 1380 1403636866.052 1403636927.652
1011 1400 1403636909.202 1403636928.652
1035 1420 1403636910.402 1403636929.652
826 1440 1403636899.952 1403636930.652
920 1446 1403636904.652 1403636930.952
1011 1453 1403636909.202 1403636931.302
1023 1456 1403636909.802 1403636931.452
1068 1460 1403636912.052 1403636931.652
863 1460 1403636901.802 1403636931.652
415 1460 1403636879.402 1403636931.652
826 1468 1403636899.952 1403636932.052
830 1475 1403636900.152 1403636932.402
1028 1495 1403636910.052 1403636933.402
971 1514 1403636907.202 1403636934.352
1172 1514 1403636917.252 1403636934.352
931 1518 1403636905.202 1403636934.552
830 1519 1403636900.152 1403636934.602
834 1520 1403636900.352 1403636934.652
1103 1521 1403636913.802 1403636934.702
1260 1521 1403636921.652 1403636934.702
89 1521 1403636863.102 1403636934.702
1119 1521 1403636914.602 1403636934.702
1017 1526 1403636909.502 1403636934.952
817 1529 1403636899.502 1403636935.102
1197 1532 1403636918.502 1403636935.252
148 1532 1403636866.052 1403636935.252
1023 1532 1403636909.802 1403636935.252
1103 1537 1403636913.802 1403636935.502
1189 1537 1403636918.102 1403636935.502
1089 1557 1403636913.102 1403636936.502
1197 1577 1403636918.502 1403636937.502
834 1590 1403636900.352 1403636938.152
1084 1610 1403636912.852 1403636939.152
836 1622 1403636900.452 1403636939.752
148 1638 1403636866.052 1403636940.552
860 1638 1403636901.652 1403636940.552
1159 1646 1403636916.602 1403636940.952
848 1650 1403636901.052 1403636941.152
1035 1650 1403636910.402 1403636941.152
1209 1652 1403636919.102 1403636941.252
1232 1655 1403636920.252 1403636941.402
1122 1658 1403636914.752 1403636941.552
999 1658 1403636908.602 1403636941.552
120 1659 1403636864.652 1403636941.602
1081 1659 1403636912.702 1403636941.602
1215 1659 1403636919.402 1403636941.602
1175 1660 1403636917.402 1403636941.652
1159 1660 1403636916.602 1403636941.652
899 1661 1403636903.602 1403636941.702
99 1661 1403636863.602 1403636941.702
834 1663 1403636900.352 1403636941.802
1232 1665 1403636920.252 1403636941.902
151 1669 1403636866.202 1403636942.102
1225 1669 1403636919.902 1403636942.102
884 1674 1403636902.852 1403636942.352
1094 1680 1403636913.352 1403636942.652
1068 1689 1403636912.052 1403636943.102
884 1701 1403636902.852 1403636943.702
1064 1701 1403636911.852 1403636943.702
784 1701 1403636897.852 1403636943.702
1189 1701 1403636918.102 1403636943.702
1520 1701 1403636934.652 1403636943.702
1122 1701 1403636914.752 1403636943.702
1020 1709 1403636909.652 1403636944.102
877 1741 1403636902.502 1403636945.702
830 1741 1403636900.152 1403636945.702
1023 1764 1403636909.802 1403636946.852
1164 1764 1403636916.852 1403636946.852
99 1764 1403636863.602 1403636946.852
857 1771 1403636901.502 1403636947.202
1136 1850 1403636915.452 1403636951.152
1260 1850 1403636921.652 1403636951.152
1225 1850 1403636919.902 1403636951.152
89 1855 1403636863.102 1403636951.402
783 1858 1403636897.802 1403636951.552
1103 1858 1403636913.802 1403636951.552
1025 1858 1403636909.902 1403636951.552
971 1858 1403636907.202 1403636951.552
899 1858 1403636903.602 1403636951.552
415 1858 1403636879.402 1403636951.552
1197 1860 1403636918.502 1403636951.652
1164 1860 1403636916.852 1403636951.652
826 1863 1403636899.952 1403636951.802
1119 1863 1403636914.602 1403636951.802
1087 1863 1403636913.002 1403636951.802
931 1871 1403636905.202 1403636952.202
1215 1871 1403636919.402 1403636952.202
1011 1875 1403636909.202 1403636952.402
826 1878 1403636899.952 1403636952.552
1084 1878 1403636912.852 1403636952.552
892 1880 1403636903.252 1403636952.652
836 1881 1403636900.452 1403636952.702
148 1884 1403636866.052 1403636952.852
826 1889 1403636899.952 1403636953.102
1200 1889 1403636918.652 1403636953.102
1113 1889 1403636914.302 1403636953.102
1020 1889 1403636909.652 1403636953.102
1159 1891 1403636916.602 1403636953.202
1113 1898 1403636914.302 1403636953.552
826 1901 1403636899.952 1403636953.702
1119 1902 1403636914.602 1403636953.752
1119 1904 1403636914.602 1403636953.852
1020 1904 1403636909.652 1403636953.852
865 1904 1403636901.902 1403636953.852
1147 1910 1403636916.002 1403636954.152
1020 1910 1403636909.652 1403636954.152
1106 1913 1403636913.952 1403636954.302
992 1913 1403636908.252 1403636954.302
151 1913 1403636866.202 1403636954.302
1088 1920 1403636913.052 1403636954.652
1129 1924 1403636915.102 1403636954.852
1209 1924 1403636919.102 1403636954.852
481 1927 1403636882.702 1403636955.002
911 1927 1403636904.202 1403636955.002
1169 1927 1403636917.102 1403636955.002
1020 1928 1403636909.652 1403636955.052
920 1932 1403636904.652 1403636955.252
1189 1932 1403636918.102 1403636955.252
1020 1933 1403636909.652 1403636955.302
826 1933 1403636899.952 1403636955.302
1172 1933 1403636917.252 1403636955.302
865 1933 1403636901.902 1403636955.302
1043 1937 1403636910.802 1403636955.502
1020 1944 1403636909.652 1403636955.852
1178 1944 1403636917.552 1403636955.852
999 1948 1403636908.602 1403636956.052
1020 1949 1403636909.652 1403636956.102
1136 1949 1403636915.452 1403636956.102
834 1951 1403636900.352 1403636956.202
955 1953 1403636906.402 1403636956.302
1139 1953 1403636915.602 1403636956.302
151 1953 1403636866.202 1403636956.302
1008 1955 1403636909.052 1403636956.402
1020 1957 1403636909.652 1403636956.502
931 1957 1403636905.202 1403636956.502
1106 1961 1403636913.952 1403636956.702
931 1965 1403636905.202 1403636956.902
992 1965 1403636908.252 1403636956.902
1172 1965 1403636917.252 1403636956.902
151 1967 1403636866.202 1403636957.002
848 1967 1403636901.052 1403636957.002
971 1971 1403636907.202 1403636957.202
1213 1974 1403636919.302 1403636957.352
1215 1974 1403636919.402 1403636957.352
836 1976 1403636900.452 1403636957.452
148 1981 1403636866.052 1403636957.702
1094 1982 1403636913.352 1403636957.752
1081 1982 1403636912.702 1403636957.752
1057 1982 1403636911.502 1403636957.752
1057 1984 1403636911.502 1403636957.852
89 1985 1403636863.102 1403636957.902
857 1985 1403636901.502 1403636957.902
1057 1985 1403636911.502 1403636957.902
148 1985 1403636866.052 1403636957.902
1106 1987 1403636913.952 1403636958.002
931 1991 1403636905.202 1403636958.202
89 1994 1403636863.102 1403636958.352
826 1994 1403636899.952 1403636958.352
940 2014 1403636905.652 1403636959.352
1064 2022 1403636911.852 1403636959.752
955 2036 1403636906.402 1403636960.452
1087 2045 1403636913.002 1403636960.902
99 2051 1403636863.602 1403636961.202
809 2051 1403636899.102 1403636961.202
845 2051 1403636900.902 1403636961.202
1003 2051 1403636908.802 1403636961.202
812 2060 1403636899.252 1403636961.652
1049 2060 1403636911.102 1403636961.652
1027 2062 1403636910.002 1403636961.752
148 2065 1403636866.052 1403636961.902
1965 2076 1403636956.902 1403636962.452
1889 2076 1403636953.102 1403636962.452
1965 2079 1403636956.902 1403636962.602
1971 2084 1403636957.202 1403636962.852
1610 2084 1403636939.152 1403636962.852
1537 2098 1403636935.502 1403636963.552
1920 2098 1403636954.652 1403636963.552
1967 2098 1403636957.002 1403636963.552
1557 2107 1403636936.502 1403636964.002
1827 2107 1403636950.002 1403636964.002
1981 2107 1403636957.702 1403636964.002
1976 2109 1403636957.452 1403636964.102
1526 2109 1403636934.952 1403636964.102
1953 2109 1403636956.302 1403636964.102
1520 2119 1403636934.652 1403636964.602
1520 2124 1403636934.652 1403636964.852
1937 2124 1403636955.502 1403636964.852
1982 2130 1403636957.752 1403636965.152
1709 2132 1403636944.102 1403636965.252
1933 2133 1403636955.302 1403636965.302
1985 2133 1403636957.902 1403636965.302
1904 2136 1403636953.852 1403636965.452
2014 2156 1403636959.352 1403636966.452
1446 2164 1403636930.952 1403636966.852
1965 2164 1403636956.902 1403636966.852
1976 2164 1403636957.452 1403636966.852
2062 2187 1403636961.752 1403636968.002
1982 2187 1403636957.752 1403636968.002
1838 2187 1403636950.552 1403636968.002
920 2187 1403636904.652 1403636968.002
877 2194 1403636902.502 1403636968.352
1797 2194 1403636948.502 1403636968.352
1984 2194 1403636957.852 1403636968.352
1984 2209 1403636957.852 1403636969.102
1984 2211 1403636957.852 1403636969.202
1961 2215 1403636956.702 1403636969.402
1910 2219 1403636954.152 1403636969.602
1951 2230 1403636956.202 1403636970.152
1913 2230 1403636954.302 1403636970.152
1961 2232 1403636956.702 1403636970.252
1881 2234 1403636952.702 1403636970.352
1974 2234 1403636957.352 1403636970.352
1577 2236 1403636937.502 1403636970.452
1987 2236 1403636958.002 1403636970.452
1521 2236 1403636934.702 1403636970.452
2060 2240 1403636961.652 1403636970.652
2067 2244 1403636962.002 1403636970.852
1920 2244 1403636954.652 1403636970.852
1985 2251 1403636957.902 1403636971.202
1460 2260 1403636931.652 1403636971.652
1460 2296 1403636931.652 1403636973.452
1590 2296 1403636938.152 1403636973.452
1709 2296 1403636944.102 1403636973.452
1920 2296 1403636954.652 1403636973.452
1858 2296 1403636951.552 1403636973.452
1797 2316 1403636948.502 1403636974.452
1889 2324 1403636953.102 1403636974.852
1901 2329 1403636953.702 1403636975.102
1557 2335 1403636936.502 1403636975.402
1526 2341 1403636934.952 1403636975.702
1577 2346 1403636937.502 1403636975.952
850 2376 1403636901.152 1403636977.452
1068 2381 1403636912.052 1403636977.702
1011 2381 1403636909.202 1403636977.702
834 2381 1403636900.352 1403636977.702
1020 2383 1403636909.652 1403636977.802
1119 2390 1403636914.602 1403636978.152
1197 2390 1403636918.502 1403636978.152
1094 2390 1403636913.352 1403636978.152
1537 2396 1403636935.502 1403636978.452
1139 2396 1403636915.602 1403636978.452
2164 2396 1403636966.852 1403636978.452
1520 2398 1403636934.652 1403636978.552
1610 2400 1403636939.152 1403636978.652
1119 2404 1403636914.602 1403636978.852
1590 2405 1403636938.152 1403636978.902
1094 2406 1403636913.352 1403636978.952
1068 2407 1403636912.052 1403636979.002
2187 2407 1403636968.002 1403636979.002
1520 2408 1403636934.652 1403636979.052
1178 2409 1403636917.552 1403636979.102
854 2410 1403636901.352 1403636979.152
2156 2414 1403636966.452 1403636979.352
1519 2424 1403636934.602 1403636979.852
1520 2429 1403636934.652 1403636980.102
871 2444 1403636902.202 1403636980.852
2228 2447 1403636970.052 1403636981.002
830 2447 1403636900.152 1403636981.002
2251 2450 1403636971.202 1403636981.152
955 2450 1403636906.402 1403636981.152
1232 2450 1403636920.252 1403636981.152
836 2454 1403636900.452 1403636981.352
1260 2458 1403636921.652 1403636981.552
842 2458 1403636900.752 1403636981.552
2260 2458 1403636971.652 1403636981.552
1155 2458 1403636916.402 1403636981.552
1119 2460 1403636914.602 1403636981.652
2228 2460 1403636970.052 1403636981.652
2228 2463 1403636970.052 1403636981.802
1122 2464 1403636914.752 1403636981.852
1514 2464 1403636934.352 1403636981.852
1514 2466 1403636934.352 1403636981.952
2194 2476 1403636968.352 1403636982.452
2194 2477 1403636968.352 1403636982.502
2230 2479 1403636970.152 1403636982.602
2211 2482 1403636969.202 1403636982.752
2228 2482 1403636970.052 1403636982.752
1215 2482 1403636919.402 1403636982.752
1087 2482 1403636913.002 1403636982.752
834 2482 1403636900.352 1403636982.752
1030 2482 1403636910.152 1403636982.752
293 2482 1403636873.302 1403636982.752
931 2483 1403636905.202 1403636982.802
1035 2486 1403636910.402 1403636982.952
1175 2486 1403636917.402 1403636982.952
1420 2491 1403636929.652 1403636983.202
2228 2491 1403636970.052 1403636983.202
2211 2491 1403636969.202 1403636983.202
1057 2491 1403636911.502 1403636983.202
1008 2494 1403636909.052 1403636983.352
2240 2494 1403636970.652 1403636983.352
834 2494 1403636900.352 1403636983.352
842 2496 1403636900.752 1403636983.452
2215 2499 1403636969.402 1403636983.602
842 2499 1403636900.752 1403636983.602
2226 2504 1403636969.952 1403636983.852
1011 2504 1403636909.202 1403636983.852
2228 2506 1403636970.052 1403636983.952
1043 2507 1403636910.802 1403636984.002
1020 2507 1403636909.652 1403636984.002
836 2507 1403636900.452 1403636984.002
487 2507 1403636883.002 1403636984.002
2244 2508 1403636970.852 1403636984.052
2230 2508 1403636970.152 1403636984.052
2194 2508 1403636968.352 1403636984.052
2194 2511 1403636968.352 1403636984.202
2244 2513 1403636970.852 1403636984.302
2226 2516 1403636969.952 1403636984.452
1557 2521 1403636936.502 1403636984.702
1495 2523 1403636933.402 1403636984.802
1610 2525 1403636939.152 1403636984.902
1557 2526 1403636936.502 1403636984.952
2136 2526 1403636965.452 1403636984.952
1280 2526 1403636922.652 1403636984.952
1495 2526 1403636933.402 1403636984.952
1068 2526 1403636912.052 1403636984.952
1526 2527 1403636934.952 1403636985.002
1610 2528 1403636939.152 1403636985.052
2240 2530 1403636970.652 1403636985.152
120 2531 1403636864.652 1403636985.202
1526 2531 1403636934.952 1403636985.202
1056 2531 1403636911.452 1403636985.202
2316 2533 1403636974.452 1403636985.302
89 2533 1403636863.102 1403636985.302
1089 2533 1403636913.102 1403636985.302
1280 2537 1403636922.652 1403636985.502
1529 2537 1403636935.102 1403636985.502
1646 2537 1403636940.952 1403636985.502
1213 2537 1403636919.302 1403636985.502
2230 2537 1403636970.152 1403636985.502
1084 2537 1403636912.852 1403636985.502
2230 2540 1403636970.152 1403636985.652
2200 2554 1403636968.652 1403636986.352
2194 2558 1403636968.352 1403636986.552
857 2558 1403636901.502 1403636986.552
2211 2562 1403636969.202 1403636986.752
2251 2562 1403636971.202 1403636986.752
2251 2567 1403636971.202 1403636987.002
1420 2569 1403636929.652 1403636987.102
1147 2573 1403636916.002 1403636987.302
2346 2573 1403636975.952 1403636987.302
1136 2584 1403636915.452 1403636987.852
1878 2584 1403636952.552 1403636987.852
1577 2584 1403636937.502 1403636987.852
1933 2587 1403636955.302 1403636988.002
2187 2587 1403636968.002 1403636988.002
2232 2587 1403636970.252 1403636988.002
2234 2590 1403636970.352 1403636988.152
2215 2590 1403636969.402 1403636988.152
2230 2595 1403636970.152 1403636988.402
1113 2602 1403636914.302 1403636988.752
2220 2611 1403636969.652 1403636989.202
1028 2617 1403636910.052 1403636989.502
2251 2617 1403636971.202 1403636989.502
1225 2617 1403636919.902 1403636989.502
1933 2617 1403636955.302 1403636989.502
1054 2640 1403636911.352 1403636990.652
877 2642 1403636902.502 1403636990.752
1646 2642 1403636940.952 1403636990.752
2230 2645 1403636970.152 1403636990.902
871 2645 1403636902.202 1403636990.902
2211 2648 1403636969.202 1403636991.052
830 2648 1403636900.152 1403636991.052
863 2648 1403636901.802 1403636991.052
1139 2648 1403636915.602 1403636991.052
1017 2648 1403636909.502 1403636991.052
1119 2650 1403636914.602 1403636991.152
1646 2653 1403636940.952 1403636991.302
1526 2653 1403636934.952 1403636991.302
1089 2658 1403636913.102 1403636991.552
1520 2658 1403636934.652 1403636991.552
2194 2658 1403636968.352 1403636991.552
1520 2660 1403636934.652 1403636991.652
1061 2660 1403636911.702 1403636991.652
2198 2660 1403636968.552 1403636991.652
1529 2666 1403636935.102 1403636991.952
2329 2666 1403636975.102 1403636991.952
151 2690 1403636866.202 1403636993.152
1953 2738 1403636956.302 1403636995.552
1855 2760 1403636951.402 1403636996.652
1638 2765 1403636940.552 1403636996.902
1957 2765 1403636956.502 1403636996.902
1898 2765 1403636953.552 1403636996.902
2071 2765 1403636962.202 1403636996.902
1957 2768 1403636956.502 1403636997.052
1741 2773 1403636945.702 1403636997.302
1889 2775 1403636953.102 1403636997.402
1944 2779 1403636955.852 1403636997.602
1674 2779 1403636942.352 1403636997.602
1526 2789 1403636934.952 1403636998.102
1526 2795 1403636934.952 1403636998.402
1965 2799 1403636956.902 1403636998.602
1526 2799 1403636934.952 1403636998.602
1971 2809 1403636957.202 1403636999.102
1913 2809 1403636954.302 1403636999.102
1520 2809 1403636934.652 1403636999.102
1817 2809 1403636949.502 1403636999.102
1215 2809 1403636919.402 1403636999.102
1537 2817 1403636935.502 1403636999.502
1889 2817 1403636953.102 1403636999.502
1889 2823 1403636953.102 1403636999.802
1215 2823 1403636919.402 1403636999.802
1590 2829 1403636938.152 1403637000.102
1209 2834 1403636919.102 1403637000.352
1889 2838 1403636953.102 1403637000.552
1440 2838 1403636930.652 1403637000.552
1537 2841 1403636935.502 1403637000.702
1976 2841 1403636957.452 1403637000.702
1860 2844 1403636951.652 1403637000.852
1961 2844 1403636956.702 1403637000.852
1164 2844 1403636916.852 1403637000.852
1981 2848 1403636957.702 1403637001.052
1961 2848 1403636956.702 1403637001.052
2226 2856 1403636969.952 1403637001.452
1944 2856 1403636955.852 1403637001.452
1456 2862 1403636931.452 1403637001.752
1456 2866 1403636931.452 1403637001.952
1320 2866 1403636924.652 1403637001.952
1953 2870 1403636956.302 1403637002.152
1971 2877 1403636957.202 1403637002.502
2215 2881 1403636969.402 1403637002.702
1953 2881 1403636956.302 1403637002.702
1380 2889 1403636927.652 1403637003.102
1456 2889 1403636931.452 1403637003.102
1961 2895 1403636956.702 1403637003.402
1197 2895 1403636918.502 1403637003.402
1984 2895 1403636957.852 1403637003.402
1380 2904 1403636927.652 1403637003.852
1881 2904 1403636952.702 1403637003.852
1957 2904 1403636956.502 1403637003.852
1933 2908 1403636955.302 1403637004.052
1663 2908 1403636941.802 1403637004.052
1529 2908 1403636935.102 1403637004.052
1215 2908 1403636919.402 1403637004.052
1881 2910 1403636952.702 1403637004.152
1680 2919 1403636942.652 1403637004.602
1889 2922 1403636953.102 1403637004.752
1280 2924 1403636922.652 1403637004.852
1913 2925 1403636954.302 1403637004.902
2130 2925 1403636965.152 1403637004.902
1855 2925 1403636951.402 1403637004.902
2062 2925 1403636961.752 1403637004.902
1175 2927 1403636917.402 1403637005.002
1520 2927 1403636934.652 1403637005.002
2060 2927 1403636961.652 1403637005.002
1927 2927 1403636955.002 1403637005.002
1665 2927 1403636941.902 1403637005.002
1232 2928 1403636920.252 1403637005.052
1817 2930 1403636949.502 1403637005.152
2215 2936 1403636969.402 1403637005.452
1057 2953 1403636911.502 1403637006.302
1967 2953 1403636957.002 1403637006.302
1056 2967 1403636911.452 1403637007.002
2133 2976 1403636965.302 1403637007.452
1991 2976 1403636958.202 1403637007.452
1981 2978 1403636957.702 1403637007.552
1320 2978 1403636924.652 1403637007.552
2234 2981 1403636970.352 1403637007.702
1981 2981 1403636957.702 1403637007.702
1663 2981 1403636941.802 1403637007.702
1225 2983 1403636919.902 1403637007.802
1068 2983 1403636912.052 1403637007.802
1933 2983 1403636955.302 1403637007.802
2062 2989 1403636961.752 1403637008.102
2496 2989 1403636983.452 1403637008.102
1456 2989 1403636931.452 1403637008.102
2209 2989 1403636969.102 1403637008.102
1232 2989 1403636920.252 1403637008.102
1003 2989 1403636908.802 1403637008.102
1881 2989 1403636952.702 1403637008.102
1976 2989 1403636957.452 1403637008.102
1164 2989 1403636916.852 1403637008.102
1068 2996 1403636912.052 1403637008.452
1178 2996 1403636917.552 1403637008.452
1103 2996 1403636913.802 1403637008.452
1088 2998 1403636913.052 1403637008.552
1057 3003 1403636911.502 1403637008.802
1017 3003 1403636909.502 1403637008.802
2130 3003 1403636965.152 1403637008.802
