9 50 0.937 5.192
17 54 1.769 5.607
15 56 1.561 5.815
13 58 1.353 6.022
9 60 0.937 6.230
17 63 1.769 6.541
4 76 0.416 7.888
13 76 1.353 7.888
5 79 0.520 8.199
17 82 1.769 8.511
31 84 3.220 8.718
9 84 0.937 8.718
9 86 0.937 8.926
8 87 0.832 9.030
17 89 1.769 9.237
15 91 1.561 9.445
23 93 2.391 9.652
17 95 1.769 9.860
4 97 0.416 10.067
13 100 1.353 10.379
23 103 2.391 10.690
27 106 2.806 11.002
27 109 2.806 11.313
9 109 0.937 11.313
15 113 1.561 11.728
5 118 0.520 12.246
35 118 3.635 12.246
23 123 2.391 12.765
45 127 4.672 13.180
58 131 6.022 13.595
50 131 5.192 13.595
63 135 6.541 14.010
27 135 2.806 14.010
31 138 3.220 14.322
72 140 7.474 14.529
27 140 2.806 14.529
27 142 2.806 14.737
87 145 9.030 15.048
60 145 6.230 15.048
13 148 1.353 15.360
4 151 0.416 15.671
15 153 1.561 15.878
79 155 8.199 16.086
76 156 7.888 16.190
87 158 9.030 16.397
31 158 3.220 16.397
106 158 11.002 16.397
113 160 11.728 16.605
11 160 1.145 16.605
97 164 10.067 17.020
31 164 3.220 17.020
40 168 4.153 17.435
27 168 2.806 17.435
118 172 12.246 17.851
95 172 9.860 17.851
97 176 10.067 18.266
82 179 8.511 18.577
40 182 4.153 18.889
86 182 8.926 18.889
93 184 9.652 19.096
127 184 13.180 19.096
67 184 6.956 19.096
65 186 6.748 19.304
91 188 9.445 19.511
11 189 1.145 19.615
82 189 8.511 19.615
84 189 8.718 19.615
84 191 8.718 19.822
17 194 1.769 20.133
93 194 9.652 20.133
106 194 11.002 20.133
72 194 7.474 20.133
84 196 8.718 20.340
9 196 0.937 20.340
151 198 15.671 20.548
153 206 15.878 21.379
113 206 11.728 21.379
58 208 6.022 21.586
76 211 7.888 21.898
67 211 6.956 21.898
91 215 9.445 22.314
153 215 15.878 22.314
127 218 13.180 22.625
160 222 16.605 23.040
76 222 7.888 23.040
131 226 13.595 23.455
140 229 14.529 23.766
156 232 16.190 24.077
158 235 16.397 24.388
164 237 17.020 24.595
109 239 11.313 24.803
118 242 12.246 25.114
155 245 16.086 25.426
58 248 6.022 25.737
168 262 17.435 27.189
140 262 14.529 27.189
156 272 16.190 28.227
200 275 20.755 28.539
196 278 20.340 28.850
148 281 15.360 29.161
118 284 12.246 29.473
65 287 6.748 29.784
176 287 18.266 29.784
184 287 19.096 29.784
160 287 16.605 29.784
140 287 14.529 29.784
65 291 6.748 30.199
87 294 9.030 30.510
151 297 15.671 30.821
97 300 10.067 31.133
67 300 6.956 31.133
151 304 15.671 31.547
84 304 8.718 31.547
60 308 6.230 31.962
67 312 6.956 32.377
45 316 4.672 32.792
4 320 0.416 33.207
9 320 0.937 33.207
86 330 8.926 34.244
265 370 27.500 38.393
256 373 26.567 38.705
206 375 21.379 38.913
235 375 24.388 38.913
287 375 29.784 38.913
262 375 27.189 38.913
151 378 15.671 39.225
256 378 26.567 39.225
142 382 14.737 39.640
265 402 27.500 41.714
256 441 26.567 45.760
204 441 21.171 45.760
297 441 30.821 45.760
211 444 21.898 46.071
344 444 35.696 46.071
259 444 26.878 46.071
272 447 28.227 46.383
156 447 16.190 46.383
259 450 26.878 46.694
140 466 14.529 48.355
148 470 15.360 48.770
172 470 17.851 48.770
168 470 17.435 48.770
373 486 38.705 50.429
326 486 33.829 50.429
351 488 36.422 50.636
153 496 15.878 51.466
182 496 18.889 51.466
140 499 14.529 51.777
312 691 32.377 71.697
287 691 29.784 71.697
278 694 28.850 72.008
337 698 34.970 72.423
268 709 27.812 73.565
252 711 26.152 73.773
291 711 30.199 73.773
334 711 34.659 73.773
235 713 24.388 73.981
262 713 27.189 73.981
176 715 18.266 74.188
237 715 24.595 74.188
239 715 24.803 74.188
148 718 15.360 74.500
211 718 21.898 74.500
211 727 21.898 75.435
278 730 28.850 75.746
198 730 20.548 75.746
375 733 38.913 76.057
259 733 26.878 76.057
262 733 27.189 76.057
351 733 36.422 76.057
347 736 36.007 76.368
297 736 30.821 76.368
323 739 33.518 76.679
256 743 26.567 77.093
287 743 29.784 77.093
272 746 28.227 77.404
245 750 25.426 77.819
284 754 29.473 78.234
366 757 37.978 78.545
323 757 33.518 78.545
320 760 33.207 78.856
297 763 30.821 79.167
252 765 26.152 79.374
358 765 37.148 79.374
252 767 26.152 79.582
272 767 28.227 79.582
259 769 26.878 79.789
294 769 30.510 79.789
109 769 11.313 79.789
97 772 10.067 80.101
284 815 29.473 84.559
259 815 26.878 84.559
211 815 21.898 84.559
275 815 28.539 84.559
328 817 34.037 84.767
412 820 42.751 85.078
291 833 30.199 86.426
265 836 27.500 86.737
297 838 30.821 86.944
378 840 39.225 87.151
354 842 36.733 87.359
709 861 73.565 89.336
594 861 61.634 89.336
767 871 79.582 90.375
772 877 80.101 90.998
351 926 36.422 96.078
823 935 85.389 97.011
823 953 85.389 98.879
813 1005 84.352 104.271
805 1039 83.523 107.798
703 1055 72.942 109.458
840 1055 87.151 109.458
807 1055 83.730 109.458
772 1059 80.101 109.872
259 1082 26.878 112.257
733 1082 76.057 112.257
724 1085 75.123 112.568
805 1089 83.523 112.983
727 1181 75.435 122.524
